248 16260
38 248
1 38
38 1
1 1
315.34 216.74 284.33 187.07 163.37 236.13 369.27 320.37 156.01 36.169 38.002 84.798 42.14 69.913 23.183 56.506 37.094 50.486 60.771 39.97 53.038 30.566 47.836 46.613 55.273 30.679 23.27 324.37 373.56 353.63 394.96 244.98 227.74 280.69 496.33 425.54 131.9 34.685 37.803 64.178 43.513 58.446 33.671 43.318 34.378 44.536 47.841 37.541 43.069 27.374 43.12 39.823 67.756 28.914 35.208 405.93 839.17 510.79 160.39 176.69 60.256 26.194 66.55 38.942 200.78 184.77 38.194 12.586 10.424 135.16 65.333 64.134 24.662 41.348 34.834 13.958 48.576 64.646 35.668 43.599 28.987 32.76 21.233 26.717 10.568 11.355 329.73 92.483 212.55 403.41 217.99 283.35 284.98 306.53 191.51 243.28 251.87 466.34 359.04 108.15 34.473 22.551 54.756 35.004 48.983 28.645 37.748 27.358 35.457 40.595 30.673 36.316 21.83 34.894 31.179 52.653 25.264 27.607 373.59 360.35 384.99 312.47 274.7 331.74 226.03 308.38 309.14 197.44 49.459 45.719 115.26 45.331 64.752 50.27 51.804 46.767 61.823 69.666 49.153 67.219 38.583 43.696 33.939 56.023 48.658 56.021 325.69 455.74 472.15 391.11 239.75 357.93 291.03 534.27 439.27 151.63 38.902 48.889 123.42 29.889 67.503 40.028 62.951 41.734 54.155 56.675 43.758 54.007 37.196 48.059 30.573 76.201 51.523 84.712 465.39 864.25 614.83 285.98 262.74 104.76 39.329 82.752 56.077 234.2 288.53 35.668 16.858 18.723 127.72 54.377 102.9 28.934 67.431 59.647 13.74 26.62 42.521 47.004 76.765 52.94 58.4 35.008 38.803 23.658 28.134 396.68 132.57 382.73 387.27 208.08 372.56 493.15 310.29 185.42 290.6 281.31 532.05 322.93 137.53 32.802 34.513 82.129 26.866 58.582 33.281 40.019 34.257 51 54.982 52.348 54.853 42.246 47.265 31.266 67.238 47.959 68.869 452.29 0.087403 0.60691 0.97853 0.15786 1.1639 0.17192 0.084047 0.53668 0.14292 0.47967
2210.1 1560.5 1219.6 1100.8 1143.1 947.17 1277.3 1134.8 813.16 282.43 301.63 518.44 320.54 465.34 337.81 430.96 310.45 356.09 429.08 304.84 363.41 247.99 381.44 318.94 586.36 326.36 405.12 1685.4 2130.7 1491.7 1202 1098 1156.2 1034.3 1723.8 1140.9 576.72 199.21 229.73 362.61 223.19 355.16 209.73 318.52 209.4 323.11 362.39 259.69 316.53 209.22 326.88 267.75 446.84 256.66 313.18 2258.6 3586.3 1265.7 1159.7 796.1 548.95 379.19 323.15 418.33 816.59 601.87 348.26 162.67 173.57 933.36 411.85 335.84 201.2 361.26 247.36 193.17 227.27 370.39 222.75 321.19 225.42 250.95 180.86 221.03 105.11 108.67 952.07 594.33 1300.1 1718.5 1091.4 2163.6 1504.6 1236.9 1121.7 1299.3 1105.9 1901 1297.8 540.73 199.71 243.12 333.76 244.06 381.56 250.42 328.69 275.32 321.51 421.08 341.46 369.59 252.74 336.92 282.8 473.08 267.48 365.45 2607.9 1993.9 1445.3 1139.9 1023.6 1098.4 882.22 1641 1281.4 748.79 241.79 254.32 501.9 257.13 379.08 279.98 357.06 267.12 356.87 394.87 277.28 353.89 259.77 311.86 277.64 454.21 324.42 662.94 2041.9 2009.3 1310.8 1050.4 937.8 1061.6 906.97 2212.2 1336.3 540.4 189.31 197.23 314.71 189.84 254.55 184.76 256.3 197.01 235.9 292.97 253.9 264.98 202.27 218.03 162.83 283.84 219.59 424.61 2759.7 3664 1232.2 1069.7 818.74 527.92 362.08 312.04 370.26 975.62 658.39 319.42 136.77 146.05 855.58 372.94 334.63 196.26 357.54 242.4 161.19 170.5 261.43 176.75 273.58 199.47 250.48 140.96 206.08 123.5 161.67 1105.6 583.1 1169.7 1616.9 1014.5 2040.6 1378.1 1094 1001.8 1144.3 950.53 2623.5 1561.5 582.05 192.09 197.76 320.76 196.14 251.39 224.96 270.41 202.63 255.21 328.5 290.79 368.26 247.54 244.85 196.03 327.37 228.06 466.81 3248.4 1.6477 11.441 11.898 1.8633 6.9971 2.0847 1.0219 6.3347 0.85914 5.8168
0
3.4999e-05
0.12654 0.0085349 0.11923 -0.035279 0.018071 -0.15042 -0.052132 -0.053741 -0.16474 0.068326 -0.10824 -0.0072139 0.11016 0.099902 -0.038468 0.084516 0.086998 -0.099466 0.13981 0.098438 -0.08348 -0.12772 -0.09469 0.13086 0.11212 0.057078 0.10981 0.070747 0.13873 -0.053463 -0.0035945 0.054398 0.021526 0.059637 -0.064529 -0.15065 0.10921 0.01843 -0.13111 0.099094 0.056786 0.039603 0.13381 -0.15726 -0.039458 0.036676 -0.053505 -0.12932 0.07153 0.12768 0.015225 0.15011 0.028267 0.050887 0.08368 0.078169 0.020122 -0.03305 0.09978 0.013328 -0.092101 -0.098546 -0.14944 -0.029785 -0.12034 -0.1631 0.089264 -0.019885 -0.092641 -0.14417 0.005746 -0.084601 0.029427 0.086776 0.028505 0.01207 -0.094534 0.026426 -0.04997 0.011568 -0.035574 -0.11942 -0.0072875 0.027237 -0.013577 -0.10004 0.051812 0.01315 -0.065261 -0.083305 -0.12252 0.040424 -0.0071559 0.024111 -0.13539 0.088589 0.076408 -0.045779 -0.02262 -0.04083 0.14874 -0.11576 0.040758 0.16129 0.085591 0.13786 -0.0091284 -0.096172 0.13468 -0.13443 -0.048693 -0.16471 0.06733 -0.096122 0.051737 -0.0062952 -0.076757 0.067151 0.10525 0.071835 0.10605 -0.13912 -0.10155 -0.084833 -0.077515 0.10005 -0.13534 0.14846 0.068834 0.14024 0.10889 0.075345 -0.041514 0.1231 0.12325 -0.077935 0.11056 0.024176 0.13331 0.0057675 -0.0093651 0.069385 -0.090048 0.042391 -0.10976 -0.016376 0.09372 -0.10037 -0.065933 0.057028 -0.072442 0.034009 -0.080848 0.0099252 -0.063593 0.12801 -0.10007 0.043168 0.11057 0.16269 0.040228 -0.16411 -0.077364 0.11747 0.013436 -0.0037258 -0.15263 -0.10947 -0.0039769 0.098281 -0.13568 -0.048656 0.019148 -0.10872 -0.17686 -0.035164 -0.015802 -0.062157 -0.046629 0.055075 -0.09873 -0.082395 -0.10824 -0.13914 -0.11422 -0.012994 -0.019914 -0.063012 0.12007 0.13839 0.064937 -0.1486 0.13871 -0.014964 0.074472 0.099646 -0.079129 0.031636 0.048967 -0.12535 -0.002078 0.052288 -0.097347 -0.1334 0.10691 -0.14898 -0.054819 0.10157 0.071008 -0.055406 0.1531 0.07809 -0.12117 0.00328 0.085478 0.0052761 0.057404 -0.0014718 0.16439 0.15604 0.030134 0.12681 -0.080625 -0.059016 0.051919 0.027564 -0.082662 -0.08057 -0.038071 0.13203 -0.10675 -0.060938 0.016086 0.11588 0.11185 0.058808 -0.097814 -0.14052 -0.10242 0.031664 0.13632 0.025979 -0.13899 -0.11129 0.041558 -0.12033 -0.079823 -0.081523
0.27291 0.16413 0.11477 0.10227 0.11515 0.045006 0.26027 0.013682 -0.22023 -0.27272 0.033039 -0.142 -0.10732 -0.057176 -0.28266 -0.11515 -0.05566 -0.072579 -0.065224 -0.16023 -0.40154 -0.12336 -0.18166 -0.11078 -0.17672 0.011234 -0.23819 0.11918 0.12605 0.034353 -0.040175 -0.037836 -0.21019 -0.070253 -0.021704 -0.069199 -0.063821 -0.3388 -0.19506 -0.097939 0.011049 0.054581 -0.072616 -0.11661 -0.071428 0.044916 0.029424 -0.16664 -0.14814 0.0085722 -0.10758 -0.17022 -0.036303 -0.15822 -0.078973 -0.10915 -0.040033 0.0089991 -0.09529 0.089598 -0.089947 -0.080722 0.0095055 -0.028736 -0.030978 -0.010307 -0.01277 -0.14117 0.063876 -0.14435 0.093966 -0.031561 0.18317 0.046813 0.086523 0.07683 -0.075407 -0.047211 0.11554 -0.025697 0.042576 -0.11242 0.17491 0.17412 0.21709 0.22635 -0.090883 0.066184 -0.020746 -0.062951 0.054019 -0.085789 0.14213 0.027426 -0.24728 -0.39509 0.014679 -0.12034 0.0045258 0.037076 0.18138 0.19725 0.028163 0.069916 -0.12651 0.19701 0.12241 0.046852 0.10011 0.036386 0.19326 0.21825 0.0673 0.08938 -0.08493 0.15762 0.037975 0.041909 0.10215 0.018443 0.19669 0.0085701 0.021227 0.11859 -0.014018 0.47689 0.099276 -0.27292 -0.17727 0.051547 -0.011571 -0.33198 0.015065 -0.35624 -0.24235 -0.094219 0.030783 -0.093461 -0.22151 -0.31584 -0.03215 -0.13797 -0.012779 -0.11699 -0.078471 -0.44024 -0.0044808 0.10859 -0.34895 -0.068097 -0.034315 0.096995 -0.15232 -0.064295 0.075626 0.23384 -0.15622 -0.13073 0.27842 -0.31246 -0.19809 -0.22955 0.18662 0.06552 -0.1894 -0.044861 -0.098267 0.063136 0.089806 0.037152 -0.02107 0.34882 -0.0099349 -0.11404 0.10831 0.098257 -0.26892 0.12434 -0.24969 -0.067328 -0.16333 0.24522 -0.14046 0.12256 -0.11066 -0.0038024 -0.020371 -0.17788 0.14076 0.080593 0.11067 0.29106 0.074987 0.22956 0.22679 0.19585 0.10087 -0.029354 0.056909 -0.20846 0.035416 0.073355 0.040773 0.16826 0.24026 0.094371 0.2205 0.023408 0.17849 -0.014812 0.02718 -0.50578 -0.080561 0.096217 0.23923 -0.10466 -0.058231 0.0048397 0.2679 0.18072 0.44578 0.28641 0.19631 0.45911 0.085693 0.32011 -0.038456 0.30455 0.07868 0.20148 0.3041 0.17539 0.14744 0.29851 0.13368 0.34699 0.11976 -0.14962 0.026931 -0.0087989 0.1258 0.097845 0.020561 -0.0046002 0.17927 -0.1572 0.18739 0.13665
-0.073425 -0.15977 0.025543 0.17799 0.030338 0.041433 -0.0045097 -0.044614 -0.20468 0.12226 -0.097972 0.024061 -0.23664 -9.38e-05 -0.12918 -0.010213 -0.14536 -0.11118 -0.028526 0.18825 0.17304 -0.20599 -0.0025374 0.11888 -0.011839 -0.1135 -0.037599 0.11095 -0.11943 -0.014012 -0.16448 -0.11015 0.085507 -0.22025 -0.077765 -0.19186 0.18586 0.049164 0.082589 0.080718 -0.015098 0.034384 0.060274 0.043856 0.030688 0.1762 -0.1857 0.082102 -0.18143 0.014808 0.17473 0.19836 0.29738 0.013467 0.14412 -0.10286 0.13069 0.1766 -0.02503 0.17206 -0.15074 -0.079633 -0.054007 0.13348 0.12894 0.099218 -0.037857 0.081656 0.10917 -0.1477 -0.027466 0.072206 0.061278 -0.14348 0.061285 0.035405 0.14396 0.029884 -0.077873 -0.15114 0.12459 -0.11129 -0.033751 0.07604 -0.1084 0.10131 0.11241 -0.0038626 0.11357 -0.15655 -0.1067 -0.030401 -0.19267 -0.26938 -0.16045 0.078003 -0.14208 -0.14165 0.013834 0.24388 -0.011204 0.036816 0.0069969 0.067638 0.056249 0.036009 -0.096985 -0.2526 0.13014 -0.0013648 -0.090431 -0.17001 -0.017699 0.13924 0.12824 0.055863 0.033531 0.052059 -0.069212 -0.15098 0.072056 -0.23129 -0.037441 0.0238 0.019806 0.15671 0.12896 0.14929 0.064178 -0.056176 -0.08039 0.059096 0.051892 -0.043403 0.016181 0.17808 0.10467 0.12859 -0.27496 -0.14024 -0.23506 -0.25463 -0.11616 0.098418 -0.080584 -0.20685 0.22248 0.10798 -0.026528 -0.0012621 0.19743 -0.0078096 0.1309 0.069945 -0.15546 -0.1751 0.067102 -0.030191 0.26483 -0.18048 -0.065091 0.047107 0.052384 -0.1456 -0.012077 -0.1265 -0.23106 -0.21815 -0.10716 -0.18898 -0.31587 -0.21603 -0.21388 -0.10592 0.023445 -0.15945 0.0051384 0.078784 0.14116 -0.060773 -0.23441 -0.11851 -0.22044 -0.19272 0.011967 0.034423 0.16489 0.20523 0.16643 -0.047368 0.0012608 -0.080891 0.090504 0.020802 -0.12139 -0.11416 -0.079152 0.092342 0.26319 -0.035092 -0.078042 -0.054919 0.045372 0.0059148 -0.1202 -0.14608 0.10249 0.030214 -0.086685 0.049905 0.092721 -0.0072723 0.022991 0.23917 0.16094 -0.0087124 -0.11433 -0.18999 -0.028596 0.043995 -0.090732 0.036573 -0.21158 0.21305 -0.15781 -0.059466 -0.02769 -0.017791 0.084478 -0.057741 -0.024855 0.043263 -0.0074473 -0.048626 -0.099403 -0.1298 -0.10233 0.18943 0.07945 -0.14869 0.033462 0.093999 -0.027283 -0.045915 -0.18419 0.04127 0.0087203 0.088883
-0.16348 -0.13676 -0.010771 0.016116 0.10712 -0.053751 0.044982 0.1015 0.10024 0.11603 -0.0087771 0.031527 0.0067751 0.15839 -0.06849 0.069333 0.031582 0.013138 0.089578 0.11476 -0.074359 -0.060413 -0.067048 0.069677 0.11833 -0.10296 -0.001032 0.00017575 -0.11274 -0.13351 0.021441 -0.091327 0.037507 0.046387 -0.01891 -0.030651 -0.0818 -0.14569 -0.069473 0.12186 -0.095892 -0.00035865 -0.017266 0.086133 -0.069921 -0.13739 -0.059024 0.10882 0.1417 -0.10685 -0.03477 0.069853 0.05107 -0.10653 -0.1349 -0.10341 0.10577 0.042905 0.068165 -0.094603 -0.12806 0.10377 0.094861 -0.071571 -0.046708 0.034856 -0.11729 0.11397 -0.12948 -0.15464 -0.064782 -0.10332 0.042974 -0.061793 -0.0080199 -0.014744 0.033322 0.0062733 -0.045899 0.069468 -0.14946 -0.043116 -0.1128 0.16573 0.032524 -0.062386 0.05764 0.12829 -0.10866 -0.012852 -0.056363 0.073183 0.084754 -0.06169 0.13211 -0.14428 0.055215 0.15361 -0.050755 -0.068859 -0.091854 -0.1019 -0.1155 -0.063002 -0.12353 -0.073479 0.084699 -0.078057 -0.043345 -0.091135 -0.056026 -0.027478 0.096745 0.18712 0.083716 -0.14509 0.019441 0.11656 0.16494 -0.12391 0.068145 -0.016626 -0.13216 -0.022936 -0.18281 -0.031737 -0.14607 0.072709 0.10987 0.040249 0.13997 0.13421 0.0079966 0.12923 0.17941 0.083057 0.026618 -0.13439 0.12236 -0.23472 -0.16979 0.066793 -0.10807 0.020215 0.073717 0.12293 -0.14627 0.0097925 -0.14139 0.017756 -0.047467 0.10523 0.0053352 0.094822 0.15484 0.075116 0.14285 -0.051364 0.036448 -0.02223 -0.098227 -0.05914 -0.08638 -0.11384 0.12635 -0.035769 -0.071358 -0.23916 0.0040142 0.10081 0.051958 0.21429 -0.038903 0.090933 -0.12264 0.11715 -0.086786 -0.10216 -0.054712 -0.12141 0.025443 0.014272 -0.16765 -0.091158 0.010705 0.041049 0.1147 -0.03673 -0.032517 0.12764 0.074918 -0.096098 -0.05412 0.16232 -0.011223 0.15581 -0.0099034 0.090959 -0.098012 -0.17887 -0.15876 -0.012055 -0.06003 -0.041372 -0.13816 -0.045103 0.20977 0.10344 -0.098182 -0.12476 0.010061 -0.035945 -0.088377 -0.079409 -0.13613 0.057183 0.059432 -0.074972 0.047462 -0.018553 0.082484 -0.05824 -0.16125 -0.11054 0.064283 -0.024938 -0.020394 -0.022829 -0.15705 0.10582 0.039522 -0.2032 -0.17452 0.087106 0.010759 0.083438 -0.036805 -0.10075 -0.018202 -0.066016 -0.10142 -0.1488 0.058753 0.13465 0.14205 0.041058 0.15162 0.13329
-0.0087261 0.11826 -0.045769 0.082113 0.026757 -0.060995 0.088655 -0.028688 0.039905 0.062043 -0.24895 0.04624 -0.1454 0.11673 -0.23543 0.016802 0.046675 -0.16816 -0.097167 -0.17465 -0.16156 0.0060209 0.096341 -0.0047835 0.013803 -0.034504 0.21507 0.16309 0.041153 0.0687 -0.078077 -0.13611 -0.032987 -0.05805 -0.00034463 0.14217 0.21256 0.18086 0.23513 0.057385 0.13388 0.066648 0.018292 0.11679 0.06749 -0.11679 -0.062034 -0.11484 -0.013825 0.20335 -0.051214 -0.055924 -0.047291 0.10488 0.17564 -0.074624 0.18419 0.16079 0.14446 0.13382 0.048181 0.08051 0.10479 -0.14147 0.011322 0.017988 -0.13112 -0.25022 0.018063 -0.17456 -0.26294 -0.1719 -0.097164 0.049684 0.035892 -0.10694 0.050097 -0.0069024 -0.0406 -0.14766 0.024718 -0.20849 -0.040405 0.011964 -0.09204 -0.073407 -0.025989 0.24469 -0.11967 -0.2836 -0.091769 -0.0015086 0.18065 -0.19495 -0.067375 0.058519 -0.25197 -0.21822 0.19292 0.23392 0.12775 0.31496 0.13486 0.16764 0.16688 0.036019 0.27944 0.2516 -0.027502 0.2658 -0.18839 0.22041 0.092895 0.1857 0.23231 0.20126 -0.072107 0.058205 -0.11874 -0.31052 0.10587 -0.14013 0.14956 -0.39735 0.024723 -0.16278 -0.18378 0.083467 0.18919 -0.2099 0.1112 0.03147 -0.029655 0.28291 0.21625 0.15569 0.041756 0.1542 -0.13879 -0.26775 -0.24358 0.1552 0.001855 0.094424 0.057717 0.10401 0.14562 -0.17679 0.51879 -0.24005 0.22779 -0.0028558 -0.21005 -0.010241 0.24119 -0.13484 0.50987 0.34166 0.50939 0.19511 0.25433 0.11653 0.37421 0.23331 0.31103 -0.16254 -0.25129 -0.44471 -0.31787 -0.19336 -0.22559 0.097414 0.085957 0.24967 0.12874 -0.28375 0.055839 0.096624 -0.010355 0.2781 -0.049998 0.17276 0.30454 0.10617 0.32556 0.044673 0.061226 0.14796 0.017576 -0.18696 -0.41658 -0.058214 0.086682 0.19717 0.23531 0.22683 0.084939 0.092344 -0.11279 0.07627 -0.070135 0.058988 0.096136 0.076185 0.40477 0.11862 0.065628 0.014942 -0.189 0.048848 -0.29429 -0.15274 -0.15687 -0.018552 0.065113 -0.3194 0.11401 0.06678 0.038586 0.089408 0.10544 0.15613 -0.048448 -0.065818 -0.080329 -0.03609 -0.094761 0.19549 -0.18744 0.019268 -0.21846 -0.41755 -0.068395 0.11402 -0.0012308 -0.00069566 0.025297 0.024396 0.14172 0.021912 0.0063853 0.2041 0.00028176 0.042486 0.25929 0.071028 0.10273 0.00059082
-0.042129 0.14519 -0.17581 -0.072371 -0.061471 0.026501 -0.0034782 -0.19823 -0.063498 0.2332 0.041221 0.18319 0.17864 -0.019423 0.072327 0.16693 -0.10878 0.029463 0.010011 0.069562 -0.016259 -0.011944 -0.034529 0.33203 0.15408 0.31747 0.024738 0.065005 -0.041126 -0.079295 0.044057 0.13384 -0.10257 0.1801 -0.11036 0.12214 -0.12462 -0.11885 0.019628 0.14334 0.11943 0.028549 0.13994 -0.12441 0.027621 -0.038123 -0.14752 -0.032472 -0.26625 -0.14074 -0.029284 0.082791 0.020417 0.048286 0.026642 -0.025131 0.062818 0.10309 -0.065384 0.03047 -0.031441 0.174 0.059954 -0.11177 0.13929 -0.075451 -0.076809 0.01277 -0.13991 0.13631 0.15415 -0.0059412 0.17696 0.12978 -0.05006 0.081279 -0.21306 -0.034676 -0.12187 -0.12314 0.034112 0.085839 0.024067 0.13638 -0.046917 0.01048 -0.047319 0.13823 -0.17027 0.073091 -0.00089161 0.0062639 0.16073 0.17749 0.09154 0.10533 -0.1018 0.25554 -0.20305 -0.38043 0.11608 -0.24675 -0.12306 0.025963 -0.14793 0.098025 -0.039758 0.04891 -0.2098 -0.17262 0.11387 -0.080307 -0.044458 0.0042668 -0.038069 0.089465 0.0093313 -0.2208 0.14531 -0.021171 0.19379 -0.057076 0.042735 0.059188 -0.039953 0.0032922 0.025258 0.1866 0.097934 0.1492 0.22266 0.20268 0.20375 0.22635 0.063405 0.16942 0.15055 -0.14135 -0.16554 -0.26168 -0.3064 -0.24541 -0.12015 -0.0053053 -0.17083 -0.24183 0.16123 -0.087382 -0.36475 -0.02526 -0.086191 0.019763 0.20384 -0.062132 0.1543 0.35856 0.26426 0.43352 0.46976 0.18273 0.078244 0.2017 0.3082 0.1926 0.13296 -0.14115 -0.19896 -0.21223 0.088642 0.0028578 0.054693 0.20676 0.14803 0.2037 -0.057417 0.11835 -0.23207 -0.0040664 -0.023526 -0.1855 -0.01677 0.62543 0.022622 -0.056875 -0.0075575 -0.00045625 0.018775 -0.24852 -0.30251 -0.15435 -0.054547 -0.09682 -0.055436 0.12315 0.07911 0.24036 -0.052901 0.020317 -0.14434 -0.24113 -0.035461 0.017062 -0.10473 -0.0074398 0.12332 0.1579 -0.18432 -0.20772 -0.10583 0.20506 -0.13882 -0.11006 0.24334 0.012499 -0.2401 -0.021783 -0.17955 0.16487 0.014655 0.099355 0.058546 0.12084 0.020341 0.19557 0.05338 0.1433 -0.13911 -0.033673 -0.13198 0.037125 -0.17866 -0.065378 -0.068875 -0.044136 0.29107 0.02263 0.0064805 0.059383 -0.2383 -0.007275 -0.12861 -0.098192 -0.0023332 0.21757 0.0024769 0.090526 0.071595 -0.1175
0.042913 -0.08022 -0.095453 -0.1603 0.10171 -0.053319 0.085534 0.1949 0.15698 -0.087576 0.19915 0.10963 0.10441 0.088921 -0.11609 -0.18261 -0.086651 -0.13956 0.063526 -0.042995 0.057938 0.16515 0.16754 -0.07882 -0.06416 -0.04491 -0.044803 0.10452 -0.17704 0.14528 0.010085 0.17113 -0.13452 0.045383 0.090584 0.10969 -0.15466 -0.10485 0.01638 0.011376 0.053017 0.012501 0.026607 -0.11582 -0.081906 0.082677 -0.14091 -0.14437 -0.015995 0.025261 0.0325 0.11892 0.0095366 0.012822 -0.044476 0.061636 -0.073819 0.1278 0.08305 0.10642 -0.044341 -0.11101 -0.021172 -0.13491 -0.14322 -0.16609 0.0068774 -0.16626 0.088643 -0.032087 0.083573 -0.0058521 0.0058291 -0.17328 -0.044286 0.11804 0.076326 -0.16209 -0.18344 0.0010941 0.042597 -0.11036 -0.15115 -0.087873 -0.072161 0.15702 -0.14158 -0.058975 -0.08894 0.055086 -0.02827 -0.044382 -0.066378 0.11003 -0.0072464 -0.13535 -0.041117 -0.065498 0.028694 0.16793 0.1067 0.06874 0.029613 0.051733 0.0076098 -0.091206 0.10884 -0.085792 -0.087824 -0.012022 -0.0010078 -0.073649 -0.075095 0.073843 0.11294 0.15978 -0.091245 0.17285 0.16447 -0.15544 -0.037301 0.28071 0.092462 0.017716 -0.085257 0.047202 0.023652 0.23887 0.1004 0.04398 0.10752 -0.016268 -0.10948 -0.10147 0.086342 -0.015058 -0.11497 -0.12741 -0.097277 -0.038 -0.12238 -0.24387 -0.15205 -0.0079277 -0.16459 0.15511 0.031201 -0.12425 0.012836 -0.12163 0.11273 0.0021359 0.093876 0.03416 -0.077036 -0.017145 -0.11642 0.061329 -0.040394 0.11936 -0.090932 0.201 -0.014554 -0.089625 0.078585 -0.06478 -0.13521 -0.044554 0.0088642 0.05044 -0.028117 0.049139 -0.045206 0.12896 -0.085163 -0.11211 -0.039942 0.095801 0.06094 0.06708 0.11594 -0.018154 -0.077802 0.087335 0.031057 -0.072288 0.019368 0.03253 0.028597 0.055571 -0.048924 -0.035558 -0.070397 -0.20464 -0.12018 -0.055556 0.092709 -0.17162 0.050492 0.05531 -0.10565 -0.10682 0.024697 0.0034442 -0.23998 -0.14295 0.11469 -0.10873 0.12174 -0.11041 -0.019613 -0.086598 -0.27499 0.12443 0.19088 -0.0011194 0.016806 -0.076417 -0.11618 0.01042 -0.10108 -0.039675 0.22646 0.14889 0.036911 0.15197 0.16112 -0.010325 0.067176 0.021925 -0.093926 0.090792 0.074217 0.014624 -0.05482 0.1983 0.17206 -0.072537 0.17139 -0.0018873 0.018169 0.065794 0.071935 0.04488 0.15254 0.081196 -0.12764 0.0087701
-0.099039 -0.074448 0.10941 -0.14676 0.0051818 0.019437 0.036118 -0.062839 0.0773 0.056974 -0.14565 -0.10994 -0.096008 -0.010879 -0.0050972 0.075591 -0.14886 0.11929 -0.10721 0.1453 -0.1128 -0.15135 0.087608 -0.11854 0.087923 -0.15064 -0.040065 0.041461 0.066046 -0.070697 -0.15267 0.11319 -0.13656 0.13452 -0.098263 -0.12079 -0.10578 -0.062223 0.06371 -0.11329 -0.12878 0.038036 0.018206 0.044352 0.070301 0.084045 -0.10827 -0.00012048 0.073387 -0.11773 -0.0356 -0.15013 -0.10185 0.095428 0.013504 -0.15031 -0.14964 0.15433 -0.015243 -0.085654 -0.028994 -0.094744 -0.056549 -0.051382 -0.14104 -0.04953 -0.048039 0.064821 -0.10367 -0.023353 0.010412 -0.054536 -0.14006 -0.0058422 -0.14362 0.063892 -0.15521 -0.15447 0.039508 -0.12045 0.070183 -0.018791 -0.049036 0.087621 0.12364 -0.061826 0.093052 0.066596 -0.099441 -0.15417 0.049537 0.10775 0.061551 -0.15061 -0.0053744 -0.03782 0.053201 -0.15487 0.071575 0.032359 0.12179 -0.069638 -0.081737 -0.019783 0.040364 -0.14694 0.037551 -0.08912 -0.14157 0.03707 0.026557 0.011725 0.039715 0.1312 0.093299 0.060271 -0.027496 0.096088 -0.082207 -0.10382 0.13845 0.063848 0.029273 0.020291 -0.14936 -0.045676 0.083207 -0.010229 0.059394 0.08092 0.058952 0.062197 -0.085499 0.12901 0.030107 0.11442 0.020028 0.019543 0.13291 0.024766 0.10943 -0.14638 -0.10463 -0.074562 0.088555 -0.088034 -0.0033731 0.019531 -0.040305 0.00645 -0.04843 0.13425 -0.10177 0.096651 -0.017554 0.13848 0.15308 0.094031 0.064587 0.021171 -0.087087 -0.12546 -0.11516 0.14284 -0.12986 0.11706 -0.038617 0.036961 -0.15458 0.11484 -0.051129 -0.052472 -0.076059 0.013074 0.14429 -0.10001 0.025083 0.042078 0.0747 -0.049956 -0.098247 0.14996 -0.07974 -0.014666 -0.044643 -0.036496 -0.13359 0.0084987 0.0097337 -0.084579 -0.0062801 -0.039608 0.13627 0.060668 -0.054123 0.083239 -0.14277 -0.056898 0.089696 -0.039605 0.069213 -0.02 -0.11054 -0.084501 -0.077017 0.044101 0.081454 -0.046237 -0.09479 0.03273 0.020765 -0.020927 -0.097519 -0.10548 -0.055744 -0.00044198 0.035607 -0.11304 0.061039 -0.0072782 0.14683 -0.10296 -0.0081169 -0.14699 0.074706 -0.10886 -0.027728 -0.060798 0.09732 -0.076886 -0.092551 0.11311 -0.0098364 0.11904 0.030135 0.12817 -0.10198 -0.13474 -0.11057 -0.084675 0.071732 -0.14706 -0.089276 -0.060786 -0.085581 0.057884 -0.13523 -0.0088524
0.0087977 0.06429 0.058899 0.036248 -0.14542 -0.033252 -0.08474 0.02758 -0.082923 -0.018169 -0.052658 0.16304 0.0134 -0.0088577 0.11652 0.064609 0.15899 0.15011 0.29067 0.078944 0.30775 -0.018443 -0.042235 -0.077392 0.12481 -0.14651 -0.082137 -0.13814 -0.065792 -0.028883 0.059593 0.039481 -0.086183 0.058272 -0.037267 -0.099098 -0.13056 -0.11787 0.10125 -0.098811 -0.014515 -0.19542 -0.15776 -0.0091093 -0.21004 0.015473 0.0068678 0.046754 -0.12989 0.010984 0.070322 -9.7889e-05 0.14883 0.17738 -0.12205 0.089035 0.096344 0.2115 0.052776 -0.10862 -0.222 0.03972 -0.2855 -0.013291 -0.049321 -0.10849 -0.14467 -0.016636 0.088909 0.056828 -0.023021 -0.14819 -0.2207 0.0287 -0.16584 -0.14149 0.031445 -0.1148 -0.027945 -0.058797 -0.10623 -0.1276 -0.13008 -0.092369 -0.020996 0.074907 0.013579 -0.1293 0.0088163 -0.15209 -0.096934 0.13112 -0.24513 0.086578 0.072966 0.11938 0.02666 -0.055866 -0.15361 -0.02054 -0.13212 0.0092028 -0.05497 -0.21525 0.12905 0.072494 -0.047773 -0.012542 0.016897 -0.077361 0.14673 -0.096311 0.24993 0.077785 0.0050572 -0.044784 -0.078491 -0.098919 0.19911 -0.00028387 -0.14274 -0.077709 -0.019335 -0.19329 -0.29305 -0.18421 0.0099577 0.19776 -0.058377 0.10454 0.1065 0.045042 0.092803 0.34045 0.029931 0.35258 -0.11609 0.098893 0.18356 0.30216 0.01137 0.18634 0.063626 0.06795 0.0026303 -0.029449 -0.12038 0.10175 0.016575 0.16033 -0.10891 -0.3177 -0.051333 0.036551 0.089316 -0.01153 -0.020442 -0.18012 0.071756 0.13898 -0.090156 0.23758 0.084653 0.35069 0.28227 0.29753 0.1204 0.17249 0.0032714 -0.14757 0.076909 -0.1373 -0.12248 -0.19175 -0.023168 0.10518 0.1036 0.052066 0.042076 0.00084034 0.15976 -0.25127 -0.01807 -0.10659 -0.10434 -0.020103 -0.11901 0.091109 -0.059954 0.097998 0.19791 0.077932 0.22892 -0.16079 0.072919 -0.15147 -0.0018482 -0.32329 -0.038621 -0.027847 -0.094258 -0.05716 -0.10164 -0.034684 0.19142 -0.21738 0.085963 0.028904 0.10584 0.021715 -0.074017 0.06379 -0.10333 -0.21299 0.067207 -0.0095438 0.0062342 -0.024434 0.028062 0.060049 -0.16521 0.045347 0.24825 0.052442 0.10563 0.043436 0.081215 0.21352 0.13105 0.10187 0.1019 0.0055535 0.08824 0.076299 -0.15001 -0.048288 -0.093983 0.086242 0.0014484 0.068222 0.029277 -0.15211 -0.031535 0.12192 -0.042443 0.16014 0.16031 0.17418
-0.084186 0.031361 -0.09199 -0.16964 0.018475 0.081634 0.18243 0.064634 -0.17115 -0.099626 -0.0003895 -0.1164 -0.04164 -0.064411 0.12624 -0.07484 0.032411 0.14683 -0.10354 0.089402 0.043666 -0.27557 0.053092 0.074708 0.13735 0.16579 -0.034694 -0.0085427 -0.054537 -0.06067 0.0092069 -0.077843 0.21419 -0.049616 -0.026605 -0.095986 -0.065155 -0.20123 0.08652 -0.088762 -0.2111 -0.16029 -0.098133 -0.15463 -0.10049 -0.011298 -0.019652 0.17242 0.10828 0.089738 -0.089165 -0.00095286 0.10153 -0.03508 0.22677 0.11924 -0.13228 -0.020604 0.0022498 -0.17533 -0.044022 0.094023 0.0055037 -0.0020714 0.13026 0.069688 0.023227 0.13357 0.053168 0.06572 0.17269 0.20753 0.11692 0.23678 0.069123 0.059416 -0.17321 -0.015754 -0.075982 0.088954 -0.16993 0.038277 -0.055269 -0.16132 -0.070091 0.011663 -0.18813 0.039507 -0.015532 0.13776 -0.21023 0.1682 0.0060381 0.07636 -0.081386 0.04318 0.059342 -0.089355 0.11333 -0.12602 0.12262 -0.13532 -0.13567 -0.088335 0.037193 -0.16306 -0.26603 -0.023367 0.11962 0.15693 0.11233 0.026512 0.011444 0.045481 0.081757 0.082854 0.12731 0.13166 -0.15454 -0.036822 -0.44206 -0.071963 -0.099972 -0.11757 -0.058139 -0.12857 0.14142 0.10668 -0.18541 0.13057 -0.30699 0.23643 0.10639 0.024305 0.04349 0.30848 -0.050675 -0.046625 0.10057 0.18607 0.14652 0.30331 0.073083 0.15544 0.15712 0.011464 -0.078441 0.19892 -0.14821 0.016984 -0.066003 -0.060447 0.073838 -0.17095 -0.11095 0.088736 -0.29077 -0.089474 -0.18166 -0.26358 -0.16927 -0.087041 0.067288 0.13994 0.0093825 0.10915 0.12991 0.21265 0.12816 0.15565 0.10066 0.11979 -0.044764 -0.089775 -0.13355 -0.013912 -0.037367 -0.067052 -0.14561 -0.30993 -0.020482 0.099619 -0.2172 -0.019786 -0.13435 -0.068884 -0.065116 0.058817 0.14331 0.10898 0.15816 0.12802 0.21501 0.076221 0.05653 0.15579 -0.073758 0.073371 0.10598 -0.13188 -0.20288 -0.23079 -0.17637 -0.15035 -0.29664 -0.1388 0.20435 -0.076467 0.21946 -0.13392 0.031373 0.15296 -0.22129 0.074537 -0.34828 -0.1257 -0.043969 -0.015 0.068767 -0.024183 -0.1657 0.089717 -0.08497 -0.0068685 -0.0097231 -0.041773 0.20951 0.050597 -0.0073021 0.070089 0.19994 0.052815 0.27493 -0.084568 -0.07822 -0.032834 0.060017 -0.30411 -0.32567 -0.12697 0.095788 -0.078645 -0.15914 -0.0029975 0.067159 0.030127 0.17433 0.098276
0.076987 -0.056235 0.085193 0.13918 0.020098 0.12295 0.21009 0.025093 -0.014969 -0.0761 -0.18749 -0.12305 -0.18736 0.01482 -0.28885 0.15982 0.085797 -0.063773 0.11734 -0.00023605 0.078736 -0.094286 -0.05244 0.025637 -0.13757 -0.14776 0.035675 0.071131 0.078154 -0.16402 -0.17995 -0.19537 -0.13281 -0.28208 0.12364 0.00012992 0.10217 0.025136 -0.0026929 0.20071 0.033718 -0.15355 -0.0019312 0.023077 0.14648 -0.12495 0.30958 0.090126 0.025435 -0.15609 0.063585 -0.044626 -0.18278 0.027076 -0.035184 -0.11279 0.087084 -0.0033881 -0.12336 -0.25442 -0.16127 0.021048 -0.1923 -0.15844 -0.033077 0.10708 0.0051761 0.069408 0.058082 0.0090969 0.092264 0.18144 -0.082437 0.078277 0.00096934 0.13014 0.045592 0.071229 0.25975 0.089851 0.032112 0.049823 0.16539 0.20759 -0.086116 0.060955 0.08659 0.080965 0.070964 -0.063293 -0.1905 0.23361 -0.152 -0.10956 -0.06198 -0.26209 -0.16613 -0.075029 -0.072158 0.0055502 -0.063536 0.109 0.056764 0.16439 0.17215 0.067226 0.22526 0.029807 0.24395 0.15482 0.0095313 0.081382 -0.0082902 -0.052518 0.11432 -0.27764 -0.052094 -0.038351 0.13324 -0.011746 0.37554 -0.28973 0.017922 -0.29845 0.42265 0.019018 -0.019538 -0.31118 -0.11343 -0.090192 -0.13365 -0.081305 0.1609 0.058233 0.035856 -0.14654 -0.0077405 0.017354 0.085551 0.23609 0.13424 0.010292 0.2463 -0.29196 -0.066173 -0.077577 -0.00028249 -0.14107 0.43108 0.23732 0.059724 0.10804 0.21009 -0.12634 -0.19533 -0.06743 0.021129 -0.14524 -0.030236 -0.28239 -0.15271 -0.093501 -0.087776 -0.067224 0.15847 0.13607 -0.11923 -0.031664 0.0011525 -0.10546 -0.098972 -0.48234 -0.30963 -0.26668 0.066362 0.16926 0.014997 -0.16995 0.060915 -0.10579 -0.080273 0.012033 0.0075439 -0.093143 -0.32046 0.19704 0.031084 0.010826 -0.058738 -0.094312 -0.18109 0.045668 -0.28973 0.11554 0.086862 0.034635 -0.095534 0.13353 -0.17352 -0.045499 -0.040956 0.075922 -0.053902 0.020495 -0.076324 -0.11376 0.079713 -0.1273 -0.2173 0.12332 0.0080026 -0.21638 0.58564 -0.06406 0.050231 0.033506 0.016898 0.048098 0.46671 0.10358 0.096383 -0.079019 -0.21325 -0.24868 -0.092506 -0.038398 -0.1701 0.44337 -0.061358 0.090193 0.15794 -0.20982 0.10232 -0.25138 -0.51308 -0.43236 -0.32584 -0.059896 -0.11711 0.26151 -0.013549 0.018354 0.080543 0.068404 -0.03861 0.13672 -0.043318 -0.14886
0.067491 0.079951 -0.11731 0.10255 -0.0037925 -0.20485 -0.075625 0.064756 0.28258 -0.00016102 0.02878 -0.0077304 -0.10013 0.055167 -0.24356 -0.21933 -0.22635 -0.056254 -0.22013 0.14517 0.032249 -0.050935 0.14117 0.15147 0.067381 0.2293 0.045815 -0.19753 -0.10715 -0.058427 -0.07128 -0.029942 0.072752 0.19366 -0.049884 0.050553 0.069449 -0.11515 0.0067854 -0.036312 -0.077276 -0.07032 -0.030806 -0.023471 -0.024766 0.078334 -0.14786 -0.0020978 0.038497 0.12118 -0.050594 0.24674 0.10257 0.30948 0.23284 -0.077526 0.069569 0.047088 -0.17031 0.055609 0.093335 0.071489 0.054929 0.0074393 -0.059536 -0.052368 -0.026185 0.06984 0.016484 0.092571 0.034028 -0.011653 0.23249 -0.0010814 0.00015922 0.081493 0.0031652 -0.017168 -0.10048 -0.11713 -0.0077292 -0.10829 -0.074705 0.1291 -0.14548 -0.076131 -0.11931 -0.10416 -0.21156 0.015822 -0.045387 -0.06843 -0.11369 0.0038076 0.047476 0.14394 0.019173 0.077844 -0.0031245 -0.1966 -0.033959 -0.14309 0.062255 0.071123 -0.073688 -0.17624 -0.12703 -0.14062 0.094788 -0.13074 -0.21293 -0.077286 0.11724 -0.095623 0.10477 0.13927 0.12985 0.078601 0.16163 0.11661 -0.36045 -0.11847 0.054742 0.077588 -0.096599 0.14634 -0.13541 -0.063444 -0.32136 -0.17869 0.1277 0.025276 -0.048999 0.045659 0.034383 0.15478 0.042845 0.26215 -0.013541 0.25396 0.035806 0.24389 0.030157 0.081436 0.19531 -0.056878 0.020302 0.026842 -0.34838 -0.25531 0.089348 0.24232 0.077125 0.12899 0.13134 0.062918 -0.17644 0.1328 -0.053315 0.087219 -0.16499 -0.20833 -0.25988 -0.079652 -0.35525 -0.031618 0.15917 0.16595 -0.03615 -0.11786 0.14498 0.080374 0.25911 0.07045 0.13118 0.29697 0.16954 -0.14876 -0.41007 -0.053814 -0.20515 0.06459 -0.10327 0.016284 0.098346 -0.080271 0.21309 0.022893 0.15862 0.020923 0.12224 -0.029194 0.073002 0.0093996 -0.065756 -0.285 0.012939 -0.22025 -0.080104 0.10335 -0.11172 0.038361 0.061055 -0.012531 -0.10361 0.0038746 -0.069922 -0.10098 -0.019556 -0.084945 -0.11302 -0.22321 -0.30824 0.25297 0.28219 0.27159 0.16243 -0.087485 -0.13279 0.006666 -0.06256 -0.10429 -0.21714 -0.2212 -0.22698 -0.40626 0.034168 -0.3704 -0.059429 -0.11764 -0.091641 0.070592 -0.21833 -0.024015 0.035194 0.10208 0.21128 0.29923 0.36401 -0.35669 -0.041847 -0.21498 -0.11874 -0.17583 0.23743 -0.18327 0.024592 0.20088
0.021608 0.094541 -0.18511 -0.17063 0.068346 0.16231 0.17974 -0.024548 -0.08239 0.14657 0.0024987 0.0082494 -0.22954 0.011856 0.11217 -0.042062 0.038292 -0.099136 0.027694 -0.036466 0.24454 0.2309 0.1019 -0.0067984 -0.12552 -0.048651 0.04761 0.11411 -0.01624 0.13983 0.028491 -0.12728 -0.24151 0.19024 -0.018123 -0.036452 -0.04166 -0.16333 -0.15856 -0.10981 -0.070204 -0.036031 -0.06536 0.2628 0.038751 0.094207 0.060176 -0.031085 0.05527 0.14406 -0.028146 -0.11971 -0.19007 0.039633 -0.20181 0.093573 0.045282 -0.07298 -0.031477 0.13305 -0.054364 0.025204 0.12421 -0.09863 0.045899 -0.21042 -0.19493 -0.061648 -0.25453 -0.1976 0.010609 -0.0092133 0.065052 -0.038788 0.084966 0.12528 -0.14786 -0.055543 -0.024384 -0.0039456 -0.07735 -0.10739 -0.058921 -0.073854 -0.12112 -0.076495 0.12543 -0.11312 0.092299 0.031156 -0.038237 -0.25425 -0.11129 0.28586 0.066322 0.10862 -0.13375 -0.00035157 -0.12145 0.043995 0.11167 -0.22908 -0.056987 0.070974 -0.16122 -0.11097 0.28787 0.13064 -0.059747 0.19809 0.1089 0.23364 0.04319 0.20313 -0.16077 -0.18175 -0.022478 0.066134 0.065613 -0.095637 0.22449 -0.056858 0.032112 -0.013093 -0.13472 -0.18816 0.11587 -0.133 -0.081437 -0.0054475 -0.13325 0.41668 0.17688 0.072884 0.0022096 0.098716 -0.11391 0.01906 -0.00026527 0.04827 -0.058975 0.28516 -0.053432 -0.077428 0.0048043 -0.17209 0.051355 -0.21127 -0.24251 0.28147 0.042218 0.031566 -0.49187 0.042517 0.02863 0.10593 0.2228 -0.062421 0.29516 0.12185 0.21972 0.071096 0.43331 -0.031784 -0.10192 -0.266 0.15781 -0.016309 -0.17166 0.30579 -0.079179 -0.066088 0.26978 -0.021866 -0.051835 -0.014877 0.057286 0.016755 -0.45264 -0.088236 0.041885 0.28984 0.10764 0.075756 0.22874 0.1031 0.040889 -0.037173 -0.0056917 -0.12798 -0.22135 0.16786 -0.15139 0.14697 0.084149 -0.11998 0.044108 -0.10847 0.082646 -0.089245 -0.13134 -0.16293 -0.020188 -0.065376 0.077581 0.089687 0.12279 -0.10698 -0.15266 -0.064832 0.33511 -0.044496 -0.079488 0.16925 -0.09465 -0.32675 0.042914 -0.088956 -0.087327 0.043278 -0.18802 0.28952 0.063574 -0.081296 -0.0001767 -0.11334 -0.08522 -0.19644 -0.14009 -0.089065 -0.21252 -0.016231 0.075806 0.015081 -0.042914 -0.22509 -0.12106 0.2361 0.26144 -0.4996 -0.21617 -0.068063 -0.051259 -0.0089995 0.20386 -0.13529 -0.018287 0.06376
-0.075651 0.018022 -0.11306 0.040675 0.013302 0.17202 -0.016872 0.1244 -0.064658 -0.041241 -0.13012 -0.093527 -0.15529 -0.1487 0.045238 0.15981 0.098772 0.18623 -0.035847 0.065688 0.11478 0.25397 0.059746 -0.079909 -0.056877 -0.11945 -0.070055 -0.12387 0.061886 0.049712 0.15876 -0.056476 0.074702 0.066156 -0.13797 0.037012 -0.034469 0.039197 -0.015071 -0.033658 -0.08854 0.098482 -0.039399 -0.034765 -0.0012565 -0.20889 0.084859 0.11889 0.084895 0.026387 0.18703 0.080848 -0.1693 0.0070481 -0.13491 -0.0099958 0.0056062 0.08498 0.003454 0.11903 0.080153 0.012909 0.11172 0.080767 0.013636 -0.048817 -0.034389 -0.032992 -0.093721 0.042105 0.102 -0.05573 0.099893 -0.169 -0.0067857 -0.010077 0.035763 -0.18647 -0.18729 0.0096881 0.041352 0.04718 0.014461 -0.14411 -0.17023 0.09367 0.099504 -0.10181 -0.071947 -0.13971 0.17566 -0.025709 -0.12633 -0.034995 -0.019762 0.16625 0.0026231 0.081285 -0.10613 -0.27048 -0.13435 -0.0029349 -0.24198 -0.11396 -0.059466 0.15711 -0.065712 0.033079 -0.030289 -0.12455 -0.12293 0.013363 0.095259 0.070901 -0.20649 -0.003687 0.041857 0.01479 0.03212 -0.011382 0.0017205 -0.3067 -0.11242 -0.2151 -0.18234 0.074532 0.03958 0.037737 0.2241 -0.12988 -0.20123 0.15362 0.088731 -0.14592 0.13203 0.024116 0.1692 0.041207 0.1347 0.019037 -0.05283 -0.033908 -0.18488 -0.072526 0.15786 -0.012413 0.031694 0.057482 0.051232 0.16238 -0.23562 -0.035087 -0.055877 0.028806 -0.05683 -0.17132 -0.11305 -0.19541 -0.036251 -0.26425 0.048619 -0.035487 0.12234 -0.063798 0.21853 -0.06645 -0.08273 -0.043693 -0.074101 0.062177 0.19041 0.16262 0.035907 0.24615 0.024432 0.090219 -0.21152 0.16476 -0.15254 -0.10881 -0.11546 0.23452 0.094844 -0.04963 0.19015 -0.033707 -0.06732 0.11801 -0.040822 -0.073956 -0.23623 0.058892 -0.036201 -0.033937 0.10548 -0.029077 0.13059 -0.033696 -0.024919 0.11653 0.0053465 -0.0054377 0.0028871 0.021932 -0.08203 0.12112 -0.0016 -0.15799 -0.090625 -0.054741 0.072428 -0.0090877 5.9257e-05 0.00089043 -0.22968 0.087925 0.13595 -0.097324 -0.12497 0.052015 -0.11283 0.06706 0.090473 0.031175 0.1807 -0.0025701 -0.05792 0.22696 -0.060649 -0.075431 -0.0027688 -0.068829 -0.16983 0.15536 -0.011403 -0.015402 0.2154 0.0070244 0.02053 -0.29308 -0.05629 0.028572 -0.023545 0.20241 0.0013799 0.12404 -0.1027 -0.028424
-0.25737 0.029827 0.0035754 0.022059 0.046007 -0.16995 -0.23276 -0.078906 0.055156 0.19153 0.039985 0.071023 0.29507 0.11187 0.04599 -0.068867 0.029968 0.11396 -0.053951 -0.2304 -0.21575 -0.29019 -0.18726 0.048524 -0.032576 0.2098 0.2629 -0.30361 0.064104 -0.066738 0.077943 0.0075416 -0.082391 -0.14113 -0.0087645 -0.0078456 -0.1343 -0.07729 0.20472 0.10646 0.04407 -0.041358 0.25771 0.020637 -0.10841 -0.24316 -0.05756 -0.073513 -0.014482 -0.11645 -0.18692 0.027692 0.10521 -0.059181 -0.075056 -0.13513 0.029254 -0.085842 0.058588 0.031519 0.13028 -0.031249 0.031059 -0.054683 -0.037287 -0.098885 -0.0079784 0.028014 -0.13244 0.10126 0.048841 0.10508 -0.069983 -0.044822 0.12726 -0.030509 0.13911 0.047823 -0.077079 0.18027 -0.058653 -0.036747 0.019712 0.067187 -0.040742 0.15642 0.025058 0.14494 -0.062341 0.036965 0.18661 0.096078 -0.035257 0.20858 -0.12226 -0.12033 0.03876 -0.05761 -0.16411 -0.081745 0.14314 0.0063932 0.14368 -0.12233 0.0049085 0.022194 -0.0087696 0.013932 -0.13179 -0.0026596 -0.093873 -0.088626 -0.12523 0.010983 0.16636 -0.061677 -0.044904 -0.11649 0.029021 -0.13448 -0.27675 -0.093799 0.073085 0.34951 0.283 0.060213 0.15804 0.2861 0.18452 -0.066103 -0.060406 0.054744 -0.0075797 0.0099538 0.029748 0.24409 -0.055723 -0.047017 -0.15831 -0.3165 -0.10769 -0.12292 -0.087479 0.099835 -0.34801 -0.06291 -0.27885 -0.26295 -0.04601 -0.16058 -0.17102 0.093156 0.47378 -0.031438 0.23564 0.03408 0.13768 0.26938 -0.12908 0.085366 -0.16283 0.1242 -0.028661 0.29775 0.32236 0.036225 -0.15279 -0.12415 -0.094067 -0.14831 -0.040572 0.066243 0.032852 0.15393 0.17658 -0.01626 -0.16953 0.20607 0.087865 -0.32027 0.083228 0.38494 0.15453 -0.076851 -0.13711 0.022864 -0.2007 -0.037342 -0.04943 -0.12734 0.0037775 -0.099642 -0.12405 0.081439 0.079644 -0.056907 -0.031438 0.16501 0.17021 -0.066627 0.04397 0.029857 0.1743 -0.11817 -0.0016806 -0.1444 0.087675 0.12317 -0.18837 0.19518 -0.13916 0.22694 -0.15058 -0.3464 -0.12448 0.19129 0.055512 0.18225 -0.2041 -0.16309 0.13271 -0.051781 -0.040616 -0.201 -0.1258 0.024298 0.22617 -0.022413 0.21124 -0.031405 0.10202 -0.21997 -0.01198 0.13695 0.070326 -0.0037922 0.060444 0.21844 -0.11558 0.25481 -0.19308 0.039072 0.036591 -0.019861 -0.062052 -0.17762 -0.17166 -0.26797
-0.15011 0.073824 -0.0092823 0.10216 0.034597 0.075905 0.1343 0.079125 0.0963 0.10851 0.1603 0.14715 0.092473 -0.11645 -0.10992 -0.010504 -0.056487 0.16325 -0.079472 -0.13078 -0.058421 -0.13843 -0.011511 0.051236 -0.09803 -0.1292 0.1261 -0.14834 0.049755 0.10527 0.072565 -0.039828 -0.14037 0.092043 -0.079872 0.11779 -0.066138 0.11824 0.047828 -0.043471 0.036035 0.11547 0.17358 -0.086759 0.045063 0.062784 0.063214 0.1657 -0.041551 0.087101 0.022771 -0.09375 -0.068001 0.023439 0.06499 -0.043944 0.014773 -0.018886 -0.10499 0.0079409 -0.0972 0.10233 0.069104 0.042478 0.039136 0.1206 -0.05543 -0.13277 -0.13133 -0.059062 0.04368 -0.019602 0.078627 -0.12061 0.10488 0.10769 0.10218 -0.11632 -0.12526 0.15816 0.029164 0.014022 0.11628 0.132 0.13089 -0.036168 0.024262 0.046579 0.1155 0.11429 0.12543 0.097601 0.046039 0.14116 0.090804 -0.0018943 0.00091978 -0.029598 -0.14387 -0.050888 -0.058764 0.1702 0.17386 0.0064293 0.065889 -0.13726 0.10197 -0.079344 -0.12017 0.092734 0.029995 -0.14 0.032257 0.03172 0.12674 0.083405 0.014177 0.073026 0.1209 0.16731 0.056827 -0.032475 -0.051653 -0.090846 -0.020357 -0.042649 0.016032 0.066727 0.050005 -0.061174 -0.04107 -0.092923 0.10894 6.1211e-05 -0.16269 0.057279 0.03232 -0.158 -0.1093 0.1035 0.16082 -0.089079 0.080345 -0.004348 0.087845 0.057351 -0.0073542 -0.062995 0.093872 0.019968 0.11538 0.12867 0.010171 0.050307 -0.055713 -0.15592 -0.085636 0.14106 0.11654 0.14149 -0.11112 -0.0042939 -0.0048479 0.099169 0.13144 -0.12013 -0.12008 0.17059 0.061164 0.12608 -0.075269 -0.031407 -0.11808 0.01951 -0.066202 -0.0095008 0.027574 -0.054754 0.096698 -0.026296 0.037608 0.0070531 -0.16787 0.051529 -0.15722 0.013855 0.044936 0.11588 0.041957 0.14213 -0.0013519 0.014975 0.16089 0.047256 -0.14028 -0.11475 -0.087644 0.021793 0.12938 0.10824 0.14193 -0.10037 0.021497 0.04239 -0.13305 0.11981 0.018729 0.1314 -0.011059 0.071472 -0.11762 -0.016102 0.025783 0.081062 -0.08591 0.017188 -0.050449 0.056888 -0.050091 -0.063322 -0.10765 -0.058676 0.16117 -0.098873 -0.11606 0.022229 0.016599 -0.043065 -0.051339 -0.021898 0.007804 -0.052754 0.11841 0.10904 0.012538 -0.015446 -0.14278 -0.10083 -0.0082261 0.034922 0.015461 -0.058669 0.054027 -0.15195 0.040145 0.090118 0.11209 0.10799
-0.036034 0.088705 -0.14053 -0.078591 0.10755 0.092846 0.048969 -0.10944 -0.10286 0.034542 -0.14481 -0.037439 -0.10813 0.10286 -0.08386 -0.083867 0.063784 0.080811 0.12234 0.15181 -0.028767 0.013842 0.057351 -0.14598 -0.0078017 0.038975 0.11355 0.11963 0.047151 0.098623 -0.14486 0.061773 0.11496 0.001662 0.055018 -0.018583 -0.13787 0.11664 0.057381 -0.004595 -0.079063 0.027513 0.15125 0.10536 -0.046169 0.0002908 -0.12865 0.15403 0.045472 0.0094372 -0.085269 -0.012628 -0.11905 -0.033389 -0.042564 -0.013001 0.085735 0.13327 0.020322 0.14114 -0.062069 0.094777 -0.13652 0.011647 0.12321 -0.091646 0.097099 0.11586 -0.05481 -0.1142 -0.039943 -0.067357 -0.088303 0.050428 -0.10556 0.088898 0.13048 -0.1449 -0.079597 0.11574 -0.11231 -0.10601 0.12601 -0.12696 -0.084423 -0.14251 -0.14421 -0.11542 -0.10841 0.06598 -0.01997 -0.036954 -0.079565 -0.046079 -0.00099287 0.13479 -0.022142 -0.055315 0.10666 -0.11937 -0.065116 0.14875 -0.076833 -0.11076 0.097266 0.011206 0.13693 -0.14611 0.0057104 0.089552 0.032907 0.13644 0.12504 0.10344 0.053448 0.080147 -0.074715 0.087984 0.063976 0.014088 -0.051124 0.14032 -0.089353 0.10136 0.050353 0.10101 0.12395 -0.0084462 -0.014591 -0.10451 -0.030347 -0.032414 -0.12842 -0.14283 0.14257 -0.10574 0.075699 0.13905 0.11492 0.089637 -0.0090469 0.12279 -0.058546 -0.15288 -0.10844 -0.14343 -0.13617 -0.017853 -0.13079 -0.059093 -0.11812 0.01773 0.039995 0.029319 0.13315 0.12292 -0.10086 -0.12677 -0.015387 -0.052669 0.074403 -0.030213 -0.011648 0.1012 0.025516 -0.12992 -0.014416 -0.00025033 0.16721 0.10054 0.055218 -0.031728 -0.087155 0.1179 -0.11861 -0.051854 0.085315 -0.015563 0.07279 0.016485 0.054753 0.052437 -0.020189 -0.15335 0.03734 -0.064245 -0.10339 -0.12685 0.0084767 -0.10976 -0.098558 0.054889 -0.046041 0.12884 0.090194 -0.12918 -0.0090167 -0.051801 0.02738 -0.097093 -0.040158 0.1173 0.088889 -0.077134 0.02997 0.062644 0.049584 -0.028431 0.0042034 0.072289 -0.0044375 -0.14749 0.14992 -0.044511 -0.154 0.005816 -0.05235 0.10642 0.17349 0.097393 0.0052444 0.036214 0.002979 0.10919 0.051035 -0.077206 0.041235 -0.058169 -0.017779 -0.12768 -0.038993 0.073778 -0.05353 0.12965 -0.01603 0.082855 -0.023185 -0.021125 -0.056539 0.10763 -0.10465 0.079102 0.019289 0.12122 0.095754 0.083125 0.12093 0.11256
0.12781 0.075882 0.13362 -0.030668 -0.046291 0.0068667 0.046546 0.057693 -0.20791 -0.27056 -0.17388 0.0044497 -0.0005018 -0.12876 -0.15553 -0.03415 -0.0068396 -0.11255 -0.21374 -0.093801 0.020045 0.014751 0.0020114 0.035704 -0.32331 0.037849 0.033103 -0.055584 0.10472 -0.043536 0.24342 0.28286 0.22174 0.29671 0.11737 0.04185 -0.17843 -0.15976 0.14236 0.030052 -0.18899 -0.25422 -0.15151 -0.32799 -0.036086 -0.21882 -0.11741 0.023659 -0.24071 -0.31307 -0.13975 -0.21191 -0.085177 -0.12051 -0.023256 -0.0021017 0.088278 0.079099 0.00033458 -0.025154 0.14688 -0.15725 -0.1222 0.12761 0.19493 0.12128 -0.080291 -0.031005 -0.10651 0.037054 -0.13231 0.098478 -0.067723 -0.088782 0.055918 -0.13336 -0.1405 0.044875 -0.092721 0.16049 -0.095316 0.071182 0.09563 -0.10163 0.024993 -0.070935 0.010324 0.016884 0.13347 -0.090572 0.11201 -0.045393 0.020619 -0.013873 0.13298 -0.015304 0.22546 -0.086443 0.0048266 0.20208 -0.18719 0.18421 -0.094042 -0.047634 -0.077081 -0.086334 -0.17199 0.23119 -0.024102 0.072522 -0.036641 0.18589 0.0074668 0.17789 -0.0082684 -0.22438 0.089222 -0.0061568 0.086321 -0.052738 0.094217 -0.039989 0.36443 -0.085685 0.12204 0.10482 0.016211 -0.082291 -0.046064 -0.097564 -0.19043 -0.13725 -0.34245 0.09941 -0.48704 -0.16458 0.045607 0.13066 -0.10184 -0.06991 0.019018 -0.086097 0.028689 -0.034582 -0.213 -0.031057 0.063718 -0.11063 0.31414 -0.16979 0.12791 -0.029335 0.31231 0.03072 0.017123 -0.31536 0.031679 0.069188 -0.54273 -0.26128 -0.22138 -0.33157 -0.14723 0.05975 -0.091526 0.022247 -0.016136 -0.14553 -0.029598 -0.18257 -0.18108 -0.15622 -0.013591 -0.23655 0.082182 -0.082846 0.088449 -0.018535 0.25255 -0.28974 -0.019614 -0.45034 0.077179 0.038323 0.034379 -0.034142 -0.23762 0.18715 -0.15339 0.11902 0.013028 0.14107 0.024334 -0.093631 -0.15071 -0.04068 0.13688 -0.1335 0.11703 0.16099 0.059217 -0.25442 0.0021091 -0.066577 0.10949 -0.036567 0.21606 0.11231 -0.12978 0.037488 -0.038979 0.1863 -0.26016 -0.13362 -0.080469 0.28629 0.19927 0.035697 -0.03413 0.0066316 0.03881 -0.45132 -0.27821 -0.1764 -0.21494 -0.074206 -0.16835 -0.16225 -0.085949 0.14127 -0.014152 -0.11192 -0.016901 -0.23136 -0.20603 -0.36354 -0.27777 0.010182 0.038349 0.2629 -0.027505 0.019254 0.15788 -0.048171 0.092504 0.083306 -0.18 -0.054399
0.020243 0.15938 0.038227 0.10479 0.070452 0.078405 0.045718 -0.20048 -0.1774 0.030224 0.096641 0.085243 0.023522 0.18614 0.12487 -0.13577 0.010662 -0.059148 -0.11408 0.016485 0.017761 -0.13219 0.016779 0.077885 0.23294 0.11995 0.0035114 -0.10316 -0.1459 -0.19614 -0.099272 0.08735 0.20686 0.026532 0.27321 0.12715 0.1432 0.19285 0.19425 0.1286 0.044096 0.036092 -0.32019 -0.38554 -0.23646 -0.28876 -0.34658 0.039847 -0.24114 -0.053912 -0.20172 -0.21541 0.047329 0.00098298 0.10183 -0.013259 -0.2223 -0.16147 -0.046054 0.14363 -0.035988 0.20886 0.16379 0.021661 0.097134 -0.15575 -0.18429 0.13391 0.19552 -0.039345 -0.03867 0.013912 -0.05029 0.090566 0.0072627 0.069227 0.22375 0.020184 0.18752 0.1458 0.13167 0.28158 -0.034395 0.0012195 -0.083424 0.072787 0.084822 -0.0025956 0.11723 0.037169 0.026851 0.18191 -0.095172 -0.1647 0.2472 0.20968 0.092281 -0.055183 0.15214 -0.073681 -0.0097763 0.10899 0.13378 0.046631 -0.055396 -0.093953 -0.26605 -0.15692 -0.083692 -0.063782 0.081053 -0.17928 -0.13022 -0.05897 -0.00099648 -0.0082578 -0.039761 -0.011193 0.019906 0.012962 -0.14996 -0.090564 0.13663 0.082736 0.16962 -0.0364 -0.10028 -0.22175 -0.25646 -0.029246 0.13952 0.10433 0.076227 -0.027818 -0.11383 -0.039724 -0.26792 -0.26845 -0.091642 0.30296 0.12689 0.24823 0.052207 0.25368 0.1622 0.36705 -0.15932 -0.071179 -0.035173 0.080463 -0.0035911 -0.048571 0.15426 -0.19314 0.041204 -0.33455 -0.23661 0.12714 0.29076 0.041143 -0.089802 -0.086809 -0.35948 -0.52142 -0.42293 -0.37325 -0.11406 -0.007972 0.10273 0.11431 0.059882 0.26858 0.080192 0.1519 0.15822 0.023999 0.20277 0.014425 0.41934 0.022473 0.038343 -0.12889 0.14368 -0.030917 0.19129 0.022551 0.13158 -0.046395 0.070366 -0.12822 -0.0046105 -0.11651 0.082657 -0.14775 -0.13348 -0.080875 -0.047637 0.12314 -0.10866 -0.06445 -0.10556 -0.03989 -0.21444 -0.14656 -0.22379 -0.068241 0.00070413 0.089568 -0.0060535 -0.071909 0.046915 0.2556 0.054422 0.28946 -0.15088 -0.058995 0.14835 -0.028635 -0.012103 -0.3739 0.049619 0.20244 0.048126 -0.053074 0.0063377 -0.49878 -0.11238 -0.46611 -0.35494 -0.24425 -0.1508 -0.12038 0.05848 -0.045517 0.05115 0.19487 -0.14128 0.07832 -0.039207 0.48251 -0.10212 -0.073909 0.004494 0.19971 -0.1651 0.1134 0.11846 -0.070807
0.094794 0.049751 0.035304 -0.1803 -0.11199 -0.069793 0.074169 0.20708 -0.011933 -0.13789 0.033451 -0.010061 -0.037962 0.07657 0.063885 0.044237 0.050929 0.17 0.14213 0.23336 0.022861 0.034307 -0.22181 -0.01239 -0.34144 -0.30534 -0.20659 -0.085996 -0.097074 0.12629 -0.091772 -0.096987 -0.078555 -0.075166 0.025488 -0.081878 0.081353 -0.027272 0.1191 -0.11665 0.028006 0.04929 -0.067926 0.16733 -0.082445 0.10539 0.035624 0.268 0.238 0.044306 0.068711 0.049794 -0.092547 -0.12212 -0.053369 -0.0012279 0.052401 -0.06878 -0.065011 -0.040818 0.014715 -0.059068 -0.099009 0.14572 -0.047025 0.04644 -0.064752 -0.12413 0.14676 0.027823 0.092456 0.011774 -0.020077 0.16033 -0.051129 0.039574 0.15627 -0.017244 -0.075526 0.017551 -0.012186 -0.17866 -0.0073836 0.038783 0.036411 0.068681 0.072938 0.025297 -0.1334 0.15684 -0.10039 0.033215 -0.057171 -0.046548 0.047768 -0.11754 -0.29237 0.062782 0.23797 0.32068 0.023957 0.29008 0.18529 0.13062 -0.034904 0.07175 0.21436 -0.10049 0.054239 0.15867 0.088033 0.23726 0.033499 0.072905 -0.16831 -0.20323 0.0081955 -0.11001 -0.11588 0.20381 -0.0064114 -0.02925 -0.37355 0.11323 0.12067 0.27197 -0.059675 -0.16654 -0.18011 -0.19244 -0.029358 -0.050416 0.15213 0.054191 0.24288 0.077583 -0.24932 0.10685 -0.025894 0.0056935 0.11477 -0.1401 0.02316 -0.23459 -0.29885 -0.062318 0.15258 0.23374 -0.1634 0.11448 -0.021285 -0.17104 -0.12403 0.1083 -0.13925 0.0080247 -0.26773 -0.32855 -0.39046 -0.088259 -0.2134 -0.26901 -0.14223 -0.17969 -0.11184 0.062263 0.10608 0.34466 -0.044005 0.012366 -0.0017041 -0.52087 -0.026246 -0.3323 -0.059252 0.058901 0.027537 0.11854 0.052859 -0.0055742 -0.24718 -0.34254 -0.15705 0.15256 0.074816 0.22967 0.0021268 0.30163 0.16109 -0.087836 0.1654 0.15155 0.25829 0.010869 0.12481 -0.20595 -0.057752 0.14595 0.17827 0.028689 0.038826 -0.038937 0.099444 0.049823 -0.17061 0.084316 -0.1476 0.079183 0.080394 -0.18872 0.022551 -0.2929 0.064305 -0.10119 0.14249 0.21035 0.10669 -0.0082949 0.16061 -0.056718 0.0040462 -0.21211 -0.087991 -0.10091 -0.14068 -0.11561 -0.10608 -0.2198 -0.085552 -0.21783 -0.00055902 -0.067852 0.062783 -0.10463 -0.37485 -0.29828 -0.3283 -0.31545 0.012648 0.077283 -0.12243 0.085455 -0.02823 -0.079352 -0.081539 -0.13939 0.060839 0.070308
-0.05088 -0.031882 0.13385 -0.01394 -0.086395 -0.012551 -0.014228 -0.062868 -0.19391 -0.1646 -0.060417 -0.037106 0.10882 -0.059714 -0.049451 0.067792 0.046354 0.20638 -0.050985 0.04997 0.093368 0.18559 0.10365 -0.012821 -0.0070831 0.032337 -0.11414 0.16816 -0.053701 0.092545 0.14058 -0.10104 0.059169 0.14281 0.055152 -0.074354 -0.10067 0.064341 -0.12402 -0.032847 -0.065219 -0.17965 -0.21301 0.08217 0.009673 0.042314 0.10683 0.012573 -0.071775 -0.072357 0.1334 0.055997 -0.073984 -0.089396 0.10817 -0.072262 0.15049 -0.05876 -0.12103 -0.10886 -0.16113 0.057666 -0.13057 -0.062388 0.1643 0.14079 0.12684 0.14539 -0.1264 0.14427 -0.19977 -0.0088218 0.092968 0.06091 0.067577 -0.079827 -0.065699 0.041951 0.06228 0.029903 0.087762 -0.060179 0.076782 0.048126 -0.051033 0.11414 0.010826 -0.089993 0.10737 -0.076999 -0.11091 0.11284 0.076068 0.051103 -0.0062634 -0.050561 0.076932 -0.072435 -0.032717 -0.14142 -0.26486 0.045055 -0.12351 0.0038817 0.043063 -0.18863 0.020884 -0.044917 -0.18475 -0.11376 -0.11182 0.10482 0.0090754 0.082087 -0.11162 -0.077448 0.095551 -0.0692 -0.074014 0.176 -0.0025499 -0.16421 -0.10714 0.068367 0.15307 0.069061 -0.035234 -0.17363 0.14272 -0.039707 -0.15052 0.056672 -0.084757 0.049098 -0.31246 -0.068723 -0.036147 0.12516 -0.017202 0.18086 -0.0093509 -0.11445 0.0086549 0.075517 0.084397 -0.014413 0.22757 0.15137 0.27176 0.037253 -0.098539 0.036489 0.053299 -0.053608 -0.18779 -0.20233 -0.13185 -0.191 -0.26162 -0.098932 0.092808 0.0087967 0.12497 -0.13846 -0.030236 -0.083027 0.23221 0.088344 0.1767 0.15056 0.061136 -0.0042884 -0.067248 0.11 -0.0096309 0.032284 -0.024293 0.1128 0.016269 0.10009 0.12821 -0.023053 -0.068476 -0.03166 0.21853 -0.13522 0.011218 0.049554 0.015564 -0.2049 -0.1638 -0.0099208 0.067055 -0.06749 -0.117 -0.12456 0.057413 -0.12148 0.089951 0.11887 0.074841 -0.068809 0.16186 0.19992 0.075188 0.17547 -0.14469 0.010929 -0.10141 0.11124 0.053564 -0.084306 0.015261 -0.052489 0.085826 -0.095534 -0.030769 -0.083069 -0.24323 0.038497 -0.14713 -0.065485 0.014774 -0.095461 0.16813 0.11563 0.059064 0.21772 0.016439 -0.060879 0.043357 0.055771 -0.098268 0.24856 0.14613 -0.053474 -0.11319 0.055338 0.01899 -0.22933 0.070453 0.10514 0.050645 -0.027313 -0.092006 -0.099477 -0.027325 -0.037174
-0.043254 0.0014233 -0.072429 -0.074233 -0.20741 0.052986 -0.014783 0.024046 0.16236 -0.088594 -0.15834 0.22681 0.12413 0.072741 0.13658 0.25346 -0.027767 0.2272 -0.072135 0.12382 -0.18757 -0.067517 0.16557 0.14497 -0.067343 -0.017906 0.15374 -0.01263 0.058045 -0.12498 0.08035 0.075538 -0.027868 -0.052891 -0.11877 -0.25675 0.013803 0.25234 0.096257 -0.02818 0.039386 -0.17 -0.13394 0.02387 -0.22016 0.094641 0.079069 0.13009 0.11877 0.094886 0.18131 0.034499 0.19643 0.24614 0.14759 0.010022 0.18041 0.085378 0.016704 0.32221 0.20472 -0.12941 -0.079318 -0.032538 -0.050205 -0.071552 0.046472 0.17147 0.16203 -0.22492 -0.10998 0.013802 -0.024251 -0.0057218 -0.081493 0.013225 0.1394 -0.10509 0.063104 -0.18601 -0.039571 -0.063311 -0.10305 -0.021915 -0.25861 -0.15711 0.035999 0.045805 0.1038 0.049371 0.12935 -0.20812 -0.23861 -0.043789 -0.052455 -0.063215 0.14946 -0.18232 -0.031701 0.21489 -0.065558 0.010967 0.092616 0.0048873 -0.085708 -0.12434 -0.12503 -0.13119 -0.10309 -0.01302 0.10538 0.024846 -0.12259 0.10494 0.16835 0.18567 -0.17246 0.10717 -0.099984 -0.03779 -0.42681 0.10486 0.18402 -0.10031 -0.23433 0.11365 0.24227 0.13136 0.22706 0.10092 0.035565 0.18848 -0.047366 0.10208 0.20607 0.13313 -0.032149 0.09103 -0.11889 -0.14801 -0.091007 -0.078749 -0.097587 -0.15257 0.14697 0.1342 -0.13215 -0.027589 0.050585 -0.33069 -0.0067905 -0.2554 -0.078838 8.7268e-05 0.15285 -0.14351 0.066381 0.094612 -0.039664 0.24002 0.088482 0.17086 -0.088595 0.091879 0.039193 0.23053 0.14056 -0.018732 0.033696 0.079189 0.13955 0.040999 0.36367 0.31406 0.055315 0.121 -0.097238 0.18961 0.28662 -0.13867 -0.12696 -0.066012 0.057401 0.19635 0.27424 0.14188 -0.12615 0.039312 -0.037984 -0.016731 0.031619 0.18881 0.34835 -0.11202 0.011152 0.10602 0.1473 0.10979 0.047174 -0.065432 0.0096655 -0.19648 -0.094734 -0.26708 -0.081768 0.088076 0.13429 -0.11102 -0.040973 -0.11362 -0.3149 0.055805 -0.39817 -0.15534 0.21961 0.072805 0.056621 0.12288 0.073838 0.23124 0.11912 0.35231 -0.12679 0.039276 -0.10738 -0.098916 -0.058902 0.07468 -0.055802 -0.21018 0.11474 -0.10079 0.10154 -0.21312 0.2827 -0.018261 -0.013748 0.21459 0.15446 0.23236 -0.16516 0.046919 -0.082473 0.071966 0.073871 -0.16826 0.21362 -0.039774
0.050729 0.013688 0.021832 0.032089 0.095644 -0.06188 -0.098203 -0.078046 -0.055424 0.023967 0.097341 -0.058307 0.066305 -0.053752 0.1344 -0.013192 -0.056951 0.0083007 0.03929 0.087983 -0.16101 0.11811 0.13045 -0.047703 0.13265 -0.12735 0.011792 -0.15692 0.14447 -0.075064 0.14367 0.10589 -0.10624 0.16105 -0.10907 0.089748 0.11589 -0.12804 -0.072774 -0.039131 -0.13317 0.066921 -0.11503 -0.16365 0.067855 -0.15064 -0.04088 -0.14308 -0.012324 -0.055167 0.072463 -0.16234 -0.12751 -0.11932 -0.013199 -0.061149 0.019916 0.02374 -0.11924 -0.076427 0.14274 0.13444 0.051893 -0.061714 0.019078 0.098358 -0.038958 0.074495 -0.020956 0.084657 0.10529 0.13965 -0.040418 0.10435 0.026402 0.11384 -0.04133 0.078469 -0.13648 0.041604 -0.0080378 -0.09931 -0.091202 -0.048382 0.043079 0.080716 -0.021102 -0.14825 -0.058763 -0.052407 0.021043 -0.073716 -0.089538 -0.052238 -0.05221 -0.051016 -0.11007 -0.069332 -0.14251 0.091044 -0.068688 -0.040724 -0.0028043 -0.083928 -0.068048 0.14348 0.10466 -0.055464 0.063915 0.11041 0.13855 0.048928 -0.072903 -0.14547 0.06711 0.005631 -0.026326 -0.010961 0.034461 -0.032176 -0.14644 -0.018942 -0.091989 0.1115 -0.10825 0.079036 -0.13641 0.12584 0.073618 0.044229 -0.02269 0.1474 -0.121 0.071663 0.10544 -0.035436 -0.010861 -0.13382 -0.16108 0.10026 -0.083524 -0.1524 -0.059208 -0.093894 -0.086989 0.12008 0.035616 -0.069347 0.046091 0.14208 -0.13171 0.054385 0.027396 0.032698 0.087453 -0.10023 -0.14713 -0.019563 0.12584 0.021787 0.019621 -0.025892 0.1392 0.13005 0.1342 0.040369 0.094513 0.027283 0.10034 0.03599 0.095882 0.022838 0.028001 0.139 -0.14271 0.11442 0.0069664 0.0050004 -0.014505 0.011483 0.025088 -0.093124 0.11945 -0.13279 0.010385 -0.14362 -0.12825 -0.14944 0.12096 0.034911 -0.075189 0.11735 -0.078401 -0.077213 0.11077 -0.037701 -0.11435 -0.14453 -0.047287 0.12816 0.017851 -0.11843 -0.069445 -0.011899 -0.056891 0.10194 0.023176 0.13885 0.11767 0.052829 0.068071 -0.11991 0.078435 0.035825 0.10216 0.1337 -0.026428 0.15576 0.096407 -0.089929 0.013989 -0.032244 0.079317 -0.053735 -0.054554 -0.028428 0.067208 -0.08189 -0.038186 0.033972 -0.012506 -0.13683 -0.069498 0.089102 -0.15631 -0.088115 -0.014824 -0.11159 0.076478 0.13992 -0.004709 0.064215 0.13252 -0.050617 -0.048981 -0.047623 -0.081828 -0.034914
-0.16743 0.050315 -0.033816 -0.057694 0.14996 -0.20753 -0.011277 0.099654 -0.084139 -0.11119 0.13973 -0.057835 -0.18528 0.18156 0.10078 -0.092724 0.2043 -0.072964 0.058563 -0.04503 0.071076 -0.15904 -0.062201 0.15222 0.2707 -0.028275 0.022752 0.073238 0.071194 0.25045 -0.13145 0.013394 -0.11433 0.0054605 0.06539 -0.035338 -0.039543 -0.14735 -0.0040355 -0.029703 -0.12698 0.014795 -0.12144 0.1451 -0.072274 -0.24551 -0.22585 -0.11001 -0.11116 -0.12923 -0.085169 -0.12189 -0.088978 -0.15755 0.085863 0.21404 -0.049137 0.05958 0.025035 -0.015821 -0.023117 0.16562 0.18364 0.016079 0.00068556 0.03868 0.094895 -0.14124 -0.052953 -0.1422 -0.10914 0.06996 -0.079326 -0.049309 0.025461 -0.13947 -0.14702 -0.011162 -0.022836 0.061397 -0.11305 -0.27371 0.14075 -0.064638 -0.018113 -0.031336 -0.092562 -0.069213 -0.19956 0.00021075 0.12094 0.090251 -0.13799 0.18764 0.26807 0.15838 0.14435 -0.017176 0.065758 -0.21475 -0.1734 -0.17938 -0.050326 -0.14647 -0.054692 0.037516 -0.0056089 -0.16822 -0.033245 -0.17352 -0.16075 -0.1408 -0.016123 -0.21041 -0.11246 -0.028901 -0.010694 -0.075707 -0.094071 -0.093078 -0.35313 -0.59794 0.0060286 0.069848 0.16459 0.046129 0.018566 0.026845 0.23924 0.42891 0.57022 0.08248 0.37915 0.10909 0.018725 -0.32248 0.050534 -0.087284 -0.0016498 0.10535 0.081708 0.11155 -0.15661 0.073235 0.068774 0.08941 0.227 -0.10879 -0.59507 -0.42473 0.054954 0.037771 0.019932 0.29261 0.036427 0.11709 0.15372 0.38259 0.31531 -0.080303 -0.042846 -0.055228 -0.17352 -0.32412 0.27341 -0.12144 0.11143 0.011855 0.058011 -0.10506 0.27768 0.11657 0.17103 0.19269 0.093881 -0.074418 0.69402 -0.10657 -0.011822 0.26748 -0.056332 0.3259 0.21904 -0.12896 -0.10672 -0.18435 -0.044082 -0.15727 -0.17374 -0.21445 -0.17492 -0.38355 -0.28199 -0.23583 0.11111 -0.41671 -0.26377 -0.43353 -0.34488 -0.063393 -0.18326 -0.045033 0.0094911 0.32238 0.080854 0.016904 -0.092521 -0.43611 -0.27216 0.14027 -0.0091912 -0.8006 -0.20732 -0.10378 0.15499 0.33157 0.082646 0.1781 0.13488 -0.11892 0.17111 0.17787 -0.067071 -0.070494 -0.096188 -0.020221 -0.24729 -0.028411 -0.1931 -0.14496 -0.10851 0.19835 -0.10802 0.11503 0.39789 0.34639 0.31957 0.13333 -0.23647 0.57752 0.11277 0.069485 0.12291 0.084628 0.073757 -0.085328 0.010397 -0.046034
-0.040162 -0.28205 0.03736 0.24721 0.21219 0.18473 0.15053 -0.11327 -0.075334 -0.12339 0.10712 4.4315e-05 -0.089677 -0.044929 0.018928 0.074994 0.10699 -0.15051 0.067822 -0.088501 0.14645 0.14073 0.12308 0.27225 0.080311 0.017201 0.18795 -0.11695 -0.15582 -0.16445 0.014455 0.001352 0.18411 -0.019291 -0.1423 -0.061568 -0.049094 -0.015005 0.025265 0.010214 0.012683 0.16821 0.070804 0.10537 -0.10105 0.10507 -0.18964 0.12888 0.022918 -0.04222 0.13537 0.24551 0.20439 0.14282 0.12133 -0.061345 -0.023103 0.022935 0.041688 0.071361 -0.13038 -0.085021 0.12643 -0.042992 0.13915 0.063184 0.062594 0.16688 0.037915 -0.045124 -0.05372 0.03851 0.060893 -0.05648 0.17228 0.10789 -0.039479 -0.074788 -0.044692 -0.0094198 -0.12313 -0.16409 -0.095893 0.086977 -0.053092 -0.044363 0.115 -0.097051 -0.020017 0.010857 -0.082529 0.079951 -0.1364 -0.10645 -0.091153 -0.012871 0.040164 -0.20301 -0.12709 -0.11863 -0.012483 0.029133 0.21121 0.11377 -0.043874 -0.02096 0.030876 0.076318 0.14599 -0.071532 0.11893 -0.17479 0.23198 0.059299 0.34989 0.16167 0.18408 0.064048 -0.20598 0.085674 0.1828 -0.1529 -0.055558 -0.20545 -0.1217 -0.0076967 0.054027 0.072784 -0.099376 0.098144 -0.12129 -0.13928 -0.001222 -0.0081564 -0.095975 -0.055299 0.1223 0.002545 0.17037 0.14908 0.028242 0.057761 -0.025295 -0.06205 0.041352 0.22575 0.10564 0.18842 0.18348 -0.022255 0.058293 0.16614 0.13313 -5.9484e-05 0.047893 -0.27101 -0.096822 0.032409 -0.23623 -0.068863 -0.27866 -0.1944 -0.23606 -0.21626 -0.099304 -0.21442 -0.17511 -0.094002 -0.24744 -0.084432 0.0078608 -0.11531 0.037385 0.069014 0.021163 0.050003 -0.0039621 -0.061453 0.24763 -0.073056 -0.11534 -0.060663 -0.084147 -0.097932 0.024171 -0.1207 0.13029 0.21133 -0.08477 -0.10231 0.040434 0.11924 0.0098103 0.037695 -0.096401 -0.016922 0.0062039 0.098711 0.0078949 -0.02169 0.036502 0.030779 -0.0063876 -0.065706 -0.025152 -0.10504 -0.040259 0.035573 -0.049541 -0.10192 -0.0081304 0.050962 0.10724 0.084121 -0.01843 0.14488 0.058343 0.056304 0.14397 -0.13713 -0.20606 -0.19135 0.041912 -0.19528 -0.13701 -0.27016 -0.041506 -0.16139 0.0062847 0.028209 0.10815 -0.028936 -0.090811 0.060069 0.13014 0.15084 0.010433 0.013495 0.020378 -0.096661 0.087708 -0.14696 -0.01463 -0.017753 -0.13873 -0.085547 0.28802 0.11122
0.18642 -0.022346 -0.1592 -0.05547 -0.22616 -0.21211 -0.021819 0.14017 -0.013103 0.15701 0.044426 0.13208 0.14753 0.053235 -0.01685 -0.016307 -0.11499 0.14295 0.10497 0.10104 -0.081544 -0.012224 0.010445 -0.091614 -0.16026 0.065859 -0.063078 0.0026615 0.037833 0.08967 0.18415 0.16656 -0.13553 0.035731 -0.29876 0.042472 -0.15115 0.023962 -0.13503 -0.26377 -0.023185 0.012181 0.092084 0.22873 0.2577 -0.021155 -0.01621 -0.095344 0.17248 0.10223 0.012661 -0.067999 -0.075337 -0.065282 -0.17993 -0.12395 -0.10809 0.020595 0.092488 0.05009 0.26027 -0.11221 0.16915 -0.03273 -0.1075 -0.16587 -0.052775 -0.27742 -0.015525 -0.084697 0.049227 0.080999 0.12235 0.11926 -0.038841 -0.042046 -0.012169 -0.10815 -0.13198 -0.05393 -0.19198 -0.00077072 -0.18014 -0.12633 -0.01236 0.027067 0.0050845 0.051095 -0.1571 -0.09181 0.045204 -0.092082 0.037014 0.34832 0.17784 0.0067712 -0.083889 -0.015595 -0.040807 -0.31758 0.018053 -0.14251 -0.33547 -0.044178 -0.08159 0.095779 0.0098053 0.065872 0.021685 0.086591 -0.0073675 0.17811 0.125 0.032358 -0.22926 -0.01365 -0.029128 0.017413 0.072941 0.15328 -0.032064 0.44065 -0.27738 -0.44073 -0.1163 0.21141 0.017861 -0.056511 0.17482 -0.061177 0.22726 0.13869 0.13444 0.1842 0.34539 0.070348 0.30651 0.24761 -0.083826 0.037602 0.17552 -0.0078522 -0.058652 -0.068106 -0.19526 -0.24118 -0.10449 -0.0048543 0.035756 0.27298 -0.075297 -0.44818 -0.24264 0.040751 0.16631 0.090252 0.34054 -0.09418 0.021153 0.14104 0.47267 0.14571 0.12598 0.25125 0.11483 0.028494 0.16481 0.14273 0.049902 -0.052335 -0.016047 -0.25008 -0.14579 -0.21176 -0.19176 0.0346 -0.14928 0.12672 -0.47409 0.048566 0.081838 0.19624 -0.26554 -0.040348 -0.036071 -0.13765 -0.20568 -0.062461 -0.063237 0.04134 -0.15037 0.06447 -0.011805 0.10013 0.095355 -0.075638 0.038331 -0.0209 0.24085 -0.04816 -0.06589 -0.089889 0.04448 0.063493 0.14107 0.056436 -0.11451 0.084048 0.02802 -0.030582 0.15554 0.0023135 0.026359 -0.1439 0.23953 0.12534 0.050956 -0.19256 -0.096963 0.013617 -0.32315 -0.073444 -0.27771 0.072205 -0.042417 -0.14904 -0.23341 0.22125 -0.095927 -0.089298 -0.21931 -0.24456 -0.070998 0.096999 -0.21872 -0.23185 -0.0023357 -0.0018377 0.31419 0.00078787 -0.27541 -0.027523 0.0219 -0.039031 0.33951 0.043685 -0.13203 -0.13633
0.12025 0.14814 0.0076479 -0.0053918 0.047209 0.030773 0.10833 -0.088464 0.092228 0.11859 0.043715 0.017933 0.098783 0.0024564 -0.0099817 0.055449 0.032423 0.13148 -0.0364 0.038038 0.090086 -0.081158 0.04257 -0.12461 -0.16043 -0.0018678 0.12366 -0.066514 0.10793 0.17197 -0.063223 -0.00633 0.1042 -0.045472 -0.14425 -0.0026351 -0.085316 0.031325 -0.034394 0.13965 -0.1356 0.14519 -0.026361 -0.11522 -0.096634 -0.12149 -0.15162 -0.14509 -0.095443 -0.055003 -0.123 0.09439 -0.16541 0.12874 0.080888 0.0083575 0.080118 0.15321 0.029154 -0.027415 -0.049793 0.059311 -0.014422 -0.14906 -0.04249 0.050911 0.061265 0.080471 0.073862 0.1583 0.15479 -0.011205 0.01358 0.037536 -0.13038 0.040766 -0.055313 -0.13033 -0.12674 -0.014075 0.078114 -0.03214 -0.04649 -0.00085789 0.00026218 0.11361 0.047145 0.12385 0.10879 0.062787 -0.027716 0.021451 -0.0065546 0.090716 -0.023878 0.056349 -0.095411 -0.09507 -0.092621 -0.15142 0.086463 -0.049853 -0.13176 0.12162 0.010369 -0.030194 0.077811 -0.051969 0.096683 -0.097004 0.016042 -0.036263 0.026834 -0.018058 0.061152 -0.1259 -0.042195 -0.088822 0.080686 -0.007385 0.040259 -0.10555 -0.036574 -0.058672 -0.065517 -0.099662 -0.043046 0.1728 -0.071788 -0.070926 -0.05653 0.035877 -0.13879 0.068211 -0.02017 -0.0072884 -0.10359 0.14503 0.13105 0.17673 -0.10759 -0.081297 -0.1465 0.038878 0.088455 -0.020756 -0.063546 -0.058923 -0.073687 0.1557 0.13317 0.12453 0.067454 0.036773 0.11095 0.11459 0.11562 0.13518 0.067648 -0.16311 0.078265 -0.10012 0.044935 0.065235 -0.048998 0.091421 0.16006 -0.064722 0.071316 0.094843 0.10126 -0.083591 -0.049656 0.11713 -0.14182 0.051882 -0.15025 -0.08495 0.088747 -0.047327 0.14318 -0.14655 -0.066299 -0.085932 0.12569 -0.15128 0.070403 0.12829 0.048252 0.13002 -0.059721 0.13069 -0.036496 0.14643 -0.075619 -0.11937 -0.054395 0.069438 0.0064685 0.099829 -0.052803 0.046134 0.10561 0.03529 -0.082645 -0.11276 0.16133 -0.082869 -0.12708 0.12729 0.13269 0.13136 0.04452 -0.066402 0.044446 0.032244 -0.096824 0.12422 -0.11224 0.016553 0.045248 -0.0063171 0.12549 0.083561 -0.13564 -0.01429 0.1124 0.015953 0.064258 -0.13947 0.00048026 0.052959 0.04371 0.018031 0.032431 0.060234 -0.0065418 0.038475 0.018033 -0.050327 0.18342 -0.0083267 0.13227 0.091618 0.073232 0.14434 -0.026137 -0.097861
-0.087494 0.12932 -0.083624 0.030505 -0.096919 -0.05546 0.025741 0.13669 -0.16352 0.090239 -0.11134 -0.09823 -0.11659 0.15524 -0.0519 0.093137 -0.10317 -0.059615 -0.011589 0.1349 0.060953 -0.10918 0.124 -0.15333 -0.09822 0.10641 -0.043335 -0.017559 0.020297 -0.071993 0.058131 -0.037624 0.14495 0.0047033 0.14939 0.077394 0.1208 -0.068784 -0.0066405 0.12443 -0.017916 -0.047102 -0.029929 0.040345 0.11062 0.070082 0.12934 0.095011 -0.04702 0.16305 -0.14967 -0.018908 0.079159 0.11476 0.0023945 -0.1254 0.13776 -0.068666 0.046383 0.12742 -0.051212 -0.12357 0.010803 -0.035373 0.096493 0.032494 0.087122 0.09318 -0.022415 0.080406 -0.074927 -0.14865 -0.12977 0.051481 -0.022205 0.035569 0.10193 -0.082946 -0.014674 0.02283 0.060121 0.15038 -0.021376 0.0027091 0.078713 -0.10369 0.046112 0.0040537 -0.050892 0.13499 -0.12556 -0.014459 0.034255 0.009962 0.01013 -0.037042 -0.092733 0.05226 -0.072748 0.049016 -0.038719 0.054273 -0.10016 0.11507 -0.022142 -0.008076 -0.026055 0.14222 0.073312 0.013497 -0.062486 -0.057692 0.11061 0.11882 0.031949 -0.034491 0.095965 0.093182 -0.12025 0.087038 -0.14933 0.08233 -0.12571 0.037071 0.011272 0.11856 0.15199 -0.1017 -0.023361 0.053473 0.067724 0.12946 -0.022489 0.022098 0.084428 -0.08122 0.052519 -0.12251 -0.050995 0.026381 -0.088577 0.089807 0.0449 -0.14096 -0.096235 -0.12011 -0.016834 0.029498 -0.14378 0.12614 0.10709 -0.0069502 -0.15706 -0.069246 0.12343 -0.11356 -0.055821 0.15806 0.086048 0.027714 -0.17237 0.032269 -0.16153 -0.091011 -0.10302 -0.0068767 -0.032477 0.14307 0.098804 -0.12127 -0.013194 0.0033099 0.11506 0.012373 0.14694 -0.14302 0.0065735 -0.051301 -0.14033 0.16566 -0.068008 0.01644 -0.11306 -0.026392 0.10814 0.049386 -0.12664 -0.03975 0.092526 -0.13324 0.12301 0.15383 -0.018196 -0.021873 0.1376 -0.15438 -0.060105 0.010923 -0.037442 -0.13311 -0.018988 -0.027775 -0.089377 0.093385 -0.0039075 0.10639 -0.054272 -0.045263 0.084841 -0.11476 -0.051996 -0.09381 0.11637 -0.0054409 -0.12924 -0.044805 0.15207 0.15744 -0.13455 0.072699 -0.1284 -0.046895 -0.018741 -0.060722 0.014429 0.10412 -0.15875 -0.01639 -0.0092906 0.015436 -0.099606 0.01933 -0.054366 -0.11988 -0.1007 -0.024281 0.031988 0.11881 0.1104 -0.039402 0.10594 0.016328 0.0094396 -0.1296 -0.1437 -0.0075928 0.020498 0.042217
-0.12451 0.031744 -0.14006 -0.12799 0.016555 -0.092103 0.065411 -0.071012 -0.018825 0.055577 -0.021792 -0.059524 0.026683 -0.14209 0.15411 -0.12572 -0.10326 0.0016023 0.16242 0.076821 -0.053369 -0.08063 -0.038629 0.038122 0.037343 0.012862 -0.10381 -0.072578 0.091058 0.15385 -0.07365 0.012552 -0.13683 -0.074404 0.025951 -0.1385 0.18789 -0.071654 0.012299 -0.037091 0.11901 0.0031366 -0.092488 -0.11076 0.102 0.18015 -0.08574 0.13216 -0.0067786 0.035206 -0.016513 -0.10303 0.073253 -0.11686 -0.0058035 0.042063 0.078716 0.062828 0.085221 0.13584 -0.10378 0.053998 -0.1386 -0.092557 -0.057058 0.037077 -0.14674 -0.13207 0.074342 -0.10706 0.11682 -0.14874 0.11843 0.10203 -0.0088987 0.028632 0.043054 0.063852 0.10832 0.093812 0.095981 0.085561 -0.12573 0.082587 0.095946 0.086657 0.074242 0.034055 0.056683 0.1313 -0.025612 0.10589 -0.17561 -0.14794 0.025133 -0.060171 -0.10553 -0.10037 -0.0065146 0.11262 -0.033957 -0.13006 0.013473 -0.06524 0.17043 -0.0503 -0.12997 0.1086 0.12845 0.077555 0.076291 0.057789 0.16029 0.17744 -0.039091 -0.017582 -0.004534 -0.057737 -0.072236 0.094268 -0.11085 -0.029399 0.10521 0.1173 0.20886 0.20521 -0.11805 -0.043972 0.0053889 -0.017127 -0.036617 -0.036594 0.019874 -0.089641 0.092535 -0.15832 -0.071041 -0.098408 0.03207 0.13774 0.12235 0.067995 -0.045475 0.033019 -0.070931 0.11369 -0.19661 0.014312 -0.2153 0.055404 -0.12747 -0.098586 0.20375 0.062298 -0.037005 0.12293 -0.027552 0.0082194 0.11695 -0.10164 0.099568 0.0063274 -0.050082 0.046669 0.049517 -0.038634 0.13104 0.1605 0.11398 0.20618 0.16997 -0.049995 -0.054302 0.015669 0.013353 -0.14973 0.03463 0.077258 0.12487 -0.090256 -0.087547 0.061557 0.069149 0.048142 -0.037396 0.086785 0.16495 0.095567 0.13497 -0.033101 0.15685 -0.1203 -0.1206 0.098547 0.063916 -0.099847 -0.0044383 0.074812 0.030757 -0.045574 0.12934 0.013915 -0.11703 0.13651 0.088245 0.040754 0.0058214 -0.056724 0.16136 0.07085 -0.16961 0.051359 0.10301 -0.087459 0.027694 -0.015981 -0.10077 0.14067 -0.13589 -0.016861 -0.10855 0.057955 -0.16449 -0.10041 0.056921 -0.13577 0.014212 0.055442 0.097131 -0.10726 0.028757 0.1691 -0.068543 0.087043 0.12616 0.24744 0.053582 -0.019358 0.16799 -0.19045 -0.084804 0.058671 -0.1853 0.0093469 0.0094404 -0.11166 0.020071 -0.0033671
-0.043374 0.06955 -0.10881 -0.18412 -0.13546 -0.14323 -0.14299 0.039708 0.042798 0.12784 0.16202 0.087768 0.16324 -0.097361 0.050439 0.02077 -0.09338 0.020626 0.0035973 -0.046985 -0.15311 0.053147 -0.0040535 -0.19967 -0.31704 0.03686 -0.029661 0.048061 0.22912 0.0064418 0.058378 0.096647 -0.076368 -0.021406 0.019518 0.14365 -0.0092601 0.067455 -0.041155 -0.24794 -0.053179 -0.20618 -0.16652 -0.29061 -0.092816 0.12233 -0.10732 -0.15846 -0.025538 -0.13622 -0.19684 -0.31141 -0.043224 -0.021419 -0.13465 0.051248 -0.049458 -0.19367 0.062207 -0.015846 0.11841 -0.14005 0.023644 -0.077332 0.17111 0.0047525 0.092684 -0.043689 0.053659 0.071438 -0.25161 -0.16042 -0.14586 -0.12288 0.11824 0.035046 0.20274 -0.031872 0.13665 0.10412 0.16448 0.046258 -0.059373 0.11027 0.12782 0.084938 0.084644 -0.055516 0.08728 -0.17122 0.012527 -0.0094124 -0.096011 0.15857 0.036752 0.057951 -0.015477 0.02656 0.17384 0.0095192 0.137 -0.038536 -0.16589 -0.045622 -0.10893 -0.0087897 -0.10354 0.1723 0.071515 0.1639 -0.02507 0.030571 -0.19752 0.09629 -0.015517 0.019307 -0.14836 0.061839 0.043994 0.058805 -0.047256 0.33645 0.14209 0.25696 -0.097336 0.11753 0.028323 0.20002 0.046246 0.050012 -0.088184 0.098322 0.10332 -0.21926 0.062935 0.11513 0.091869 0.044444 0.029181 -0.0059086 0.12223 -0.084953 -0.077517 -0.30565 -0.052507 -0.16892 -0.16941 0.10801 0.034303 0.25924 0.044161 -0.088579 -0.012266 0.087784 0.041546 -0.070498 -0.015073 -0.25433 0.021292 0.076436 -0.010449 0.082927 -0.00075048 -0.089225 -0.21947 0.16776 -0.038344 0.21966 -0.094696 -0.15434 -0.14917 -0.20017 -0.11733 -0.44867 -0.018848 -0.11542 -0.31506 0.063715 -0.059951 -0.43876 0.056023 -0.077538 -0.046949 0.027572 -0.07107 0.1039 0.010444 0.1188 0.046024 -0.038656 0.10049 0.12333 -0.063505 -0.10124 0.039383 -0.0044398 0.26496 -0.011224 0.27172 0.15444 0.05876 0.067473 -0.087687 -0.1068 -0.21466 -0.038005 -0.18046 0.040451 0.070197 0.032481 0.17937 0.15658 0.041385 -0.35997 0.10984 -0.16997 0.053464 -0.10669 0.087325 0.015141 0.29525 0.09264 -0.060049 0.064725 0.15695 -0.015979 0.013268 0.0041758 -0.04777 -0.00054203 0.055142 -0.057232 0.18299 -0.17676 -0.3662 -0.3201 -0.35827 0.016979 -0.23943 0.42858 0.065168 0.17003 0.20002 -0.13852 -0.049204 0.13202 -0.027009 0.16919
-0.075782 -0.11252 0.06131 -0.19678 0.040397 -0.031662 -0.035165 -0.043528 0.20122 0.1378 0.14519 -0.12725 0.019939 -0.15584 -0.007196 0.054159 0.12045 -0.056555 0.042795 -0.13661 -0.11601 0.18595 -0.12773 0.01391 0.16833 0.17348 -0.07399 -0.085464 0.16178 0.014121 -0.07664 0.027983 0.17602 0.17036 -0.00023955 0.092906 -0.16666 -0.068936 -0.058391 -0.14604 0.0069732 -0.19348 -0.012554 -0.023776 -0.1768 -0.10702 -0.030402 -0.23068 -0.15065 -0.13742 -0.16998 -0.1664 -0.079894 0.025533 -0.14588 0.066195 0.0049951 0.0070761 -0.15881 -0.0077978 0.071424 0.039713 0.031164 -0.12298 -0.086437 -0.030986 0.072468 0.10796 -0.034688 -0.19693 0.094439 -0.091506 -0.023341 -0.027146 0.14026 -0.14196 0.11007 0.03743 -0.082511 -0.1155 -0.14481 0.11881 0.031452 -0.085541 -0.03864 -0.0014068 0.012944 -0.02906 0.052553 -0.15297 -0.013723 -0.04974 0.15061 -0.041568 -0.058889 -0.040736 0.045527 0.033831 -0.1786 0.0037344 -0.011933 0.12008 -0.13324 -0.043475 -0.076531 0.033257 -0.11426 -0.054248 -0.15154 -0.0026807 -0.12926 -0.13823 0.0055566 -0.15957 0.04423 -0.049613 -0.10786 -0.1827 -0.037071 -0.026319 -0.10165 0.081857 -0.074783 0.076879 -0.17157 0.096832 0.10939 0.18112 -0.048683 0.19981 0.12914 -0.0090008 0.016858 0.04687 -0.11038 0.15781 -0.21337 0.11749 0.10506 -0.099545 0.13634 0.0079536 0.026069 0.1407 0.093529 0.24911 -0.081092 -0.14109 0.047503 -0.02265 -0.1573 0.062363 -0.080636 -0.15781 0.21884 0.044838 -0.11315 0.12157 -0.010397 0.26695 -0.042287 0.081652 -0.064205 -0.02739 0.0060898 -0.17861 -0.0060791 0.010236 0.068002 -0.016963 0.22595 0.03912 0.24727 0.13619 0.1844 0.0635 0.0015896 -0.04865 0.098847 -0.11076 0.1807 -0.056834 0.071558 -0.02585 0.15691 0.0011961 0.081785 0.16754 0.020763 -0.044891 0.033117 -0.00045464 -0.02625 -0.14336 0.11854 0.10239 -0.029897 -0.20363 -0.066784 0.072546 0.050142 -0.12896 -0.12314 -0.044734 -0.02148 -0.054408 0.17631 -0.032284 0.18016 0.15067 0.039803 -0.13661 0.2096 -0.026909 -0.063167 -0.0077884 0.057552 0.18763 -0.053208 0.060738 -0.091016 0.042568 -0.11506 -0.23482 -0.13865 0.16215 0.066562 -0.27879 -0.1287 0.074669 -0.029471 0.14691 0.070137 -0.098598 0.13678 0.27001 0.023398 0.066299 -0.041393 0.1856 -0.11819 0.1472 -0.044406 0.022407 -0.074691 -0.10034 0.20678 -0.13147
0.001263 0.1008 0.096964 -0.014186 0.015271 -0.1564 -0.12506 0.11829 -0.040942 0.10846 -0.03558 -0.058855 -0.077524 0.015798 -0.093054 0.058719 -0.046419 0.083807 0.01014 -0.073635 -0.07004 0.0016217 0.12182 0.017991 -0.067087 -0.089931 -0.15235 -0.028426 0.090571 -0.068067 0.073047 0.030356 0.13728 -0.048012 -0.12267 -0.15016 0.14167 0.19263 -0.10055 0.14234 -0.035685 -0.075508 0.061959 0.10558 -0.14951 -0.11461 -0.14879 -0.11066 -0.13769 -0.076351 -0.0049665 0.08776 0.056478 -0.020904 -0.088678 0.080995 -0.0043953 0.085155 -0.078551 0.14387 0.11637 0.0098645 -0.08783 -0.11278 -0.082454 -0.067627 0.14856 -0.10616 -0.028945 0.12469 0.13356 -0.046919 -0.10494 0.016023 0.056816 -0.13971 0.018028 -0.022641 0.027005 0.085485 -0.057795 -0.032094 0.013517 0.047437 0.10996 0.039796 -0.13328 0.00098359 0.093569 0.16874 -0.14342 0.011216 -0.018727 0.050022 -0.01108 -0.086473 -0.029325 -0.057434 -0.16791 0.064442 0.10563 -0.091876 -0.05244 -0.090113 -0.12617 -0.077536 -0.0060941 0.11949 -0.045535 0.10805 0.055838 0.11132 -0.1204 0.10896 -0.077081 -0.18886 -0.14322 0.021997 -0.057201 -0.023241 0.14492 0.040789 0.14182 0.078955 0.094391 -0.12677 0.020725 0.003996 -0.0067485 0.001396 0.17531 -0.15072 0.038071 0.11046 -0.13125 0.079514 -0.039194 0.1738 0.11974 -0.0096231 -0.13922 0.057136 0.01845 0.10172 0.12382 0.030245 -0.037761 0.035576 0.00064552 0.10207 -0.056731 0.13282 -0.062974 -0.12938 -0.079419 0.15949 -0.10988 -0.083752 0.1082 0.079267 -0.060452 -0.022689 -0.011167 0.10353 -0.064397 -0.087091 -0.10662 0.00043 0.15989 -0.1306 0.12687 0.1477 -0.10432 -0.16142 0.01615 -0.025312 -0.13802 0.080363 -0.10715 0.080248 0.11892 -0.061723 -0.0016934 -0.026764 -0.052242 0.12457 0.093968 0.074848 0.1324 -0.0033429 -0.011066 -0.038616 0.066221 0.15935 0.13584 -0.059279 -0.13393 0.13897 0.112 0.091777 -0.12787 -0.1048 0.10349 0.084448 0.030915 -0.026116 -0.077356 0.10616 0.02759 0.12133 -0.1169 0.01133 -0.011274 0.1055 0.084667 -0.11187 -0.013283 -0.0191 -0.016715 -0.10134 -0.079434 0.11181 -0.15956 0.12061 -0.11607 0.11152 0.042703 0.046669 -0.043107 -0.15618 0.055873 -0.065265 -0.048983 0.084615 -0.080244 -0.18276 0.03501 -0.011753 -0.042597 0.13033 -0.090634 -0.12813 -0.014067 0.047731 0.052173 -0.045127 0.0076208 0.12917
-0.11244 0.0034244 0.13064 -0.037766 0.26756 0.27664 0.14333 -0.021951 0.03799 -0.091415 -0.23772 -0.16072 -0.24392 0.082923 -0.077699 0.014101 -0.10119 0.021806 -0.015825 0.056763 0.028493 0.18456 -0.10729 -0.096075 -0.082887 -0.046573 -0.17044 0.10871 0.15083 0.10119 0.15686 0.080694 0.068881 0.15775 0.075908 0.13723 -0.047614 -0.081873 -0.048188 -0.32153 0.025829 -0.13159 -0.12037 -0.088762 0.032883 -0.078592 0.14979 0.0088901 -0.00035823 0.0065168 -0.099186 -0.37779 -0.12823 -0.27605 -0.12326 0.10529 0.015414 0.030508 -0.042684 0.0070585 -0.13962 -0.10407 -0.044406 0.17196 0.14699 0.21826 0.046292 0.07354 -0.0076103 0.0098273 -0.036664 -0.0060335 -0.0031682 0.087204 -0.020098 0.040267 -0.13581 0.10724 -0.087345 -0.050694 -0.045582 -0.062968 0.038486 -0.2094 -0.02224 0.0074794 -0.076713 -0.11388 0.11182 0.12946 -0.033259 -0.028515 0.054366 0.066011 0.071609 -0.093261 0.11222 -0.089822 0.18207 0.090727 0.091201 -0.15758 -0.20766 -0.19944 -0.13357 0.093276 0.070929 -0.1607 0.093274 0.16476 0.11217 0.045941 0.1404 -0.072733 -0.21025 -0.34003 -0.13169 -0.069404 -0.22626 -0.23888 -0.18366 -0.034827 0.34096 0.17216 0.0073205 0.19346 -0.011557 0.030558 0.055481 -0.15629 -0.16672 0.10338 -0.15598 0.076997 -0.16172 0.069992 -0.034318 0.075151 -0.0014863 0.33162 -0.048807 0.13453 -0.039827 -0.03547 -0.073594 -0.084538 0.24975 -0.13692 0.0084388 0.12185 0.11113 -0.04591 0.12432 0.09843 0.064429 -0.35463 0.070152 -0.13586 -0.1593 -0.13832 0.067694 0.11692 -0.0042127 0.12135 0.057207 -0.056207 0.20342 -0.062284 0.02669 0.22038 -0.016807 -0.069288 0.2163 0.075105 0.12581 0.021001 0.046954 -0.046018 -0.2038 -0.11972 0.071121 0.02682 0.060802 0.19448 0.29185 0.054567 -0.034879 0.29068 0.19783 -0.29957 -0.30008 -0.080005 0.027823 -0.12055 0.097235 -0.087705 -0.037349 0.11133 -0.075923 -0.039205 -0.017014 0.089529 -0.078516 -0.037999 0.18534 0.17314 -0.0068908 0.079456 -0.10884 0.06819 -0.14326 0.1455 -0.29506 0.10197 -0.038658 -0.021266 0.241 0.0061609 -0.19332 0.1762 -0.11879 0.22581 0.14457 -0.17935 0.075216 -0.059555 0.028253 -0.078636 -0.1159 0.3053 0.038773 0.057731 -0.0058797 -0.16187 -0.10105 0.022821 -0.10448 -0.0033134 0.11316 -0.41564 0.14919 -0.0075112 -0.00079378 0.13684 0.12399 -0.016806 -0.089297 -0.089369
0.034015 -0.091387 0.18358 0.19712 -0.032293 -0.030064 -0.016094 -0.0067683 0.039371 -0.1097 -0.021202 -0.033804 -0.139 0.0094485 -0.013611 -0.059103 0.008246 -0.074881 -0.0090809 0.10241 -0.072469 -0.14487 -0.11873 0.067451 -0.028738 -0.019658 0.04609 0.058159 -0.02085 -0.053173 -0.064802 0.05397 0.14207 -0.063181 -0.035601 0.15023 0.023409 -0.046468 -0.15063 0.098112 0.063434 -0.05603 -0.16445 0.00040138 -0.073667 -0.046767 0.087049 0.12828 -0.063087 -0.16123 0.040276 -0.18797 -0.017486 -0.02351 -0.18081 0.18614 -0.12746 -0.056668 -0.016195 -0.10791 -0.012379 0.01184 -0.074999 0.10304 0.054184 -0.079506 -0.090239 0.031395 -0.030694 0.13722 0.13994 -0.026469 0.18655 0.040681 -0.037396 -0.018278 0.10212 -0.13452 -0.019848 0.049769 -0.10498 -0.14833 -0.022207 0.086822 0.17592 -0.021153 -0.12392 0.075737 -0.02061 -0.04934 0.14957 -0.048487 0.049244 -0.071494 0.083436 0.13425 0.19589 0.22512 -0.01063 -0.018469 -0.13166 -0.034011 0.0078083 -0.1192 -0.10769 0.029406 -0.20183 -0.17107 -0.13578 -0.1556 -0.10538 0.09984 -0.12702 0.062112 -0.21293 -0.10377 -0.040263 -0.069381 0.056883 -0.14598 -0.019256 0.09768 0.1524 -0.029034 -0.18575 -0.020477 -0.079404 -0.025138 -0.12157 0.1307 -0.063421 0.040746 0.054841 -0.038603 0.034979 0.24403 0.16359 0.1085 -0.036432 -0.020666 -0.041539 0.075849 -0.086021 -0.051961 0.027231 -0.068549 0.10746 -0.015195 -0.1515 -0.14018 -0.029529 0.13373 -0.064683 0.041177 0.046608 0.10272 0.18367 -0.060564 0.15931 0.091389 -0.069899 0.12014 0.045193 0.15514 0.01158 0.15821 0.0074216 0.10266 0.092349 0.057493 0.14045 -0.086549 -0.20945 -0.099016 0.054455 -0.18362 -0.13915 -0.024299 0.094914 0.19471 -0.069075 0.040757 -0.019182 0.10816 -0.040674 -0.15013 -0.045581 -0.18672 -0.11189 -0.034747 -0.0001821 0.20876 0.14496 0.22311 -0.065995 0.075406 0.083586 -0.016657 -0.0079901 -0.099783 0.12223 -0.055324 0.022181 0.23495 -0.02258 -0.077598 0.23289 -0.12945 -0.020999 -0.073691 -0.093581 -0.030245 -0.21364 -0.10136 0.024394 0.043786 0.14026 -0.021885 0.024955 0.24641 0.13729 0.13337 -0.14023 0.026782 -0.11139 0.13887 0.015637 -0.013079 0.22649 -0.0093832 0.13198 0.051513 0.22084 -0.039519 -0.053359 0.026197 -0.23664 -0.12805 0.17019 0.0086188 0.083023 -0.0060021 -0.12005 0.01047 -0.099506 0.035419 0.17989 -0.18266
0.11527 -1.5938e-05 0.084273 0.083123 0.062616 0.18799 0.1754 -0.14491 -0.017911 -0.17665 -0.11566 -0.074952 -0.044408 0.058504 -0.061411 -0.079428 0.018639 -0.052603 -0.055308 -0.010697 -0.093099 -0.021542 0.10811 -0.033851 0.051069 -0.02553 -0.15089 0.20267 -0.14829 -0.072372 -0.042198 0.066227 0.087739 0.12356 0.029012 0.086564 -0.16696 -0.23744 0.094117 -0.13228 -0.084667 -0.12227 0.089077 0.058406 -0.14663 -0.078126 -0.012465 -0.15165 -0.086054 0.010021 0.040984 0.15571 0.15721 0.22575 0.036586 0.16896 -0.095433 -0.047113 -0.064619 -0.0067643 -0.16456 -0.092023 0.1675 -0.031659 0.11325 -0.066604 0.0069966 0.11325 -0.058643 -0.091434 -0.091803 0.099654 0.070622 -0.060713 0.070783 -0.014119 0.030256 -0.14817 -0.031413 -0.088723 -0.0094293 0.049964 0.004262 0.010906 0.066012 0.095037 -0.071127 0.052016 -0.14386 0.18719 -0.048506 -0.20817 0.038385 0.063618 0.13093 -0.18616 0.17198 -0.14203 -0.057604 0.023103 -0.068063 0.13136 0.0075769 0.071394 -0.03972 -0.093089 -0.12665 -0.050281 -0.089127 0.059558 -0.037481 -0.054434 0.079413 0.1635 0.25139 0.064316 0.21551 0.20836 -0.032796 -0.020346 0.11629 0.14824 0.22206 -0.0089493 -0.058953 0.12126 0.039268 -0.18289 0.011105 0.16173 0.064718 0.099107 -0.052102 -0.076773 -0.16788 0.12929 -0.17866 0.12045 -0.21009 -0.29837 0.051362 -0.09542 0.071597 -0.17341 -0.042351 -0.079549 0.0073248 -0.13009 0.11732 0.22205 -0.10888 0.14572 -0.17362 0.027359 0.014793 -0.17972 -0.070647 -0.031767 -0.081506 0.13525 -0.10646 0.082519 -0.19994 0.20608 -0.183 -0.07637 0.020093 -0.26378 -0.21083 -0.19964 -0.17109 0.22906 0.090177 0.097798 -0.061066 0.11609 -0.23878 0.079136 -0.26554 -0.13115 -0.11749 0.0060582 -0.066883 -0.10806 0.060886 0.085474 0.21051 -0.19736 -0.052991 0.16423 -0.050302 0.085736 0.02296 0.23549 -0.087026 0.10495 0.1878 -0.067206 0.14348 -0.020769 -0.11757 -0.014283 0.060321 -0.046786 -0.061116 -0.073865 0.1162 0.032392 0.084278 -0.18174 -0.024534 0.19545 -0.14629 0.11357 -0.12763 -0.0011062 0.058426 -0.084114 -0.25515 -0.19353 0.11088 -0.0015729 0.13775 0.074334 -0.014589 -0.030108 0.20141 0.13665 0.038019 -0.24492 -0.10575 -0.2558 -0.27297 0.0222 -0.0019543 0.24471 0.046803 0.13657 0.044489 -0.33017 -0.1289 0.11174 0.074404 -0.080514 -0.045149 0.081901 0.079505 0.013177
0.093494 -0.010844 0.068088 -0.072597 -0.061912 -0.090581 -0.0036618 0.15198 -0.071246 -0.0081383 -0.028386 -0.093129 -0.034761 0.12728 0.013186 -0.051746 -0.029643 -0.080706 -0.022136 0.071947 0.092243 -0.10331 -0.009326 -0.11233 -0.098538 0.13325 -0.12864 0.11563 -0.12305 0.07568 -0.014951 -0.04867 0.067057 0.11512 -0.092631 -0.092129 -0.057018 0.098011 -0.090254 -0.060033 0.16074 0.013681 -0.1206 -0.13645 0.10228 0.034193 -0.064339 -0.036638 0.12293 -0.14117 0.067339 -0.10921 -0.030411 -0.041516 -0.0052382 -0.14805 -0.092202 -0.04726 0.067252 -0.13127 0.04029 0.12178 0.053772 0.12982 0.010265 -0.13776 -0.051359 -0.081495 0.046529 0.10265 0.12708 0.044142 0.13364 0.12456 -0.13631 -0.064706 0.10284 0.053299 0.059819 -0.019624 -0.089539 -0.10041 0.06787 0.039768 -0.093375 0.030469 -0.051905 -0.11377 -0.06941 0.076452 -0.044115 0.026378 0.078065 -0.023731 -0.022192 -0.077145 0.0021623 0.11369 0.017712 0.085083 0.13488 -0.061029 0.13459 0.023542 0.13334 -0.021493 -0.010829 -0.060461 -0.037905 -0.001187 0.086276 0.043907 0.11502 0.15979 -0.086615 0.053218 -0.061408 -0.071672 -0.1474 -0.11357 -0.11043 0.060629 -0.067886 0.098594 0.0025468 0.12211 -0.01732 0.098056 -0.088708 0.050112 -0.10878 0.029315 0.14555 0.053924 -0.013991 -0.029433 0.0046221 -0.11722 0.013666 -0.014472 -0.043701 -0.05277 -0.11459 0.13577 -0.0085714 0.11187 0.14634 -0.065023 -0.042389 0.055627 0.015495 -0.079855 0.031827 -0.14796 0.037231 0.11478 -0.11834 -0.050761 0.067142 -0.062796 -0.038284 -0.036331 0.050296 0.1167 0.0016133 -0.11534 0.14142 0.078133 -0.11575 0.13934 -0.04219 -0.10519 -0.059204 0.10524 -0.093593 0.15973 0.13878 0.027069 0.10638 0.026088 -0.13183 0.089808 0.051786 0.047706 0.069346 -0.15546 -0.020985 -0.13404 -0.014394 -0.15983 0.11662 -0.020108 0.14847 -0.15353 -0.021844 0.045857 -0.11515 -0.02945 -0.019045 -0.040367 0.0074883 0.12212 -0.07034 -0.10625 0.064248 0.054537 0.16086 0.036339 0.11119 0.071569 -0.12702 -0.10013 -0.03778 0.1161 -0.13878 0.11779 0.11616 -0.030367 -0.084023 -0.091569 -0.12739 -0.13893 -0.027916 0.11662 -0.11705 0.026779 0.14381 -0.047799 -0.11211 0.073848 0.060912 -0.14825 -0.04431 -0.11069 -0.076824 -0.086575 0.15323 0.13703 0.1463 0.078183 0.073812 -0.07081 -0.1085 0.024996 0.14247 -0.07926 -0.051961 -0.15823
0.22467 0.0011062 -0.015177 0.052713 0.10614 0.1321 0.11048 -0.083646 -0.15547 -0.061877 0.019789 -0.24614 -0.14264 -0.18489 -0.12758 -0.019549 -0.089388 -0.20956 0.044919 -0.011721 0.063208 0.12747 0.07388 0.053235 0.059609 0.14394 0.1188 0.12057 0.16947 0.056295 0.15201 -0.064372 0.021933 -0.065731 0.049648 0.15241 -0.15669 -0.044442 -0.16549 -0.019949 0.0061428 -0.045169 -0.14258 -0.0073156 0.015508 0.015267 0.12322 -0.12418 -0.099324 -0.098096 0.0083571 -0.038996 -0.15324 0.00040638 0.05092 0.19999 -0.079388 -0.21555 0.0038275 -0.23777 -0.078309 0.12879 0.092717 -0.074815 -0.02676 -0.059558 0.14898 -0.045371 0.047616 0.18211 0.080333 0.061447 -0.040006 -0.075759 0.098123 -0.0093562 0.32281 0.29909 0.13867 0.14097 0.10842 -0.019904 0.13566 0.11875 -0.10384 -0.019608 0.023553 0.16269 0.23033 -0.084177 0.091894 0.08368 0.0029119 0.2763 0.029106 0.043215 -0.011357 -0.11675 -0.16218 -0.080594 -0.15695 -0.19396 -0.14625 -0.11349 -0.12765 -0.17207 0.18037 -0.18421 0.051235 -0.063361 0.084538 -0.19397 -0.011093 -0.1232 -0.19998 -0.18081 -0.12124 0.034404 -0.080703 0.11615 0.11539 -0.029995 -0.1484 0.10994 -0.019602 -0.019875 0.11073 -0.26003 -0.13205 -0.19265 -0.082309 0.069712 -0.23501 -0.27063 -0.26385 -0.092715 -0.19736 -0.22655 -0.045009 -0.20537 -0.026246 -0.22641 0.019937 0.043678 0.10183 0.10553 0.011414 -0.15757 -0.041109 0.22932 -0.044546 0.2536 -0.2284 -0.054158 0.18659 -0.11296 -0.29298 -0.145 -0.052627 -0.1746 -0.14572 -0.094838 -0.13939 -0.19188 -0.27743 -0.32311 -0.33391 -0.24948 -0.16435 -0.13263 0.077942 0.14343 -0.061256 0.13806 -0.033982 0.035083 -0.20259 -0.12863 -0.31899 0.0038864 0.03058 -0.25234 0.012218 -0.11147 -0.029262 0.14643 0.039862 -0.30814 -0.13037 -0.17534 -0.082526 0.16281 -0.2094 0.25572 -0.11066 0.16649 0.027537 -0.013145 0.038511 0.12434 0.057482 -0.10896 0.065914 0.1194 0.096076 0.11446 -0.060281 0.011742 -0.073259 -0.19671 0.0098184 -0.22612 0.2064 0.13887 0.17663 0.0082323 -0.16392 0.086962 -0.058634 0.05517 0.063526 0.15059 -0.19233 -0.22782 -0.1377 -0.43749 -0.19374 -0.18051 -0.098477 -0.18516 -0.10754 0.0043369 -0.063587 -0.011893 -0.25376 -0.081278 0.0025867 0.0022445 0.096323 0.15733 0.061447 -0.13554 -0.12259 0.038696 -0.20381 0.055676 0.053567 -0.016752
-0.0057803 0.094846 0.08598 -0.075562 -0.042247 -0.09958 0.14195 -0.073404 0.029737 -0.082421 0.14702 0.03535 -0.021075 0.13794 0.22828 0.20748 0.11803 -0.0080081 -0.062807 0.003433 0.030137 -0.024935 -0.087391 -0.2056 -0.12631 0.061201 -0.20782 0.049476 0.032258 0.0065119 -0.087987 -0.072095 0.045927 0.14421 -0.085439 -0.014582 -0.095399 0.085276 -0.070333 0.071117 -0.0021203 0.024499 -0.17575 0.080164 0.029157 0.063343 -0.044708 0.014133 0.066144 0.0065012 -0.047999 0.070815 -0.15361 -0.15127 0.057748 0.13107 -0.093996 0.009732 0.14374 -0.10519 0.099343 -0.044885 -0.17597 -0.1165 -0.068476 0.018322 0.018445 -0.15062 -0.040621 0.10985 0.04335 0.047359 -0.11299 -0.10777 -0.13092 0.057774 -0.18403 -0.20021 -0.0052817 -0.0085579 -0.0086213 -0.086299 -0.026376 -0.031521 0.10582 -0.092454 -0.10823 -0.027372 -0.02614 -0.033489 -0.02491 -0.051278 0.10333 -0.099769 0.23863 0.14649 -0.059895 0.12489 0.057077 -0.019175 -0.21314 -0.23576 0.042191 0.0019712 -0.099603 -0.068428 -0.17908 -0.085873 -0.12507 -0.12069 -0.096317 -0.19353 0.057955 -0.07595 -0.040098 -0.21503 -0.11553 0.10839 0.19694 0.17484 -0.22972 0.016958 -0.11535 -0.016726 -0.036886 -0.033106 0.072339 0.25648 0.15702 0.034095 -0.024593 -0.028502 0.1336 0.23118 0.030728 0.25769 0.14899 0.15885 -0.090483 0.082879 0.03808 -0.078037 -0.087091 -0.17858 -0.2069 -0.092636 0.036197 0.11422 -0.049311 0.1031 0.094175 -0.011724 -0.15608 -0.085185 -0.093827 0.01655 0.061989 0.27946 -0.10642 0.11535 0.16407 0.050816 0.12491 0.21531 0.011555 0.071096 -0.06577 -0.025553 -0.19816 -0.12175 -0.11061 -0.2949 -0.31066 -0.21186 -0.0122 -0.076438 -0.12407 -0.063495 -0.03972 0.090069 0.045718 -0.024434 0.15744 -0.0034991 0.19533 -0.020332 0.042989 0.17535 0.023833 0.15825 0.11812 0.02035 0.15613 -0.11045 -0.14384 -0.16812 -0.2314 -0.04938 -0.10375 0.13132 -0.053103 0.084314 0.20677 0.22633 0.29252 0.1721 -0.032907 -0.10037 0.15628 -0.036592 -0.13035 0.23427 -0.032482 0.056221 0.005177 0.061792 0.11689 0.15968 -0.11542 -0.0044837 0.35619 -0.068269 0.20797 0.12198 0.18581 0.073188 0.15068 -0.12632 0.023449 -0.05431 -0.039069 -0.042313 0.05534 -0.1956 0.06593 0.0018402 -0.1049 0.040471 -0.042352 -0.28143 -0.11644 -0.11329 0.088054 0.035858 0.056332 0.13185 0.20244 0.019189
0.31379 -1.7339 -1.2419 -0.70173 1.7961 1.3225 -0.59995 -0.075157 -1.1161 1.275 -1.5197 -1.3997 -1.5063 -0.81951 -1.5012 0.23604 0.11428 -1.2325 -1.5055 1.2325 0.72827 -1.3567 -0.10482 1.3878 0.84448 -1.3919 0.28556 0.17437 -0.52235 1.2671 -0.93902 0.60399 1.1603 0.99335 0.808 -0.14722 1.25 -0.97578
-1.3998
-1.3422
1.3324
1.2085
1.217
-1.0773
-0.95334
0.8846
-0.81325
0.72277
-0.6181
-0.47452
0.58782
0.46148
0.52126
0.25203
0.19538
-0.13066
-0.010279
0.00077665
-0.17063
0.011804
0.27555
-0.42971
0.43381
0.63457
0.53276
-0.67449
-0.66007
-0.847
-0.88774
0.93287
-1.1056
1.0183
1.1819
1.2687
1.3642
-1.4519
-0.021588
t a n s i g
p u r e l i n
