248 16260
16 248
1 16
16 1
1 1
315.34 216.74 284.33 187.07 163.37 236.13 369.27 320.37 156.01 36.169 38.002 84.798 42.14 69.913 23.183 56.506 37.094 50.486 60.771 39.97 53.038 30.566 47.836 46.613 55.273 30.679 23.27 324.37 373.56 353.63 394.96 244.98 227.74 280.69 496.33 425.54 131.9 34.685 37.803 64.178 43.513 58.446 33.671 43.318 34.378 44.536 47.841 37.541 43.069 27.374 43.12 39.823 67.756 28.914 35.208 405.93 839.17 510.79 160.39 176.69 60.256 26.194 66.55 38.942 200.78 184.77 38.194 12.586 10.424 135.16 65.333 64.134 24.662 41.348 34.834 13.958 48.576 64.646 35.668 43.599 28.987 32.76 21.233 26.717 10.568 11.355 329.73 92.483 212.55 403.41 217.99 283.35 284.98 306.53 191.51 243.28 251.87 466.34 359.04 108.15 34.473 22.551 54.756 35.004 48.983 28.645 37.748 27.358 35.457 40.595 30.673 36.316 21.83 34.894 31.179 52.653 25.264 27.607 373.59 360.35 384.99 312.47 274.7 331.74 226.03 308.38 309.14 197.44 49.459 45.719 115.26 45.331 64.752 50.27 51.804 46.767 61.823 69.666 49.153 67.219 38.583 43.696 33.939 56.023 48.658 56.021 325.69 455.74 472.15 391.11 239.75 357.93 291.03 534.27 439.27 151.63 38.902 48.889 123.42 29.889 67.503 40.028 62.951 41.734 54.155 56.675 43.758 54.007 37.196 48.059 30.573 76.201 51.523 84.712 465.39 864.25 614.83 285.98 262.74 104.76 39.329 82.752 56.077 234.2 288.53 35.668 16.858 18.723 127.72 54.377 102.9 28.934 67.431 59.647 13.74 26.62 42.521 47.004 76.765 52.94 58.4 35.008 38.803 23.658 28.134 396.68 132.57 382.73 387.27 208.08 372.56 493.15 310.29 185.42 290.6 281.31 532.05 322.93 137.53 32.802 34.513 82.129 26.866 58.582 33.281 40.019 34.257 51 54.982 52.348 54.853 42.246 47.265 31.266 67.238 47.959 68.869 452.29 0.087403 0.60691 0.97853 0.15786 1.1639 0.17192 0.084047 0.53668 0.14292 0.47967
2210.1 1560.5 1219.6 1100.8 1143.1 947.17 1277.3 1134.8 813.16 282.43 301.63 518.44 320.54 465.34 337.81 430.96 310.45 356.09 429.08 304.84 363.41 247.99 381.44 318.94 586.36 326.36 405.12 1685.4 2130.7 1491.7 1202 1098 1156.2 1034.3 1723.8 1140.9 576.72 199.21 229.73 362.61 223.19 355.16 209.73 318.52 209.4 323.11 362.39 259.69 316.53 209.22 326.88 267.75 446.84 256.66 313.18 2258.6 3586.3 1265.7 1159.7 796.1 548.95 379.19 323.15 418.33 816.59 601.87 348.26 162.67 173.57 933.36 411.85 335.84 201.2 361.26 247.36 193.17 227.27 370.39 222.75 321.19 225.42 250.95 180.86 221.03 105.11 108.67 952.07 594.33 1300.1 1718.5 1091.4 2163.6 1504.6 1236.9 1121.7 1299.3 1105.9 1901 1297.8 540.73 199.71 243.12 333.76 244.06 381.56 250.42 328.69 275.32 321.51 421.08 341.46 369.59 252.74 336.92 282.8 473.08 267.48 365.45 2607.9 1993.9 1445.3 1139.9 1023.6 1098.4 882.22 1641 1281.4 748.79 241.79 254.32 501.9 257.13 379.08 279.98 357.06 267.12 356.87 394.87 277.28 353.89 259.77 311.86 277.64 454.21 324.42 662.94 2041.9 2009.3 1310.8 1050.4 937.8 1061.6 906.97 2212.2 1336.3 540.4 189.31 197.23 314.71 189.84 254.55 184.76 256.3 197.01 235.9 292.97 253.9 264.98 202.27 218.03 162.83 283.84 219.59 424.61 2759.7 3664 1232.2 1069.7 818.74 527.92 362.08 312.04 370.26 975.62 658.39 319.42 136.77 146.05 855.58 372.94 334.63 196.26 357.54 242.4 161.19 170.5 261.43 176.75 273.58 199.47 250.48 140.96 206.08 123.5 161.67 1105.6 583.1 1169.7 1616.9 1014.5 2040.6 1378.1 1094 1001.8 1144.3 950.53 2623.5 1561.5 582.05 192.09 197.76 320.76 196.14 251.39 224.96 270.41 202.63 255.21 328.5 290.79 368.26 247.54 244.85 196.03 327.37 228.06 466.81 3248.4 1.6477 11.441 11.898 1.8633 6.9971 2.0847 1.0219 6.3347 0.85914 5.8168
0
0.019829
0.16803 -0.082501 -0.0046181 -0.010492 -0.25487 -0.012253 -0.28306 -0.13397 -0.019091 0.14803 0.11757 -0.043582 0.0038844 -0.013752 -0.13203 0.16415 -0.16684 -0.080247 -0.28679 -0.0072538 -0.1196 -0.028275 0.1709 0.14461 0.14083 0.28179 0.23123 0.11842 0.19703 0.032579 0.0058096 0.16836 0.097527 -0.033547 0.019216 0.094278 -0.044415 -0.031369 -0.10132 0.027047 -0.046409 -0.18984 -0.11197 -0.21194 -0.16534 -0.24692 -0.25257 -0.099308 -0.36751 -0.074233 0.093758 0.25244 0.19772 0.15257 0.26239 0.18119 -0.042294 -0.048762 0.093627 -0.15226 -0.010306 -0.004613 0.12264 0.050158 -0.094998 -0.094957 -0.18718 -0.22796 0.064129 0.0083008 -0.114 0.053399 -0.21681 -0.064187 -0.092194 -0.10898 -0.15068 -0.24408 -0.19497 0.090763 -0.073137 0.018339 0.040461 -0.030339 -0.046364 0.097455 0.078429 -0.074561 -0.049234 -0.21012 0.07786 -0.078111 0.097032 -0.14698 0.33492 0.090687 0.13375 0.12376 -0.17301 -0.25099 -0.20748 0.020426 -0.064822 0.061722 0.0065364 -0.16945 -0.27313 -0.245 -0.10589 -0.26951 -0.13061 -0.15261 -0.071446 0.079428 -0.0058793 0.19409 0.27466 0.28444 0.064646 -0.17248 -0.056465 -0.28477 0.12043 -0.032177 0.16639 -0.057674 -0.039422 0.16392 0.22297 0.22181 0.0040703 0.36637 0.23556 -0.12521 0.2579 0.059487 0.0087939 0.16127 0.056818 -0.12002 0.053135 0.0075684 0.075732 -0.24565 -0.12033 -0.28459 -0.10363 0.02092 -0.011643 -0.14161 0.15505 0.11337 0.22004 -0.22769 -0.035483 0.33144 -0.0094321 0.27113 0.17067 0.24998 0.17245 0.26405 -0.1442 -0.091821 -0.018911 -0.11308 -0.078107 -0.12828 -0.15092 -0.39664 -0.25532 -0.22639 -0.24814 -0.23268 0.05692 -0.17809 -0.40817 -0.051247 -0.15229 0.2308 0.070902 -0.038398 0.02372 0.063439 0.32665 0.22369 0.17803 0.11339 0.26637 -0.005563 0.20396 -0.028957 -0.10858 -0.071614 0.14153 0.14434 0.20369 -0.085002 -0.060144 -0.048673 -0.04072 -0.11682 -0.17108 0.016542 -0.080872 0.26532 -0.067812 -0.0078704 0.29876 0.15427 -0.17718 0.047617 -0.22538 0.22397 0.27446 0.091094 0.068432 0.13079 0.070214 0.045791 0.091629 0.091044 0.11885 0.09001 0.17589 -0.004444 -0.035921 -0.1145 -0.034836 -0.11806 -0.08689 -0.26072 -0.17739 -0.049631 0.11766 0.029049 0.14772 0.11325 -0.20934 0.5376 0.15709 -0.010196 0.13611 0.13229 0.17117 0.071791 -0.087305 0.03803
0.24015 -0.067668 0.035815 -0.0075752 -0.21367 -0.077271 -0.29592 -0.20988 0.012316 0.11708 -0.10808 0.043629 0.20274 0.17734 -0.023174 0.061729 0.23362 0.066155 0.054738 0.15665 0.14801 0.11234 0.14001 -0.083166 -0.18969 -0.23927 -0.12365 0.079731 0.1656 -0.15993 -0.10061 0.081767 -0.12386 0.033825 0.087905 0.12534 0.16158 0.14035 -0.14618 0.0064388 -0.010398 0.19529 0.017521 -0.099326 0.16852 -0.082283 0.0058562 -0.22089 0.068256 0.081643 0.066604 -0.14571 -0.027708 -0.029469 0.23609 0.016814 0.22677 0.044822 -0.21415 -0.014831 0.066834 -0.077618 0.060949 -0.25246 0.02312 -0.15115 0.072337 0.02119 0.096033 0.08257 0.033958 -0.035973 0.012445 0.017052 -0.10713 -0.15909 -0.028541 -0.033565 0.068281 -0.16637 -0.01582 0.046628 0.14853 -0.06519 0.0058067 0.10276 0.092109 -0.14142 -0.11278 -0.13268 -0.21122 0.096094 -0.15501 -0.041835 0.14251 -0.0098885 0.12525 0.072913 -0.073583 -0.18937 -0.063042 0.10388 0.035291 -0.10741 -0.052252 0.1303 -0.11954 0.18911 0.055951 -0.090879 -0.10559 -0.035663 -0.17225 -0.0042728 -0.14293 -0.13572 0.095339 -0.15044 0.20658 0.19451 0.23068 -0.086546 -0.23291 -0.13643 -0.0076692 -0.34461 0.25609 0.12911 0.10081 -0.25527 -0.048242 -0.13689 -0.0091052 -0.042099 0.14652 -0.041828 -0.061307 0.29687 0.24552 0.073262 0.15362 0.026685 0.17714 -0.11705 0.092163 -0.22637 -0.30135 0.53964 0.10183 -0.16333 0.00097604 -0.39912 -0.37898 -0.093828 -0.11356 0.094199 -0.15713 -0.025905 0.041826 -0.10662 0.041237 -0.032525 0.009632 0.14264 -0.061394 0.16542 0.076965 0.025985 -0.12194 0.056929 -0.055517 0.048713 0.007228 -0.46792 -0.087935 0.010491 -0.23526 -0.25169 -0.21438 -0.0042222 -0.071417 -0.12759 -0.1459 -0.11508 -0.031817 -0.062839 -0.13936 0.037507 0.2481 -0.056487 -0.078692 -0.25874 -0.19464 -0.10835 0.1311 -0.095974 0.010353 -0.16137 0.13329 -0.13524 0.11988 0.073324 -0.10823 -0.20253 -0.14565 0.077419 -0.076066 0.026179 -0.042371 -0.11828 0.27016 0.168 -0.069648 -0.18002 -0.19595 -0.19441 -0.25125 0.23866 -0.060634 0.13541 -0.22652 -0.073643 -0.049711 -0.010586 0.055355 -0.06105 0.048176 0.053159 0.0094046 0.13905 -0.19398 0.12008 -0.084393 -0.1956 -0.055852 -0.22672 -0.035199 -0.11203 0.26425 -0.59009 -0.01007 -0.11527 0.16837 0.0061789 0.23629 0.078349 -0.20285 0.088582
0.087831 0.035387 0.1456 0.086673 -0.062346 0.015419 0.11282 -0.10116 -0.032307 -0.042975 -0.1852 0.032275 -0.014639 -0.11966 0.05748 -0.050809 -0.12533 -0.14107 -0.050329 0.0057255 -0.005218 -0.04656 0.065915 0.026176 -0.13791 -0.060887 0.03916 0.0357 -0.089515 0.06476 0.057371 0.069094 0.16218 -0.025289 -0.13929 -0.15683 -0.17216 0.035932 0.076258 -0.15925 0.06637 -0.080431 0.053655 -0.059008 -0.088881 -0.14359 -0.0096487 -0.11652 0.075782 -0.1639 -0.15647 -0.048437 -0.037199 0.10598 -0.092179 -0.026634 -0.087835 0.098788 -0.05685 0.078384 0.024075 -0.13488 0.038421 0.036333 -0.15326 -0.079978 -0.064959 -0.0021294 -0.070448 -0.11503 0.13662 -0.029522 -0.053006 -0.11615 0.067944 -0.12323 -0.20682 0.059692 0.015712 0.067197 -0.16245 -0.10864 0.081772 -0.099672 0.017189 0.044486 -0.15525 -0.11593 -0.16656 -0.078098 -0.0047278 0.012219 -0.015977 0.094055 -0.0093047 0.12371 0.061712 -0.14965 -0.10239 -0.12347 0.053655 -0.14088 -0.14023 0.035411 0.06677 -0.12174 0.029571 -0.095379 -0.084339 -0.012771 -0.16901 -0.048907 -0.14429 -0.0093414 0.011786 0.092215 0.1308 0.13029 0.049909 0.12962 0.11292 0.16332 0.11007 -0.088128 0.055704 0.056069 -0.055317 -0.10406 -0.073111 0.068045 -0.25337 -0.15463 0.057812 -0.048379 -0.040604 0.0044421 0.014285 0.10955 0.12322 0.15773 -0.027268 0.15637 -0.12044 -0.16912 -0.35437 -0.2173 -0.19902 0.25528 0.15519 -0.078753 0.09269 0.11795 -0.068465 -0.09738 0.051594 0.03339 -0.13847 -0.13655 -0.14824 -0.019325 -0.11867 -0.18391 0.14242 0.049591 0.05486 0.15839 0.069226 0.095066 -0.16021 0.14013 -0.18976 -0.2587 -0.17216 -0.48793 -0.20125 0.12042 -0.060415 0.012324 0.15552 0.13344 -0.17324 0.016305 -0.01916 -0.12695 -0.16718 0.11302 0.14434 0.14838 -0.01573 0.13585 -0.0032533 -0.039125 -0.014685 -0.075649 -0.087209 0.027292 -0.14314 -0.15033 0.021164 0.062936 -0.10227 -0.012008 0.022219 -0.060524 -0.23867 -0.087807 -0.040047 -0.19688 -0.018966 -0.032994 -0.0030238 0.26924 0.10131 -0.017592 -0.1308 0.07795 0.038204 -0.040172 0.012247 0.10018 0.099183 -0.10209 0.12169 0.11182 -0.026748 0.010805 0.073833 0.037651 0.033661 0.0058753 -0.14234 -0.18188 -0.082179 -0.035488 -0.29343 -0.15171 -0.34681 -0.15924 -0.16571 -0.043509 0.041623 -0.00058267 0.075433 -0.072117 0.048656 -0.09702 0.0079025 -0.11729
0.085316 0.21033 0.011726 0.0791 -0.13648 -0.061089 -0.24204 0.015972 -0.10122 0.028122 0.061749 0.09496 -0.0059983 0.10634 -0.078834 0.0039852 -0.076674 -0.0028776 -0.082759 -0.17016 -0.073393 0.016951 -0.10563 -0.036633 -0.0042901 0.030417 0.10822 -0.073905 -0.072695 -0.068149 0.052488 -0.17948 0.1322 -0.075323 -0.029637 0.08196 -0.084702 0.010166 0.033682 0.087172 0.039902 0.081744 0.21044 0.054981 0.14069 0.048738 -0.058602 0.046635 0.03538 -0.12444 -0.0085636 0.032149 -0.026976 -0.078405 -0.041647 -0.11868 -0.1797 -0.051568 -0.12218 -0.14132 0.17211 -0.086006 0.013291 0.0055297 -0.085791 0.17491 0.04092 0.034944 -0.033205 0.065263 -0.15786 0.041412 0.0036709 -0.058468 -0.15285 0.03688 -0.056526 0.10445 0.17071 -0.01957 0.010582 0.13178 -0.10038 0.14896 0.10102 0.13688 0.1596 -0.035259 0.099906 -0.11636 0.13187 -0.18036 0.15781 0.0060971 0.077622 0.17629 -0.13463 -0.0042447 -0.16791 -0.079454 -0.10025 0.069179 0.046682 0.030988 -0.14073 -0.037866 -0.19804 0.074189 -0.11959 -0.13052 0.085016 -0.031855 -0.15122 -0.0013013 0.021611 0.081191 0.16602 -0.14105 0.017596 -0.093101 0.13315 0.064912 0.084503 0.02576 -0.19425 -0.0064298 -0.0093618 0.011133 0.001127 -0.054726 0.045684 0.11041 0.081628 0.0067882 0.15824 0.027395 -0.10118 0.030442 0.11836 0.036597 0.0099239 -0.043146 0.057134 -0.095776 -0.11534 -0.035724 0.1148 0.1611 0.17048 -0.15033 -0.029377 -0.06939 -0.023982 0.11584 -0.058317 -0.090037 -0.023523 -0.11143 -0.064703 0.18932 -0.15426 -0.015029 -0.098208 0.0099501 -0.17622 -0.09428 -0.15483 -0.23761 -0.19957 -0.36829 -0.1672 -0.19152 -0.18602 -0.068869 0.1916 -0.0044011 -0.0088897 -0.10898 -0.080333 -0.07355 0.0091474 0.030153 0.094933 0.15614 -0.16633 -0.086454 -0.14025 0.095434 -0.15718 -0.14322 -0.13847 -0.14287 -0.22503 -0.21422 -0.11488 0.12669 0.029034 0.050168 -0.091349 0.023862 -0.13404 -0.12598 -0.064036 0.044282 -0.096433 0.11894 -0.075292 0.021866 0.090122 -0.072695 0.18033 0.071037 -0.067134 0.082906 0.01573 0.1825 0.2146 -0.030547 -0.081263 -0.13442 -0.029321 -0.10341 0.026059 -0.10736 0.13962 -0.20707 0.096021 -0.11903 0.055832 -0.015143 -0.18182 -0.0024029 -0.060597 -0.021352 0.012938 -0.015937 -0.17527 0.067726 0.10397 0.038288 -0.040143 -0.0086972 0.095478 0.18763 -0.027666 -0.12659 -0.05432 0.13116
-0.0040264 -0.02154 -0.090257 -0.0071445 -0.00010118 0.075984 -0.049244 0.17096 -0.012626 -0.082855 0.058206 -0.12604 0.10344 0.13765 -0.019126 0.097646 0.1063 0.15476 0.16466 -0.083018 0.077929 0.039439 0.1335 -0.03144 0.050116 0.13516 -0.13652 -0.0065809 -0.025379 -0.058362 -0.059549 -0.045407 -0.10986 -0.0063608 0.11702 -0.098123 -0.03389 -0.036228 -0.13168 -0.051654 -0.092641 -0.090476 -0.16897 -0.079611 0.1178 -0.097334 0.052844 0.15263 -0.14069 0.095263 0.16166 -0.0044033 -0.12454 0.050371 0.086135 -0.02529 0.13164 -0.00091542 -0.13063 -0.0045593 0.059341 -0.14109 0.098112 -0.15377 -0.092247 0.088614 0.042171 -0.046439 -0.032811 -0.11049 -0.11456 0.055261 0.064143 -0.11969 0.030534 -0.059104 0.092198 0.018555 -0.12051 -0.089681 -0.10039 -0.1188 0.011755 0.17023 0.18066 0.0070738 0.13779 0.11149 0.008691 -0.076086 -0.13473 0.055602 0.024156 -0.12478 0.07791 0.07691 -0.137 0.060065 -0.11125 -0.033433 0.023567 -0.085731 -0.046706 0.030347 0.061453 -0.10025 0.025823 -0.021263 0.042588 0.039396 -0.089057 0.065221 0.1079 -0.036016 0.055705 0.043073 0.12432 0.083414 0.025204 -0.11527 0.11337 -0.087283 -0.0072086 -0.013586 -0.00069391 0.1633 0.061438 0.059849 0.079491 0.010932 -0.019493 0.045454 -0.15232 -0.050464 0.096857 -0.067488 0.031307 -0.049886 -0.1027 0.080709 0.064609 0.0039107 -0.053695 -0.16025 0.10597 0.016037 0.15347 -0.055784 -0.076416 0.095435 -0.12163 0.025337 -0.022163 0.063725 0.023071 -0.043624 -0.10623 -0.10981 0.099702 -0.013992 -0.13019 0.11353 0.084452 0.015702 -0.13438 -0.081486 -0.031608 0.081137 -0.017714 0.061562 -0.14982 0.082221 -0.0084975 0.059646 0.094157 0.055299 -0.10097 -0.097251 -0.13195 0.11873 0.13754 0.081362 -0.027044 -0.11369 -2.9437e-07 -0.11017 -0.043692 0.013257 -0.10756 0.11523 0.16551 0.10762 -0.14128 -0.12803 0.046532 -0.058878 -0.060869 -0.086794 -0.12719 -0.00016068 0.039026 -0.13328 0.034633 0.12387 0.10303 -0.097596 -0.10573 0.064519 -0.0075874 -0.10858 0.0052882 0.13751 0.07752 0.10314 -0.04564 -0.14337 0.10353 -0.10933 -0.063769 0.060511 -0.017339 -0.15354 -0.012384 -0.17066 0.051445 0.11118 -0.14724 -0.16191 0.1321 -0.13723 0.007695 0.10161 0.060498 0.01764 -0.015601 -0.044677 -0.080153 0.081999 -0.10255 -0.1533 -0.030025 -0.125 -0.032355 0.1425 -0.031964 -0.03888 0.016742 -0.11145
0.20297 0.10489 0.071814 -0.12025 -0.027661 0.059263 -0.19325 -0.030847 -0.10605 -0.1516 0.063999 0.044742 0.035275 -0.10442 -0.031048 -0.24869 0.030087 -0.019256 0.13117 -0.10616 -0.15743 -0.11038 -0.029996 -0.049153 -0.028878 -0.057737 -0.081086 0.19696 0.045798 0.072766 -0.068799 0.23093 0.058967 -0.18 -0.093998 -0.048111 -0.20384 -0.057898 -0.10896 -0.026462 -0.03272 -0.12996 -0.081113 -0.21027 -0.21808 -0.040872 -0.14718 -0.18843 -0.12192 -0.14024 -0.05504 -0.045326 0.26815 0.26755 -0.024021 0.21939 0.22277 0.095146 0.0061502 -0.11271 0.062313 0.0048086 -0.20233 -0.23279 0.010834 -0.20642 -0.15354 -0.028506 0.0068196 -0.059852 -0.040044 -0.13354 0.087935 -0.021571 -0.00024135 -0.17368 -0.11907 -0.070626 -0.13536 -0.1691 -0.19067 0.061178 0.08238 0.027699 0.028328 -0.0040064 -0.2118 0.035475 -0.066589 -0.023569 -0.052121 -0.016817 0.043477 0.022075 0.029238 -0.020635 0.08099 0.15348 0.13996 -0.083395 -0.051971 0.054059 0.069386 0.01762 -0.0094848 -0.13025 0.044721 -0.027863 -0.12667 -0.061691 0.041328 0.049948 -0.00422 -0.037981 -0.020924 0.037473 -0.058359 0.16432 0.28323 -0.046452 -0.14461 0.11559 -0.14676 0.10142 -0.09796 0.11301 0.10145 0.0155 -0.17737 0.085193 -0.067321 -0.07589 -0.068728 -0.11823 -0.00096396 -0.11637 -0.034291 -0.0097208 0.070906 0.34666 0.22302 0.41891 0.25226 0.16934 -0.047294 0.04401 -0.28053 -0.055352 -0.13035 -0.040771 0.095996 0.02525 0.0053036 -0.14379 0.1476 0.11848 0.010622 0.018504 -0.27173 0.14963 0.091208 -0.046991 0.14633 -0.083284 -0.068791 0.12633 -0.0019507 0.5756 0.097642 0.42464 0.25022 0.0022898 0.010479 -0.35982 -0.33094 0.037216 0.023013 -0.081507 -0.31344 0.014393 0.031205 0.11186 0.12601 0.064148 0.10401 -0.11444 -0.07869 -0.10132 0.0063258 -0.031308 -0.077291 -0.137 -0.19311 -0.12066 0.0098646 -0.087628 0.18463 -0.055847 -0.097751 -0.081507 0.1053 0.012267 0.054144 0.13639 0.075821 0.12336 -0.0039738 -0.11826 -0.045348 -0.071426 0.0067733 0.011181 0.056784 0.074627 0.14985 -0.1555 -0.031888 0.18428 0.10194 -0.17571 -0.08045 -0.1831 -0.05154 0.14544 -0.023575 0.11919 -0.035741 -0.0059706 -0.010263 0.010197 0.20645 -0.0072631 -0.032633 0.14207 -0.078594 -0.036733 -0.17224 -0.2202 -0.22076 0.21349 0.064592 0.026482 0.018082 0.081321 0.13542 -0.083943 0.052938 -0.14395
0.15006 -0.17534 0.21875 0.05592 -0.025588 0.00082707 0.033397 -0.10848 -0.17828 0.057507 -0.092939 -0.14543 -0.07277 -0.14784 -0.02104 -0.040668 0.10758 0.01313 0.066758 0.16735 0.15637 0.30212 -0.020205 0.054772 0.16422 0.02604 -0.083378 0.15123 0.21005 -0.029505 -0.074059 0.20686 -0.081246 0.070646 0.030369 0.05059 -0.20927 -0.32651 -0.30166 -0.17688 -0.16838 -0.017743 0.023228 -0.21303 0.017214 0.040793 0.10809 0.10529 -0.017693 0.073636 0.18572 0.0086533 0.17841 0.055171 0.15924 0.24881 0.091327 0.099239 -0.13263 -0.023839 -0.14044 -0.35255 -0.23664 -0.065844 -0.2212 -0.099052 0.11782 -0.18098 0.037475 -0.047103 0.018315 -0.063178 0.033083 0.051481 -0.068141 -0.15526 -0.12988 -0.050374 -0.2082 0.036494 -0.067519 -0.074797 0.081687 0.011398 -0.089439 0.14492 -0.043968 0.11012 -0.19736 0.12271 -0.23733 -0.04646 -0.051637 0.042383 0.065607 0.00074867 -0.057016 0.13124 0.09459 -0.13214 0.0028237 0.04872 0.0066541 -0.098138 0.022739 -0.061276 0.028213 -0.022219 0.0023679 0.26008 0.15299 -0.038777 -0.10623 -0.2928 -0.2231 0.00042815 0.0068537 -0.000112 0.1144 0.17961 -0.0072905 0.1533 -0.0046914 -0.11193 0.16551 -0.22274 0.18468 0.04292 -0.28178 -0.13674 0.033652 0.026081 -0.079244 0.0085024 -0.0037322 -0.16826 -0.06378 -0.0039805 0.13909 0.39669 0.036496 0.097006 -0.032562 0.0086457 -0.074023 -0.10787 -0.092305 0.17741 -0.032112 -0.0095194 0.049399 -0.13107 0.15486 -0.16729 -0.086435 -0.12721 -0.056191 -0.22065 -0.044232 -0.13296 -0.13102 -0.12125 0.010615 -0.030473 0.094613 -0.077047 0.24536 0.15432 0.3834 0.21602 0.072124 0.084816 -0.007648 -0.30799 -0.14184 0.20818 -0.36523 -0.34088 -0.30078 0.024923 -0.055288 0.12454 0.0071436 0.031351 0.028985 0.11701 -0.032931 0.12821 0.24304 0.060756 -0.17887 -0.028885 0.01496 -0.037674 0.11588 0.098821 0.015607 -0.020354 -0.049635 0.088281 -0.074571 -0.12991 0.099752 0.029207 -0.073758 0.017125 0.0049937 -0.048434 -0.048381 -0.20127 0.041614 -0.051523 -0.22083 -0.075388 -0.10277 -0.005541 -0.036671 0.032968 -0.1479 0.02936 -0.23006 0.13761 -0.10468 -0.029544 -0.092664 -0.079717 0.028806 -0.010194 0.11929 0.036479 0.26091 0.067627 0.052493 0.15255 -0.046503 -0.057195 -0.060863 0.0016462 -0.0454 -0.37756 0.080061 -0.060245 0.060998 0.10191 0.34539 0.059963 -0.013152 -0.067835
-0.072728 0.17909 -0.018256 0.14335 -0.036441 -0.13209 -0.12715 0.096983 -0.046446 0.071788 0.15359 -0.038131 0.087708 -0.033926 0.07114 0.048177 0.014189 0.019894 -0.1611 -0.073333 -0.024872 0.10581 0.071424 0.11803 0.063909 0.17519 -0.021238 -0.15018 -0.10243 -0.1363 -0.060379 0.044743 -0.085528 -0.15952 0.07451 0.026998 0.14118 0.032645 0.17863 0.0026829 0.14713 -0.077274 0.042427 -0.060604 -0.052955 0.065533 -0.098536 0.15656 0.10316 0.10364 0.02815 -0.095452 0.057028 0.029086 -0.13931 -0.011395 -0.11362 -0.078222 0.12571 0.050659 0.073641 -0.059679 0.051893 0.028723 0.11005 -0.085844 -0.10112 0.1041 -0.09461 -0.089021 -0.12901 -0.16458 -0.10053 0.12358 -0.087132 0.1768 0.22115 0.20702 -0.032925 0.019988 0.012055 -0.088297 0.080198 -0.033983 -0.092404 -0.021486 -0.10351 -0.021303 -0.06168 0.019416 -0.0043464 -0.050508 -0.027111 0.11225 0.03895 -0.16696 -0.16934 0.034278 -0.039047 -0.10629 0.047154 -0.058934 0.054129 -0.03104 0.024511 0.13371 0.072761 0.1428 0.13481 0.10465 0.114 0.17605 -0.072189 0.0027667 -0.098482 -0.046963 -0.040269 -0.066682 -0.02489 -0.21729 0.001556 -0.10547 0.078539 -0.0014167 0.010467 0.18555 0.080707 -0.18225 -0.014423 -0.089748 0.12455 0.13139 -0.041009 0.095856 -0.16299 0.088667 -0.12926 -0.067441 -0.01388 -0.097242 0.021369 0.036889 -0.087896 0.14159 0.12859 0.066743 0.039678 -0.10222 0.00047733 0.066492 0.11143 0.14646 0.11342 -0.048058 0.17632 -0.064438 -0.13437 -0.054946 -0.046851 0.040798 -0.031944 0.066213 0.088988 -0.13752 -0.097537 -0.26644 -0.088233 -0.36069 -0.14017 -0.037883 0.23417 0.36709 0.1627 0.22493 -0.023306 0.077827 -0.18324 0.030211 0.1022 -0.051513 0.15405 0.10264 -0.023251 0.09475 0.13761 0.085065 -0.18475 -0.11024 -0.1513 -0.014103 -0.063994 -0.10339 -0.021272 -0.01263 0.14608 0.14564 -0.10213 -0.0095427 0.082807 0.1347 -0.13641 0.13381 0.12594 0.16991 0.24697 0.15232 0.10229 0.18338 -0.067328 -0.060063 0.058239 0.049631 0.021403 -0.13623 -0.078381 -0.033053 0.036659 -0.11604 -0.16272 -0.048711 -0.18344 -0.009794 0.084558 -0.087059 0.061496 -0.18571 -0.10394 -0.013553 -0.032771 0.015445 0.1041 -0.12095 -0.020925 -0.0084484 0.016162 0.16763 0.17983 -0.049567 -0.0089413 0.13571 -0.062989 0.046856 -0.055491 0.16861 -0.11827 0.12003 -0.1717 -0.13779
-0.22539 -0.0070957 -0.028858 -0.033982 -0.010018 -0.087411 -0.017746 -0.010112 0.13918 0.046584 0.10565 -0.20029 -0.10522 -0.096764 0.15821 -0.034458 -0.034964 -0.021756 -0.081335 -0.054108 -0.05129 0.010159 0.13028 -0.0087398 0.22882 0.21569 0.18059 0.1057 -0.066214 0.10844 0.035251 -0.022025 -0.030087 0.069021 0.085858 -0.075168 -0.055273 -0.068857 -0.039023 0.10421 -0.04434 -0.11512 0.065725 0.10236 -0.11261 -0.036233 0.09608 -0.021593 -0.10867 -0.10556 -0.16221 -0.088892 0.0078614 0.05066 -0.12705 0.020679 -0.10449 0.12091 -0.052194 0.11389 0.14921 -0.031067 0.18281 0.15448 -0.0080998 -0.12764 -0.010603 -0.13506 -0.049272 0.0091034 0.047664 -0.08745 0.055489 0.0082201 -0.07515 0.021748 0.035579 0.20666 0.12593 0.039513 0.034342 0.060848 -0.087786 -0.011688 0.074366 -0.19209 -0.15552 0.13337 -0.045238 -0.077495 -0.028129 0.084719 -0.067975 0.006747 0.13043 -0.11503 0.085164 -0.0494 -0.097218 -0.044912 -0.042273 0.10788 0.035591 -0.10562 -0.036195 -0.0094314 0.090317 -0.031233 0.14422 -0.049875 0.027022 0.078774 -0.028945 -0.14819 -0.064849 0.011651 0.092942 -0.10623 -0.012965 -0.042446 -0.17729 -0.17065 -0.25213 -0.082294 -0.11479 -0.080875 0.20367 0.19655 0.077098 0.12127 -0.011288 0.10106 0.034867 0.080158 0.030313 -0.056124 -0.033756 0.017207 0.031532 -0.091728 0.01466 -0.26529 -0.039655 0.25985 -0.15343 0.256 0.33375 -0.037461 -0.017914 -0.13619 0.056194 0.0094448 0.0014645 0.023153 0.056813 0.11161 0.0010163 0.11176 -0.0076266 0.062187 0.10633 0.025725 0.0035019 -0.022621 -0.0096116 -0.21238 -0.020949 -0.38388 -0.166 -0.013139 -0.067002 0.32929 0.10684 0.27983 0.047344 -0.13472 -0.10768 0.17332 0.25414 0.04676 0.19018 -0.0020194 0.10221 -0.042361 -0.10045 -0.097708 -0.051379 -0.078262 -0.23137 0.0858 -0.16026 8.7907e-06 -0.040283 -0.031154 0.05798 0.092308 0.17744 0.11666 -0.10407 0.12596 0.025053 -0.029253 0.046656 0.086783 -0.043631 -0.086224 -0.13584 -0.031794 -0.17932 0.033336 -0.1236 0.036687 -0.057591 0.12376 0.033391 -0.10591 0.14779 0.035489 0.074379 0.011106 -0.036995 -0.068077 -0.0252 0.050742 -0.096 0.086497 -0.013872 -0.0066389 -0.16556 0.006316 0.024908 0.050285 -0.15083 0.11208 0.11583 0.028022 0.34911 0.12972 -0.12939 0.25712 0.08774 0.189 -0.039999 -0.087406 -0.074857 0.0084619 0.032507 -0.18078
0.075986 -0.041043 0.068059 -0.015611 0.10355 0.14906 -0.11644 0.05102 -0.016911 -0.0023136 0.043849 0.029096 -0.15273 -0.14891 -0.15352 -0.13676 -0.09304 -0.17074 -0.17099 0.13033 0.032396 0.083866 0.046062 0.018812 -0.095075 0.024706 -0.0020215 -0.1637 -0.039341 0.014414 0.056091 0.10635 -0.014027 0.13176 -0.10996 -0.043086 -0.083935 0.12542 -0.082261 0.1162 0.069166 -0.082845 -0.10213 -0.017633 -0.10802 0.019377 -0.0070487 -0.16022 0.12932 -0.089934 0.14282 -0.074481 -0.11151 -0.066059 -0.058711 0.089541 0.054587 -0.05423 -0.070544 0.10413 -0.11477 -0.097871 0.12274 -0.028032 0.051146 -0.081274 -0.11163 -0.016579 -0.0065675 -0.087999 -0.11216 -0.057331 0.043795 -0.093687 0.1198 0.012944 -0.06391 -0.10762 0.035308 -0.026336 0.11673 -0.16533 -0.092732 -0.021764 0.032331 0.074987 0.097659 -0.052207 0.022667 -0.13536 -0.0061003 0.002958 -0.061857 0.028263 0.065363 0.021172 0.095105 -0.086991 -0.045091 -0.021835 0.068939 -0.038823 0.1046 0.033265 -0.15308 -0.14421 0.0041563 -0.017648 -0.018083 -0.088987 0.088527 -0.051944 0.14347 -0.022631 -0.049468 0.024203 0.11102 0.049246 0.11404 -0.085709 -0.14102 0.071354 -0.12131 -0.015581 -0.119 -0.0032171 0.10038 -0.0086918 0.10732 -0.10937 0.13343 -0.082314 0.090477 0.14593 -0.079483 -0.072202 0.10035 -0.066002 -0.063924 0.028568 -0.018589 -0.094575 -0.11556 0.028622 0.02463 -0.12928 0.099724 -0.086417 -0.034275 0.09088 0.10954 -0.046237 -0.11475 0.077949 0.012592 -0.10004 0.13516 0.15378 -0.033332 0.011983 -0.1365 0.15853 -0.072322 0.068595 0.14825 0.033622 0.085936 0.11605 0.022032 -0.037421 0.16162 -0.11182 -0.094204 0.06067 -0.090683 0.073386 -0.096785 -0.022403 -0.011094 -0.083908 0.14385 -0.080554 -0.011601 0.11539 0.01223 0.095507 0.019883 0.069919 -0.042721 -0.088586 -0.16332 0.069515 0.12091 -0.0055966 -0.11862 -0.071395 0.11741 -0.034064 -0.027249 0.078542 0.020165 0.010188 -0.15493 -0.0069797 0.090664 -0.13292 -0.12928 0.090884 -0.10349 0.0042776 -0.086922 0.054983 0.15583 0.082348 0.10642 -0.075189 -0.11885 -0.11822 0.067272 0.04757 -0.099159 0.14974 -0.041016 -0.068033 0.048815 0.08429 -0.14753 0.034849 0.022044 -0.12339 -0.088536 -0.070822 0.073673 0.10615 0.15821 0.067338 -0.13314 0.074496 -0.10735 -0.048946 -0.15977 -0.013283 -0.062809 0.11795 -0.073005 -0.1352 0.059994 0.043307
-0.18555 0.049999 0.26525 -0.13195 -0.004312 -0.076912 -0.18023 -0.10603 0.088225 0.020503 -0.010778 -0.18458 -0.12552 0.19399 0.070944 0.13209 0.12146 -0.049633 0.1618 0.21138 0.13107 -0.093227 -0.11983 -0.00025305 -0.37462 -0.060958 -0.29632 -0.35429 -0.36821 0.066186 0.18682 -0.15933 0.037911 0.1533 0.16838 -0.10924 0.34931 0.10149 0.041665 0.22373 0.14656 0.22965 0.24917 0.41491 0.23822 0.09862 0.40212 0.26268 0.35467 0.11038 -0.081709 -0.27865 -0.55972 -0.37957 -0.4941 -0.20813 -0.084699 -0.0043685 -0.075618 -0.068149 0.13804 0.21917 0.19623 0.11095 0.15902 0.24131 0.04465 0.070288 0.13955 0.012309 0.051785 0.11081 -0.036913 -0.078578 0.0062597 0.09816 0.10481 0.1526 -0.0015642 -0.049904 0.14004 0.025029 0.0096552 0.14124 0.14458 0.050443 -0.015372 -0.038503 0.20261 0.046088 0.20779 0.03031 0.30024 0.24445 -0.047333 -0.019592 -0.15002 0.10944 -0.0079199 0.1663 -0.025152 -0.030372 -0.070545 -0.14115 -0.15085 -0.15339 0.088975 0.057497 -0.062793 0.33242 0.19165 0.35668 -0.057352 -0.014194 -0.19416 -0.79331 -0.32521 -0.53039 -0.094393 0.07348 -0.063582 0.016469 -0.093075 -0.015632 0.12925 0.14761 -0.14905 -0.34346 -0.20289 -0.070262 -0.069553 -0.11315 -0.13742 -0.093825 -0.11534 -0.18071 0.053424 -0.21951 0.03919 -0.13062 0.019981 -0.083698 0.063117 0.26373 0.19295 0.53878 0.63605 -0.099482 -0.43401 -0.056984 -0.17825 -0.022379 0.12683 0.3935 -0.041417 -0.59512 -0.24216 -0.26379 -0.22752 -0.1727 -0.0085197 -0.06706 -0.084275 -0.24233 -0.019206 -0.35281 0.035763 -0.19107 0.14217 -0.082958 0.068704 0.37787 0.2503 0.74707 0.34892 -0.19641 -0.14431 0.048774 0.1508 -0.074566 0.24015 0.0074197 0.25567 0.21755 0.01206 -0.062856 -0.016193 -0.19424 -0.25755 -0.12383 -0.10284 0.15504 -0.12743 0.016995 -0.039563 -0.13733 -0.066998 0.0088187 -0.40407 -0.089322 -0.21597 0.15671 0.17639 0.28033 0.61346 0.049269 -0.056914 -0.16775 -0.07794 0.24309 0.1869 -0.12234 0.15836 -0.17977 -0.023678 -0.027017 0.28831 -0.13366 -0.16737 -0.14582 -0.31277 -0.26033 -0.069322 0.07052 0.02173 -0.060455 -0.048678 0.050792 0.17728 0.059163 0.088456 0.064389 -0.034669 0.14694 -0.010345 0.044034 -0.15321 0.10712 0.50401 -0.51319 -0.12182 0.065909 -0.098621 0.24613 -0.10263 0.060527 0.25441 0.039811
0.090727 -0.2571 -0.044718 -0.098648 -0.01716 -0.088408 0.11817 0.1776 -0.10158 0.085127 -0.019502 -0.1159 0.092663 -0.053665 0.12519 0.17686 0.029777 -0.023186 0.14919 0.13485 0.20642 -0.036975 0.025403 -0.0044956 0.1492 0.011731 0.19898 0.12196 0.075179 0.056519 0.11055 -0.038027 0.031265 -0.14477 0.076841 0.017942 -0.038547 -0.064229 -0.046267 0.067833 -0.19746 -0.088058 -0.095306 -0.065482 0.067165 0.09065 0.0049991 0.11864 -0.13252 -0.088578 0.071404 -0.0014502 -0.0064689 -0.034746 0.042858 0.022608 0.028334 0.086224 0.08787 -0.11312 -0.11416 -0.16939 -0.14885 0.024432 -0.078449 -0.12842 0.074765 0.048028 -0.062654 -0.11936 -0.017479 0.13586 0.081174 0.10981 0.0091556 -0.10287 0.12143 -0.13906 -0.10285 -0.016625 -0.047665 0.068177 -0.1017 0.13689 0.05059 -0.041587 0.1783 0.1324 -0.069156 0.078337 0.034875 -0.18128 -0.25088 -0.015728 -0.092276 -0.016175 0.19344 0.10895 0.2317 -0.19811 -0.0053696 -0.083123 0.0095271 0.049722 -0.1019 -0.066554 -0.083462 0.0083002 0.1972 0.022083 -0.088698 -0.053177 0.055819 -0.072098 0.11229 0.16668 0.066987 0.27885 0.013019 0.12703 -0.17545 0.086387 0.071204 -0.10311 -0.081794 -0.10237 0.24069 0.14477 -0.1173 -0.054172 0.099308 0.023156 -0.056505 -0.080904 -0.079917 -0.05392 0.096011 0.07989 0.13171 0.25409 0.059003 0.26568 0.17033 0.0085342 -0.083422 -0.038659 0.02119 -0.13506 -0.12844 -0.15886 -0.1589 -0.19156 -0.15307 -0.06426 0.2116 0.079284 -0.078041 -0.18593 0.0062622 0.077586 0.063901 0.025344 -0.08242 0.18233 0.10948 0.32497 -0.061356 0.28962 0.06657 0.028584 0.0078951 0.045588 -0.0020239 -0.10653 0.057003 0.019518 0.16355 -0.20364 -0.086227 -0.15138 -0.18005 -0.26645 -0.044736 -0.048463 -0.069694 0.060471 0.09675 -0.051523 0.12001 0.048353 0.23635 0.0014555 0.13358 -0.11495 -0.06051 -0.053372 -0.050096 0.13202 0.070748 0.067237 0.13243 -0.040474 -0.010238 -0.034773 -0.0098932 0.0059169 -0.1016 0.033496 0.091213 -0.046566 -0.0091515 0.13175 0.020183 0.071263 -0.053977 -0.21148 0.16154 0.15163 -0.038561 0.055978 -0.042653 0.011312 0.030346 0.010209 -0.05785 0.11988 0.10641 0.18186 0.00040832 -0.059732 0.18604 0.078095 0.12908 -0.081564 0.013582 0.054954 0.10283 -0.0060438 -0.033485 0.11073 -0.057163 -0.097006 0.15543 -0.094428 -0.074501 0.16825 0.019114 0.078156
0.049079 -0.14972 -0.038145 0.063566 0.075023 0.13736 0.14534 0.14419 0.13058 -0.05363 -0.081124 -0.13755 0.13294 0.046596 -0.15566 0.064262 -0.037623 0.071355 -0.035167 0.14911 0.12812 -0.10274 0.034675 -0.11546 -0.0094003 -0.054609 -0.10604 0.15015 0.17035 -0.083574 -0.063035 -0.096292 -0.033093 -0.13359 -0.021886 -0.015184 -0.11737 -0.03285 0.075301 -0.11582 -0.18946 -0.14611 -0.17082 0.11069 -0.098258 -0.11746 -0.12342 -0.083296 -0.079411 0.076744 -0.05674 -0.046673 0.12742 -0.050803 0.16032 0.059867 0.01541 -0.058837 0.054793 0.099295 -0.060876 0.059296 0.025961 -0.038793 0.085941 -0.0087185 -0.13901 0.060836 -0.056258 -0.054726 0.019007 -0.049022 0.01161 0.015753 0.12706 0.082996 -0.067412 -0.072163 0.0066674 -0.025163 0.024623 -0.11251 -0.07138 0.045432 -1.5473e-05 -0.067578 0.08718 0.13622 -0.15567 -0.079079 0.11491 -0.06599 -0.084684 -0.12692 -0.13583 -0.11435 -0.13864 0.13737 -0.10125 -0.056784 0.026995 -0.092291 -0.0047773 0.11311 0.10669 -0.036167 0.11327 0.06805 -0.001305 0.098941 -0.12384 0.065022 0.13174 -0.13859 0.0047441 0.17196 0.083117 -0.10768 0.072626 -0.045663 -0.17494 0.0053476 0.055298 0.0905 -0.090444 0.060226 -0.066167 -0.016182 0.078245 -0.013952 0.00098955 0.079108 0.097135 0.060028 -0.11306 0.048113 0.14667 0.073762 0.14712 0.08764 0.11335 0.043247 0.078004 -0.013947 -0.059282 -0.11997 -0.1114 -0.057672 -0.042824 0.12502 -0.16411 -0.093937 -0.18192 -0.0049481 -0.069094 0.040962 0.080634 0.092714 0.11645 0.095541 0.10709 0.016551 0.010464 -0.020374 0.13352 0.19029 -0.081825 0.016529 0.06583 0.16501 -0.041713 -0.060876 0.14536 0.088776 -0.16442 -0.082327 0.050469 -0.073828 -0.049979 0.063202 -0.10712 0.10292 -0.011991 -0.093444 0.073523 0.13497 0.012349 -0.060871 -0.0033635 0.13327 -0.14205 -0.10098 -0.065955 0.12393 -0.070416 -0.12996 0.05282 -0.059355 -0.069947 -0.098012 0.13139 -0.0016145 -0.065072 0.017227 0.092822 0.082375 0.11384 0.14773 -0.11159 0.073209 -0.069326 0.12569 -0.12725 0.044873 0.070946 0.09881 -0.18103 0.028755 0.033689 0.0039433 0.049529 0.046035 0.057179 0.023275 -0.044603 0.14623 -0.076326 0.066309 0.0084931 -0.088272 -0.001453 0.19041 -0.08251 0.17222 0.059548 0.021106 0.16835 0.042315 -0.17127 0.21811 -0.10266 0.095185 -0.14347 0.13806 0.059943 0.13279 0.098643 -0.048113
-0.013232 -0.01989 0.14059 -0.037174 -0.081075 -0.05167 0.076908 -0.0072797 0.021225 0.061286 0.019049 -0.0021682 -0.078084 0.036783 -0.001593 -0.075712 0.030276 0.12112 0.10096 0.089603 0.13135 -0.057199 0.031844 0.044566 -0.10777 -0.016307 0.10809 0.13336 -0.080703 -0.13062 0.076519 0.016131 -0.0029398 -0.086963 -0.077995 -0.070138 0.0046038 0.0047396 -0.024121 0.015772 -0.16211 -0.13484 -0.096868 0.029592 -0.082138 0.14728 -0.005749 0.02011 0.088977 -0.11158 -0.037011 0.12325 -0.14084 0.072498 0.087003 -0.13154 0.14243 0.12027 -0.06026 0.055793 0.12565 -0.097522 0.11812 0.11904 0.0023232 0.099725 0.042783 0.092454 -0.094392 -0.033687 -0.028981 0.11516 -0.1298 -0.0032 0.11802 -0.018209 -0.061158 0.12292 0.15809 0.1155 0.058862 0.14825 0.068524 0.088566 -0.063463 0.12432 -0.12093 0.11338 0.12504 -0.029169 -0.02981 0.075387 0.064734 0.10115 -0.04675 0.07931 0.063249 0.03637 -0.048618 0.072832 -0.0072976 0.056441 0.031801 0.15225 -0.14319 -0.079106 -0.098802 -0.14836 0.071597 0.024194 -0.13897 -0.03094 0.011379 -0.080106 -0.10897 0.1312 -0.048165 -0.11057 0.14498 0.11301 0.11866 0.05257 -0.026883 0.085883 0.10794 -0.039114 -0.11928 0.065462 0.15977 0.055615 0.10996 -0.1063 -0.091103 0.11614 0.089857 -0.030839 -0.13268 0.0779 -0.0037308 0.058052 0.07081 -0.0072792 -0.094629 -0.028498 0.12125 0.016871 0.11582 -0.085348 -0.12451 -0.04925 -0.090349 -0.14212 -0.061222 -0.13648 0.098757 0.11264 -0.040394 -0.15015 -0.15332 0.13164 0.0065093 -0.12965 0.11475 0.1336 -0.13493 -0.13019 0.11817 -0.02258 -0.096065 0.016082 0.047349 0.0092022 0.068801 -0.042565 0.039096 0.085234 0.051503 0.13624 0.066496 0.063989 0.0074694 -0.16731 -0.052211 0.049954 -0.0046855 0.099286 -0.14895 0.064348 -0.00063593 -0.038065 0.14268 -0.13115 -0.062167 -0.043942 0.058635 0.12418 0.098851 -0.054569 -0.066766 0.042728 0.071044 0.088317 0.11901 -0.11235 0.071868 -0.047534 -0.012041 -0.14215 -0.010023 0.13122 0.15146 -0.01443 0.06146 -0.10245 -0.10206 -0.013347 -0.010301 -0.11871 0.021576 -0.15459 0.11897 0.040238 -0.038405 -0.1089 -0.0091845 0.15927 0.12061 0.023479 0.039307 0.080547 -0.0079813 0.011447 0.082874 0.060824 -0.13536 0.016092 -0.053742 0.02168 -0.060582 -0.025402 0.13658 0.097684 0.13245 -0.063344 -0.13358 0.13448 0.056844 -0.0092231
0.030612 0.057362 0.094624 -0.051845 0.11548 0.063666 -0.14074 0.033175 0.031605 0.03679 0.048847 0.0074602 -0.034368 -0.0035784 -0.081294 -0.095757 -0.059253 -0.12339 -0.13323 0.066807 0.053956 0.032264 -0.11426 -0.052344 0.092897 0.1109 0.02294 -0.037318 0.10816 -0.039085 -0.0096197 -0.056681 -0.12286 0.11288 -0.17279 -0.0072526 -0.0079469 0.11006 0.030479 -0.1228 0.11684 0.07813 0.0079711 -0.091137 0.10838 -0.045053 0.12668 -0.11897 -0.060523 -0.00072141 -0.033258 0.030597 -0.14351 -0.10303 0.11618 -0.16413 -0.022446 0.11542 -0.045841 0.10995 0.047802 -0.050281 -0.01963 -0.098256 -0.050374 -0.11827 -0.079287 -0.064674 -0.12129 0.090683 0.0069469 0.0097152 0.020855 -0.07468 0.041191 0.12 -0.072069 -0.08588 0.10459 -0.10077 -0.058648 0.12176 -0.17033 -0.070901 -0.17444 0.10022 0.060319 -0.14753 -0.045396 -0.048865 0.011457 0.10843 -0.059776 0.14975 0.062345 0.041274 0.075167 0.088576 -0.15335 -0.12132 0.034211 -0.043828 -0.027231 -0.086419 -0.028712 -0.013547 0.12334 0.0082151 -0.13448 0.058684 -0.011971 0.074195 0.12047 0.068747 -0.063838 -0.14793 0.014077 0.10598 -0.093445 -0.104 0.10384 0.095873 -0.054079 0.12364 -0.054641 -0.12759 -0.093686 0.034751 0.029178 0.12804 0.12399 -0.043822 -0.060052 -0.062732 0.026089 0.13137 0.093408 0.0086965 0.11325 -0.0076245 -0.0032364 0.012077 0.084318 -0.0052824 -0.13848 0.14512 -0.039828 -0.036854 0.077027 0.14024 -0.036097 0.068065 -0.075894 -0.017009 0.11895 -0.017353 0.13827 -0.074792 0.12207 -0.13311 0.049538 -0.091946 0.019219 -0.022094 0.11316 -0.15249 -0.0034095 -0.04042 -0.086102 0.034961 0.13442 0.019919 -0.050192 0.012872 0.012512 -0.14999 -0.11304 0.15438 -0.092832 -0.0003146 -0.10647 -0.031854 -0.068937 -0.078794 0.12604 -0.047097 -0.10813 0.096664 -0.031579 0.066488 -0.12902 0.077952 0.075521 0.15406 0.12563 0.1435 -0.07419 0.11713 -0.072237 0.10106 0.041833 0.092588 0.014623 0.050615 -0.16504 -0.16526 0.04157 0.084398 -0.011411 0.11026 -0.09419 0.13472 0.044574 0.12823 -0.051331 0.11059 -0.052416 0.099017 -0.12166 0.13155 0.070778 -0.14387 0.030642 -0.073331 -0.12423 0.12863 -0.076695 -0.16164 -0.11625 -0.0089737 0.0062077 0.10886 0.11259 -0.057155 0.079816 -0.025951 -0.070184 -0.055295 -0.13934 -0.14104 0.076819 -0.084466 -0.14215 -0.068012 -0.0065536 0.0096452 -0.027503 0.0028306
-0.16158 0.049 -0.058524 -0.015692 0.16961 0.26493 0.12571 0.12557 -0.2024 -0.23872 -0.13633 -0.17598 -0.10254 -0.040243 -0.096964 -0.20451 -0.074704 -0.1157 -0.022257 0.032121 0.02237 -0.10421 0.036621 0.05986 0.034954 0.061304 0.012877 0.15207 0.056944 -0.12917 0.12292 0.27495 0.19797 0.063762 -0.0071817 0.14817 -0.1816 -0.1178 -0.059853 -0.19222 -0.10958 -0.024563 0.083693 0.039068 0.0038074 -0.16269 -0.045335 -0.15456 -0.18063 0.03738 -0.0069069 0.093043 0.052922 -0.072832 0.012829 0.057246 -0.086365 0.058096 -0.045538 -0.053167 -0.099945 -0.020507 -0.21415 -0.076426 0.084225 0.046541 -0.17067 0.040896 -0.17294 0.038237 -0.041956 -0.083706 0.12861 -0.11002 -0.13809 0.065993 -0.017888 0.093847 0.048217 0.13182 0.081387 0.0073852 0.011814 0.1308 -0.033482 0.040769 0.039566 0.031346 0.12269 0.16405 -0.19177 -0.0675 -0.17495 0.0020663 0.12362 0.026326 0.051924 0.14617 0.1543 0.033708 0.061164 -0.12827 0.018993 -0.054189 -0.11741 0.090657 0.00051339 0.10637 0.012391 -0.10769 0.15888 -0.02831 0.020619 -0.044752 0.0024954 0.13764 0.12782 0.1909 0.020098 0.021955 -0.041163 0.19138 0.23592 0.20438 0.13295 -0.029514 0.16016 -0.10273 -0.14416 -0.028408 0.045302 -0.066282 -0.26851 -0.17383 -0.035201 -0.21008 -0.079406 0.0161 -0.19868 -0.011652 -0.13144 0.047895 0.073625 0.10202 0.020868 -0.13844 -0.025754 -0.047262 0.16578 0.10037 0.17331 0.068253 0.0812 0.12962 -0.01045 -0.12154 0.098971 -0.060665 -0.15894 -0.21552 -0.11163 -0.041337 -0.10735 -0.15789 -0.16665 0.0073174 -0.15526 0.19263 -0.074966 0.026412 0.13596 0.068583 -0.0066197 -0.09683 -0.0080927 0.014486 -0.12234 0.086183 -0.24763 0.065603 -0.066443 0.18425 -0.044345 0.10926 0.037966 0.10727 -0.00074971 0.090372 -0.086918 -0.11599 0.090391 0.021348 0.041859 0.17782 0.11166 0.0054226 0.0141 0.053 0.2024 0.10183 -0.068339 0.028472 0.16129 -0.017872 0.11697 -0.10021 -0.013658 0.19232 -0.045891 -0.0028138 -0.032584 0.14219 0.037627 -0.053852 0.19322 -0.1339 -0.11415 -0.060619 0.057118 -0.16556 0.096035 -0.16028 0.010665 0.051507 -0.020372 -0.037034 -0.0021069 -0.010402 -0.078135 0.1011 0.10314 0.13213 0.12615 0.012777 -0.041495 0.046032 0.070559 0.15893 0.046667 0.11163 0.079991 -0.017029 -0.016146 0.16973 -0.054864 0.033034 0.09958 0.11429
1.1791 1.3823 0.36106 -0.59541 0.40365 1.1693 1.1687 -0.36715 -0.61901 -0.043944 -1.5648 0.73735 0.27541 0.13009 -0.53152 1.154
1.3656
-1.2769
-1.0078
-0.88078
-0.69483
-0.52646
-0.31972
0.087968
-0.026915
0.30487
0.52904
0.58606
0.8581
-1.058
1.283
-1.474
-0.22227
t a n s i g
t a n s i g
