248 16260
32 248
1 32
32 1
1 1
315.34 216.74 284.33 187.07 163.37 236.13 369.27 320.37 156.01 36.169 38.002 84.798 42.14 69.913 23.183 56.506 37.094 50.486 60.771 39.97 53.038 30.566 47.836 46.613 55.273 30.679 23.27 324.37 373.56 353.63 394.96 244.98 227.74 280.69 496.33 425.54 131.9 34.685 37.803 64.178 43.513 58.446 33.671 43.318 34.378 44.536 47.841 37.541 43.069 27.374 43.12 39.823 67.756 28.914 35.208 405.93 839.17 510.79 160.39 176.69 60.256 26.194 66.55 38.942 200.78 184.77 38.194 12.586 10.424 135.16 65.333 64.134 24.662 41.348 34.834 13.958 48.576 64.646 35.668 43.599 28.987 32.76 21.233 26.717 10.568 11.355 329.73 92.483 212.55 403.41 217.99 283.35 284.98 306.53 191.51 243.28 251.87 466.34 359.04 108.15 34.473 22.551 54.756 35.004 48.983 28.645 37.748 27.358 35.457 40.595 30.673 36.316 21.83 34.894 31.179 52.653 25.264 27.607 373.59 360.35 384.99 312.47 274.7 331.74 226.03 308.38 309.14 197.44 49.459 45.719 115.26 45.331 64.752 50.27 51.804 46.767 61.823 69.666 49.153 67.219 38.583 43.696 33.939 56.023 48.658 56.021 325.69 455.74 472.15 391.11 239.75 357.93 291.03 534.27 439.27 151.63 38.902 48.889 123.42 29.889 67.503 40.028 62.951 41.734 54.155 56.675 43.758 54.007 37.196 48.059 30.573 76.201 51.523 84.712 465.39 864.25 614.83 285.98 262.74 104.76 39.329 82.752 56.077 234.2 288.53 35.668 16.858 18.723 127.72 54.377 102.9 28.934 67.431 59.647 13.74 26.62 42.521 47.004 76.765 52.94 58.4 35.008 38.803 23.658 28.134 396.68 132.57 382.73 387.27 208.08 372.56 493.15 310.29 185.42 290.6 281.31 532.05 322.93 137.53 32.802 34.513 82.129 26.866 58.582 33.281 40.019 34.257 51 54.982 52.348 54.853 42.246 47.265 31.266 67.238 47.959 68.869 452.29 0.087403 0.60691 0.97853 0.15786 1.1639 0.17192 0.084047 0.53668 0.14292 0.47967
2210.1 1560.5 1219.6 1100.8 1143.1 947.17 1277.3 1134.8 813.16 282.43 301.63 518.44 320.54 465.34 337.81 430.96 310.45 356.09 429.08 304.84 363.41 247.99 381.44 318.94 586.36 326.36 405.12 1685.4 2130.7 1491.7 1202 1098 1156.2 1034.3 1723.8 1140.9 576.72 199.21 229.73 362.61 223.19 355.16 209.73 318.52 209.4 323.11 362.39 259.69 316.53 209.22 326.88 267.75 446.84 256.66 313.18 2258.6 3586.3 1265.7 1159.7 796.1 548.95 379.19 323.15 418.33 816.59 601.87 348.26 162.67 173.57 933.36 411.85 335.84 201.2 361.26 247.36 193.17 227.27 370.39 222.75 321.19 225.42 250.95 180.86 221.03 105.11 108.67 952.07 594.33 1300.1 1718.5 1091.4 2163.6 1504.6 1236.9 1121.7 1299.3 1105.9 1901 1297.8 540.73 199.71 243.12 333.76 244.06 381.56 250.42 328.69 275.32 321.51 421.08 341.46 369.59 252.74 336.92 282.8 473.08 267.48 365.45 2607.9 1993.9 1445.3 1139.9 1023.6 1098.4 882.22 1641 1281.4 748.79 241.79 254.32 501.9 257.13 379.08 279.98 357.06 267.12 356.87 394.87 277.28 353.89 259.77 311.86 277.64 454.21 324.42 662.94 2041.9 2009.3 1310.8 1050.4 937.8 1061.6 906.97 2212.2 1336.3 540.4 189.31 197.23 314.71 189.84 254.55 184.76 256.3 197.01 235.9 292.97 253.9 264.98 202.27 218.03 162.83 283.84 219.59 424.61 2759.7 3664 1232.2 1069.7 818.74 527.92 362.08 312.04 370.26 975.62 658.39 319.42 136.77 146.05 855.58 372.94 334.63 196.26 357.54 242.4 161.19 170.5 261.43 176.75 273.58 199.47 250.48 140.96 206.08 123.5 161.67 1105.6 583.1 1169.7 1616.9 1014.5 2040.6 1378.1 1094 1001.8 1144.3 950.53 2623.5 1561.5 582.05 192.09 197.76 320.76 196.14 251.39 224.96 270.41 202.63 255.21 328.5 290.79 368.26 247.54 244.85 196.03 327.37 228.06 466.81 3248.4 1.6477 11.441 11.898 1.8633 6.9971 2.0847 1.0219 6.3347 0.85914 5.8168
0
0.061655
0.11679 0.066431 0.13436 -0.077723 0.071129 -0.1108 0.14067 0.040801 -0.13363 -0.1595 -0.11078 -0.040191 -0.14287 -0.12774 0.1049 -0.15221 0.13033 0.055492 0.047144 0.024617 -0.00088838 -0.048363 -0.13495 0.021307 -0.051804 -0.03662 0.021021 0.043435 -0.13651 -0.080403 0.018698 0.13567 -0.025068 -0.011948 0.096926 0.093672 -0.0508 0.048432 0.1289 -0.025606 -0.097998 -0.071301 -0.17662 -0.095875 0.029394 0.1443 0.10993 0.052868 0.062375 0.084389 -0.014544 0.1281 0.13429 -0.077116 0.0049567 0.0048205 0.040999 0.039657 0.14849 -0.0054233 -0.13423 0.067734 0.026848 0.1105 -0.046816 0.0014015 -0.065948 -0.0033635 -0.036259 0.15393 0.07822 -0.04978 -0.15376 -0.026962 -0.0085534 -0.037781 0.14488 0.057705 -0.08951 0.079619 0.011859 -0.056139 0.031331 0.019844 -0.15316 0.12137 0.041669 0.024022 0.029619 -0.058769 -0.1383 0.0089613 0.088104 0.13181 -0.09027 -0.076892 -0.10654 0.14155 0.034286 -0.15465 -0.14674 -0.10545 0.0069278 -0.13688 0.13424 0.006347 0.093414 0.032959 -0.016172 0.0039073 0.006071 -0.14236 -0.043732 -0.063397 0.078297 0.066709 0.13693 -0.12511 -0.075708 0.13521 0.06625 0.11224 0.041265 0.073759 0.14456 -0.088412 -0.11959 0.070209 0.1004 -0.026926 -0.030678 0.023464 -0.066266 0.073779 0.068891 0.049155 -0.038671 -0.1376 0.1633 -0.14773 0.12701 -0.053093 -0.019407 0.08427 0.11971 0.13471 0.030252 0.077737 -0.072336 0.0030737 0.12748 -0.034903 -0.14381 -0.091289 0.17113 -0.0081759 -0.080985 -0.064522 0.095036 -0.06902 -0.083296 -0.093181 -0.005049 0.061336 -0.13116 0.011693 -0.057749 0.087728 -0.079165 -0.0098904 -0.052939 0.03599 0.057885 -0.061854 0.023483 -0.13881 0.0022627 -0.14155 -0.09362 -0.037522 -0.14684 -0.045052 0.13613 0.0246 0.010999 0.12964 0.027205 -0.073579 -0.028261 0.16263 0.11277 0.050233 -0.065458 -0.1433 0.1051 -0.042942 -0.078886 -0.021424 -0.12155 -0.09792 0.0056968 0.13538 -0.092058 -0.13057 -0.093162 -0.15485 0.058358 0.041502 -0.025951 0.00048589 0.16239 0.10733 -0.1007 0.15733 -0.14332 0.0046297 0.13259 0.089429 -0.023799 0.013319 0.15547 0.12432 -0.092233 -0.0037332 0.015277 0.039176 -0.06419 0.13032 -0.048953 0.04662 0.00018922 0.018359 0.15991 -0.078531 -0.083371 -0.081277 0.035646 -0.12608 0.032823 0.0099145 -0.13864 -0.11297 0.054147 0.062345 0.12461 0.056675 -0.060933 -0.04675
0.0073642 -0.11636 -0.073619 -0.20351 0.053347 -0.015517 0.078294 0.18153 0.15204 0.1325 0.099538 0.13425 -0.10323 -0.010975 -0.01914 -0.070297 0.095982 -0.0014353 0.0053664 0.18691 0.07876 0.1455 0.13131 0.050597 -0.099901 0.046452 -0.057278 -0.13627 0.034109 0.023868 -0.14227 -0.06217 0.077718 -0.17181 -0.076609 0.12872 0.18902 -0.081147 0.044455 -0.034696 0.1081 0.098416 -0.16449 -0.16094 -0.023385 0.046902 0.08218 -0.061964 0.13156 0.15495 0.0071115 -0.090768 -0.058919 0.0083811 -0.11005 0.033693 0.11336 0.1637 0.075358 -0.060647 -0.029173 0.099769 0.13413 -0.094897 0.042388 -0.15073 -0.09349 -0.12758 -0.13846 -0.17978 -0.057616 0.1027 -0.070297 -0.0085779 -0.14415 -0.17338 -0.042858 -0.26645 -0.078337 -0.22799 -0.0052338 -0.086525 -0.14539 0.025451 0.11926 -0.020164 0.074462 -0.1499 -0.011601 0.10165 -0.079818 0.078642 0.12281 -0.0041581 0.086582 -0.085407 -0.12549 0.058745 0.07121 -0.030634 0.19085 0.17181 0.1859 0.18771 -0.0064156 -0.047821 0.070429 -0.07158 -0.0025791 0.019181 -0.07106 0.066449 0.074987 -0.045691 0.072182 0.076938 -0.092954 0.051695 -0.19379 0.010673 -0.17247 0.090217 0.11848 -0.034602 0.048468 0.15211 0.14745 0.0079033 0.013316 -0.04493 0.042907 -0.012281 -0.036074 -0.093759 -0.12284 -0.1072 -0.087837 -0.16796 0.088757 -0.027446 0.034336 0.058707 0.031982 -0.037128 0.10261 0.14317 0.019745 -0.16884 0.064566 0.075704 0.1312 -0.011001 0.18679 0.098603 0.055205 -0.10989 -0.012952 0.15168 0.11707 -0.06599 -0.16202 0.027724 -0.13245 -0.033555 -0.10685 -0.17695 -0.048213 -0.097131 0.050476 -0.092042 -0.040843 -0.077271 0.14745 0.18597 -0.035866 0.11332 0.14899 0.07132 -0.072455 0.062325 0.11376 0.23193 0.20586 0.038425 0.014737 0.17061 0.14061 0.15518 -0.12647 -0.052973 0.03225 0.011804 0.10056 -0.12224 -0.047392 -0.0016816 -0.035052 0.0067074 -0.11379 0.061811 -0.14563 -0.12517 0.052517 -0.076231 0.1435 0.03539 0.071684 0.032456 -0.014278 -0.072777 0.041657 -0.19587 0.033728 0.047377 0.14791 0.11155 0.055518 -0.083659 -0.082301 -0.074221 -0.0092045 0.14332 -0.10341 -0.050759 -0.14904 -0.0017752 -0.094567 0.097858 -0.11964 0.085596 -0.062139 0.093073 -0.023034 -0.14367 -0.0081008 0.12887 0.16913 0.041451 0.046895 0.00075485 0.073781 -0.068153 -0.039283 0.11587 0.15798 -0.058127 -0.039834 -0.033888
-0.094814 -0.080041 -0.12952 0.015476 0.13357 -0.068061 0.028496 0.047225 -0.028556 -0.080582 0.085127 0.10164 0.078935 0.072006 0.041862 -0.079508 0.037924 0.043362 -0.12314 0.13766 -0.071194 -0.0075681 0.14046 0.099811 -0.061952 0.091203 -0.12065 -0.12296 -0.053356 0.0077865 0.093977 0.051239 0.062787 -0.051725 0.037887 -0.049774 0.067728 0.11341 0.09164 0.011861 0.036684 -0.048719 -0.048494 0.10972 -0.094541 0.10479 0.12418 0.11102 -0.095271 0.038652 0.027282 0.0458 0.048856 0.038484 0.14972 0.12488 -0.12344 0.094608 0.13356 0.037817 0.043045 -0.087521 0.0096876 0.13387 -0.0043035 -0.058778 -0.12263 0.053845 -0.055892 0.028214 0.0041123 -0.13909 0.081628 -0.039018 0.1422 -0.13235 -0.031937 0.024896 0.14757 -0.045318 0.14497 -0.076935 -0.051875 -0.033852 -0.14058 -0.057653 -0.1316 0.036428 0.13941 0.14069 0.091046 -0.025001 0.097497 0.14127 0.050277 -0.017135 -0.093661 -0.089799 0.10046 0.0018625 -0.063757 0.075667 -0.14283 0.13839 -0.023295 -0.13771 -0.14764 0.00807 0.028327 -0.029664 0.062374 -0.074998 0.14571 -0.0001315 -0.12812 0.072372 0.10079 -0.13195 -0.032841 0.13427 -0.034648 -0.079887 0.021188 0.061859 -0.10919 -0.14263 0.15598 0.038622 0.0064083 0.14634 0.053352 -0.074415 -0.081013 -0.16009 -0.011348 -0.037227 -0.098843 -0.0094832 -0.0047166 0.13683 0.080536 0.031983 -0.042679 -0.12563 0.12248 0.14642 0.10845 0.054105 -0.062458 -0.026455 0.012357 -0.13039 0.074352 -0.032591 -0.10958 0.08193 0.065897 0.024321 -0.15478 0.11042 0.046024 -0.095166 -0.056825 -0.029645 -0.13948 -0.05185 0.097253 0.12613 0.14871 -0.046324 -0.11442 0.12785 -0.029995 -0.11648 0.039747 0.021928 0.0032186 0.057786 0.03571 -0.025292 -0.14836 0.10189 -0.04199 0.11531 0.013073 -0.14454 0.099616 -0.10669 0.15291 0.067054 0.075887 -0.068165 0.11634 0.0076798 0.086547 0.0071786 0.04163 -0.0058065 -0.15236 -0.08621 0.12609 -0.1082 -0.10606 0.14759 -0.088983 0.033545 -0.10184 0.019447 -0.072716 -0.11697 -0.13483 -0.14749 -0.10722 0.15094 0.079667 0.029722 -0.05211 -0.076639 0.1206 -0.12708 -0.1304 -0.01892 -0.053754 -0.018792 0.14488 0.11281 0.029635 0.11594 -0.10915 0.11705 -0.036322 0.09138 0.038876 -0.014543 -0.037252 0.015321 -0.056523 0.12657 0.087134 -0.018845 -0.084574 0.098788 -0.031076 -0.099812 -0.13246 -0.038795 0.099779 -0.11122
0.036817 -0.015927 0.067825 -0.060472 -0.16344 -0.16174 -0.0014893 -0.11207 0.026322 -0.040737 -0.12785 0.020412 0.018185 -0.04535 -0.073905 -0.027777 -0.1328 -0.037949 0.042393 -0.033472 0.01936 0.16377 -0.077174 0.051485 0.0090619 0.0066434 -0.038663 0.11701 0.10309 -0.10182 -0.0378 -0.10081 0.10411 -0.086829 -0.12907 -0.09515 -0.13458 0.060374 0.033656 -0.072918 0.05596 -0.009828 -0.022741 0.10027 -0.13487 0.018954 -0.23336 0.019353 -0.084132 0.072588 0.17388 -0.034062 0.014887 -0.034323 -0.039202 -0.05495 0.082213 0.16487 0.14197 0.15982 -0.11756 -0.029788 0.015339 -0.1412 -0.15373 0.086286 0.0059579 0.05741 -0.08714 -0.020751 0.010354 -0.20559 -0.053677 -0.10759 -0.064578 0.065504 0.023158 -0.093241 0.12889 0.023511 0.015063 -0.18146 0.051226 -0.14043 -0.041764 -0.04202 -0.034614 -0.093333 -0.040464 -0.15363 0.057487 -0.027031 0.080061 -0.011407 -0.094619 -0.055735 -0.06187 0.085193 -0.17072 -0.05021 -0.035802 -0.039398 -0.073752 -0.017483 0.024986 -0.049108 -0.010686 -0.10139 0.068795 -0.11798 0.0057836 0.0083096 0.00096649 0.012636 0.028539 -0.063633 0.068781 -0.025591 0.016603 0.014264 0.099943 -0.028292 0.029961 0.12876 -0.14172 -0.14393 0.098055 0.11916 0.12519 -0.017299 0.099285 -0.15651 0.08125 -0.094846 0.017601 -0.12231 0.024844 0.091602 -0.08667 -0.1729 -0.11298 -0.16433 -0.13544 -0.082319 -0.11198 -0.095364 -0.20614 -0.019427 -0.097079 -0.1531 -0.049639 -0.090811 0.077416 -0.022061 -0.021306 0.10426 0.17614 0.046459 0.14661 0.032713 0.11204 0.13834 0.14882 0.1122 0.20465 -0.14077 -0.07579 -0.052714 0.069978 -0.21903 -0.11798 -0.02863 0.12807 -0.037969 0.058739 -0.060991 0.23008 0.025558 0.082717 0.11269 0.097933 0.39313 -0.032198 -0.038931 -0.1339 -0.25825 -0.1986 -0.1353 -0.12795 -0.15189 -0.18124 -0.0045622 -0.057478 -0.068481 0.024309 -0.080568 -0.15745 0.0052565 0.1087 0.035243 0.14613 -0.092886 -0.12456 -0.15854 -0.057765 -0.19498 -0.15378 0.15985 -0.11179 0.15287 -0.11093 -0.11596 0.14104 -0.035324 -0.047803 0.077126 0.11495 0.11912 -0.055469 0.11379 0.14673 -0.051014 0.061632 0.02352 0.098148 -0.093673 0.068445 -0.070276 0.011505 0.021427 -0.12535 -0.17972 -0.097213 0.086676 0.040677 -0.1111 0.1567 0.031621 0.048351 0.13487 -0.035729 -0.088015 -0.13133 -0.10259 0.04325 0.14337 -0.091651 0.087946
-0.13614 0.11211 -0.0084495 0.13679 0.077385 0.11383 -0.14995 -0.10869 0.0012449 0.0063599 0.13828 -0.030662 -0.015691 -0.14781 -0.064233 0.035132 -0.096776 -0.010824 -0.12036 -0.16585 0.047815 0.0083471 0.041937 0.02676 0.070791 -0.12654 -0.11661 -0.15131 0.12019 -0.1163 -0.12587 -0.03505 -0.11988 0.13839 -0.11931 0.13057 0.072644 0.10681 0.14344 -0.11506 0.059887 0.11201 0.1322 0.018724 0.087275 0.11071 0.071282 -0.0084169 -0.1317 0.025783 -0.13998 -0.044668 -0.084672 -0.15851 0.067255 -0.070826 -0.08319 0.1597 0.025177 -0.13052 0.14644 -0.11936 -0.022034 -0.086834 -0.019577 -0.12189 -0.08962 0.017169 0.036616 -0.11238 -0.15796 0.071588 -0.11161 0.11054 0.060443 -0.016532 -0.030262 -0.021806 -0.08461 -0.11509 0.065115 0.041298 -0.15293 0.099804 0.04169 -0.040443 0.11322 -0.072915 -0.029573 -0.028056 -0.13179 0.033839 0.082855 0.15529 0.12395 0.025001 0.11311 -0.073289 0.047151 -0.10579 0.0065285 0.080944 -0.12415 0.010656 -0.14883 -0.11707 -0.1463 0.058353 -0.13148 -0.13793 0.097892 0.028792 0.029235 0.095314 0.064607 0.012459 -0.085996 0.14373 -0.10528 -0.0019389 -0.07395 0.023424 -0.054763 -0.10413 0.15235 0.10554 -0.011285 0.082717 0.081723 -0.070842 -0.11603 -0.11841 -0.055392 0.011311 0.10717 0.11357 0.051951 -0.062396 0.072671 0.050415 -0.055149 0.11219 0.012921 0.11991 -0.052171 -0.03585 0.049614 0.018528 -0.013544 -0.11924 -0.097968 -0.016661 -0.10286 -0.15333 -0.035614 0.029958 0.12219 -0.073967 -0.019323 0.073484 0.13268 -0.067593 -0.027793 -0.10187 0.054042 -0.074752 0.085924 0.13482 0.048091 0.096632 0.11166 -0.071197 0.04334 -0.032996 -0.025286 0.11983 -0.063554 -0.033747 0.058486 0.073768 -0.023367 -0.045381 0.11319 0.13298 0.046431 0.035806 0.059023 0.14192 0.031469 0.086885 -0.00077066 0.14121 0.1472 -0.14331 0.030898 -0.083139 -0.14002 0.055631 0.047082 0.0083741 0.12319 0.029991 0.092411 0.023694 0.040988 0.11469 0.061961 -0.069763 0.1256 -0.12689 0.0058982 -0.074415 0.14955 -0.046406 0.008214 -0.011866 -0.019377 -0.017812 -0.020032 0.1189 0.030825 0.0097637 0.11159 -0.05996 -0.0070367 -0.077506 0.029407 -0.076388 -0.11335 -0.067486 -0.16512 0.11384 0.088293 0.056736 0.11441 0.047691 0.069992 -0.045326 -0.059377 -0.088669 -0.054165 -0.054839 -0.13899 -0.0044369 0.034651 0.10632 -0.11643 -0.11722
-0.012678 0.081584 -0.065745 -0.0027748 0.017914 -0.14915 0.049578 -0.017758 0.072582 -0.0078369 -0.16691 -0.071635 -0.089667 -0.10593 0.076325 0.0018086 0.17427 0.033029 0.047634 0.089516 0.041198 -0.018215 0.10474 0.14087 -0.0079409 0.050282 -0.033626 -0.058383 -0.1823 0.00057658 0.098931 -0.030822 0.049545 -0.042142 0.036161 0.085959 0.17363 -0.067148 0.22009 0.071988 -0.024089 -0.10355 0.076873 0.15724 -0.037984 -0.060467 -0.12767 -0.0074002 0.0045218 -0.099312 0.15506 0.10974 0.21484 0.17955 0.18628 -0.096833 0.064114 0.084127 -0.079736 -0.024221 -0.0012825 -0.11984 0.11219 0.16873 0.14037 0.13189 -0.080337 -0.091836 -0.07582 0.11358 -0.078891 -0.16099 -0.022657 0.063526 0.15137 -0.052669 0.10105 -0.043694 0.0039602 0.029028 -0.15167 -0.13695 0.077023 0.068931 -0.076072 -0.14575 0.025272 -0.10784 -0.023423 0.11013 0.17247 -0.029319 0.11698 0.029297 -0.026653 -0.097869 -0.021493 -0.17305 -0.028736 -0.0063212 0.013925 -0.16559 -0.061765 0.024532 0.1582 -0.016619 0.050855 0.10977 0.0049901 -0.10217 -0.011901 0.096992 0.039597 0.022241 0.18933 0.065522 0.0019883 0.067856 0.023092 -0.18933 0.031836 0.10268 0.02365 0.064413 0.082474 -0.09476 -0.08968 -0.17806 -0.10361 0.11737 0.098138 0.0709 -0.016791 -0.10059 -0.17746 0.11722 0.013923 0.087345 0.026669 -0.029026 0.10561 0.11818 0.070194 0.033869 0.0036384 0.18145 -0.12956 -0.19343 0.007361 -0.15617 0.055109 0.044601 -0.022671 -0.089 -0.02908 0.17733 0.141 0.20538 0.062745 0.055817 -0.017551 0.066372 0.034991 0.11898 0.10489 -0.18106 0.026828 0.064608 0.086536 0.018723 0.10062 -0.031304 0.080025 0.19576 0.035154 0.097081 -0.074861 0.033025 -0.08627 0.14994 0.032127 0.046106 0.045965 -0.06159 -0.016437 0.10305 -0.13741 -0.025797 0.095325 -0.0076592 -0.080022 0.048082 -0.073894 0.0013505 0.056456 -0.06407 -0.14275 0.053101 -0.050763 -0.10248 0.078805 -0.12463 -0.12746 -0.12733 0.067176 -0.098262 0.097292 -0.18759 -0.16529 0.19418 -0.11649 0.057051 -0.085113 -0.081024 0.082486 -0.083789 -0.046137 -0.0091615 -0.014652 0.056501 -0.0006872 0.012654 -0.06693 0.20989 -0.072216 -0.03438 0.11824 0.011716 -0.032266 0.1736 -0.060923 0.15471 -0.014868 0.12728 -0.021522 0.098503 0.096885 -0.10179 -0.068229 -0.037058 0.095531 0.044566 0.090228 0.16887 0.016439 -0.01544 0.049886 0.013033
0.021945 -0.063868 -0.12408 -0.052652 0.06157 0.0029067 -0.0047504 -0.16448 0.15421 -0.051475 -0.11343 0.064276 0.2049 0.011701 -0.032309 0.1268 0.095264 -0.086742 0.12097 -0.095051 0.15281 0.18383 -0.078041 0.0044832 -0.014189 0.14794 0.14228 0.071008 0.086415 0.011811 -0.036684 0.035541 -0.10954 0.13406 0.076346 0.017081 -0.21012 -0.019247 0.038057 0.069758 0.097903 0.14687 0.1478 0.14779 -0.11186 0.13022 -0.095666 0.030556 -0.15451 -0.024391 0.0061332 0.10724 -0.094405 -0.0067984 0.12804 -0.086267 -0.046741 0.14746 0.087969 0.095738 -0.080193 -0.012305 0.039991 -0.038469 0.038047 0.12245 -0.069916 -0.083339 -0.15839 0.014753 0.041822 -0.0081349 0.0030943 0.014768 0.098212 -0.073322 -0.024679 0.094129 -0.022475 -0.037041 -0.035198 0.052747 0.084579 -0.062312 -0.064175 0.035336 -0.10163 0.13736 0.046558 0.14019 -0.05587 0.1019 -0.14456 -0.12607 -0.12164 0.15069 0.048154 0.0064116 -0.038169 -0.048924 -0.016531 0.13527 -0.096913 -0.17174 0.003001 -0.13311 0.12223 -0.10759 0.10669 0.037194 0.11171 -0.00031782 -0.10529 -0.064303 0.16575 0.099169 -0.020562 0.15018 -0.052937 -0.15224 -0.11377 -0.17444 0.00075546 0.12712 -0.162 -0.15782 0.082812 0.030034 -0.0096224 -0.085504 0.018461 -0.016155 0.040013 0.062031 0.14613 0.057688 0.010147 -0.043394 0.071669 -0.071512 -0.10976 -0.052224 -0.10408 -0.080546 -0.12525 -0.077888 -0.11124 -0.023573 0.093837 -0.092052 0.062214 0.045398 0.12639 -0.056574 -0.068075 -0.044477 -0.022264 0.11386 0.15802 0.1752 0.076597 0.18677 0.13039 0.16086 0.087137 0.15821 0.053487 0.0005829 0.14871 0.073809 0.088292 -0.071992 0.14957 0.13877 0.030873 -0.07202 0.097411 -0.12697 0.11364 0.13371 0.099826 0.13582 0.14887 0.045127 -0.065867 0.10008 0.091645 0.11056 -0.11375 -0.044154 -0.072592 -0.029944 -0.026366 -0.15287 0.06189 -0.069942 0.0768 -0.043899 -0.16812 -0.072375 -0.13274 -0.10065 -0.013887 -0.097661 -0.1357 0.099234 -0.035282 0.024927 0.12349 0.05377 0.046145 -0.069386 0.034232 0.0040076 -0.11541 0.030922 0.13307 -0.16274 -0.0039228 0.051549 -0.026933 0.047638 -0.041674 -0.10363 0.13982 -0.016741 0.13323 0.18109 0.18448 0.1357 -0.098511 -0.080676 -0.015791 -0.13142 -0.071581 0.015135 -0.12833 0.079272 -0.15386 -0.040504 0.10508 -0.10778 0.08899 0.11975 0.10519 -0.038856 -0.018404 -0.00093002
0.045119 0.012909 -0.06051 -0.15294 -0.030098 -0.15489 0.023384 -0.14472 0.16928 0.093838 0.061795 -0.051385 0.057663 -0.11149 -0.044506 0.051037 -0.088917 -0.17338 0.084433 0.021941 -0.037738 0.18026 0.10729 0.035798 -0.17405 -0.005202 0.012615 0.1284 0.080758 0.019374 -0.010841 0.020978 0.066809 -0.028924 -0.063125 -0.084305 0.14324 -0.05976 -0.11455 0.069482 -0.081472 0.15752 -0.067619 -0.13345 0.13786 -0.15772 -0.066498 -0.13171 -0.20394 -0.12285 -0.14034 0.074228 -0.017272 -0.011598 0.041094 -0.11993 -0.089214 0.036101 0.11109 0.032968 -0.042709 -0.042863 -0.11224 0.027486 0.16145 -0.045887 0.15076 -0.10999 -0.039277 0.026532 0.043045 -0.0060416 0.070283 0.1228 -0.17185 0.0745 0.087054 -0.026449 0.12777 0.035437 0.061366 -0.11746 0.049304 0.15458 0.024032 0.029866 0.027048 0.061809 0.078189 -0.0070089 0.075817 -0.078429 -0.076033 0.061451 0.1241 0.030469 -0.15609 0.16949 0.014235 -0.030903 0.15904 -0.10258 -0.0023558 0.051431 -0.055003 -0.060411 -0.060845 0.0072243 0.15961 -0.078899 0.016119 -0.11631 0.054495 -0.11193 -0.058517 -0.077111 0.10862 0.044171 0.16306 -0.032408 -0.052477 -0.10085 0.13663 0.08079 0.14019 0.077137 0.01831 -0.10066 0.003011 -0.06917 -0.087951 -0.0050402 -0.14627 0.013336 0.11612 -0.10997 -0.11196 -0.14669 0.018339 0.11294 0.11607 -0.14621 -0.067099 0.067382 0.08399 -0.079995 -0.11888 -0.0099349 -0.054613 -0.0071559 -0.10492 -0.0059174 0.15536 0.025375 -0.032931 -0.11193 -0.038412 0.057846 0.026726 0.068644 -0.066822 -0.14082 -0.083242 0.07101 0.06653 -0.088514 0.01233 -0.085182 -0.071392 -0.052324 -0.082678 0.065356 -0.074513 -0.11827 0.033363 0.066267 -0.11863 -0.094282 -0.13959 -0.077983 -0.097318 -0.11614 0.057923 -0.043559 0.018109 0.04065 0.073451 -0.076802 -0.06624 0.10131 0.063443 -0.032978 -0.082329 -0.090334 0.047716 -0.00030833 -0.10081 -0.047223 0.087956 -0.12169 -0.13312 0.084633 0.013924 -0.022236 0.056037 0.05492 -0.13003 0.12718 -0.053166 -0.10213 0.073546 0.091301 -0.030537 -0.083676 -0.037435 0.13268 0.031124 0.066187 -0.15219 -0.049701 -0.017684 -0.08071 -0.013176 0.092225 0.14499 0.038592 -0.12604 0.093561 0.1282 0.082844 -0.16636 -0.098908 -0.011499 -0.030085 -0.023389 -0.12775 -0.12376 0.026941 -0.041072 -0.077818 0.07644 -0.047386 0.16245 -0.020217 -0.014245 0.0056391 -0.1487 0.05806
0.015749 -0.091303 -0.15628 0.02752 0.040453 0.003054 -0.075308 -0.058873 0.1012 -0.043182 -0.070559 -0.029623 -0.077575 0.094313 0.029736 -0.030603 -0.02181 -0.083376 0.006115 0.13252 -0.12437 0.16598 0.11993 0.083699 -0.072229 -0.083186 0.056436 0.084462 0.0235 -0.085472 -0.07648 0.072546 -0.015056 0.10259 -0.0024277 -0.14203 0.014785 -0.10767 -0.068065 0.025367 0.063862 -0.11784 -0.049989 0.077094 -0.034569 0.11923 -0.0024218 0.023915 0.08438 0.049079 0.13875 -0.0020702 -0.0058565 -0.054535 -0.060906 0.011866 -0.072424 -0.0083348 -0.14396 0.03743 -0.088577 -0.059897 -0.010766 -0.092058 -0.070373 0.052378 -0.0858 0.10998 -0.019595 -0.056704 -0.18894 0.047703 -0.14079 -0.086854 0.10742 0.0064915 0.074289 0.11386 -0.16037 -0.12092 -0.14343 -0.001148 -0.11377 -0.17602 0.1006 -0.072 0.031752 -0.077985 0.044352 0.06682 0.1281 -0.099035 -0.098145 0.057213 -0.034064 -0.030268 0.031441 0.17709 -0.076257 -0.030255 0.12179 0.13143 0.05031 0.093979 -0.149 -0.15427 0.11083 0.026764 -0.12479 -0.15651 -0.10164 -0.15751 -0.080996 -0.056919 -0.13133 -0.065288 -0.028265 -0.028476 0.12516 0.03817 0.0098738 -0.039612 0.13944 -0.022698 -0.11302 -0.11784 -0.034762 0.095321 -0.0017565 0.058873 0.22817 -0.054025 -0.1238 0.040892 0.017482 -0.070967 -0.026618 -0.082866 -0.048422 0.0054625 0.096156 0.15845 0.21004 -0.021652 0.12177 0.069765 -0.091433 -0.0116 0.053816 -0.13457 -0.13019 -0.15575 -0.063043 0.11969 -0.095709 -0.11193 -0.10879 -0.054742 -0.080403 -0.17847 0.042838 0.095211 -0.0049059 -0.13458 0.11942 -0.079776 -0.039563 0.035954 0.1999 0.026451 0.12339 0.10495 0.095396 0.081404 0.16538 0.022699 0.14332 0.0051202 0.10934 -0.096654 -0.13708 0.29196 0.0026807 0.025259 -0.24212 -0.021478 -0.0078265 0.10545 -0.1328 0.03069 -0.0049326 -0.026676 0.09361 -0.11344 -0.054835 -0.073582 0.024706 0.078105 0.044822 -0.014943 -0.077048 0.081295 0.045625 -0.068957 -0.082983 -0.070468 0.1243 0.086548 0.10504 0.088223 0.028227 0.14124 0.064136 -0.024418 -0.060455 -0.15966 0.1639 -0.071389 0.13115 0.08945 0.0061512 -0.015031 -0.17163 -0.039714 -0.03466 0.042311 -0.068152 -0.061906 -0.082083 0.098408 -0.019883 0.15789 0.12478 0.014406 0.032791 -0.0086771 0.052994 -0.057498 -0.23764 0.059119 0.0026569 0.073148 0.14966 0.085374 0.14562 -0.015763 0.039417 0.088278
-0.10582 -0.19333 -0.013767 -0.15284 0.14046 -0.071299 0.058564 -0.11733 -0.014225 -0.082795 -0.12216 -0.083097 0.083679 0.060559 -0.07396 -0.14443 0.092926 -0.14729 -0.10341 0.12212 0.0017394 -0.14624 0.10515 -0.10971 0.068404 0.034553 -0.046806 -0.12876 0.022848 -0.12138 -0.059439 -0.046445 -0.053116 0.13836 -0.047055 -0.0012468 0.10944 -0.10829 -0.13892 0.035652 -0.078737 0.1355 0.022071 0.14195 0.10416 -0.11092 0.14853 -0.054362 -0.053861 -0.049787 -0.15356 0.08263 0.11896 -0.03851 -0.12694 -0.028439 0.10449 0.10958 0.10616 -0.030859 0.10707 -0.040849 -0.061796 -0.01631 0.13344 -0.10908 0.069021 -0.076137 0.0549 0.17052 -0.090718 0.01954 -0.045659 -0.0014612 0.036523 0.079633 -0.039966 0.051324 0.1443 0.13891 -0.091466 0.017481 -0.064761 0.031827 -0.0073666 -0.036417 -0.082484 -0.04232 0.02722 -0.02951 0.12969 0.097147 -0.16857 0.11244 0.11781 -0.06613 0.18127 -0.033342 0.027278 -0.0011249 0.042189 -0.056769 -0.031745 0.083924 0.013588 -0.099471 0.12987 0.15466 -0.0083836 -0.12618 -0.10426 0.10875 -0.10446 0.090425 -0.013499 0.12808 0.075328 0.017377 0.040236 0.055712 0.15873 0.1595 -0.044266 -0.023381 0.021585 0.031819 0.10427 -0.060439 -0.090623 -0.019304 0.036418 0.17797 -0.098665 0.12857 0.086773 -0.045155 0.076002 -0.18429 -0.047529 0.062547 -0.057894 -0.1236 -0.0006618 -0.062815 -0.0041924 -0.15841 -0.052663 -0.0089146 0.093315 0.18684 0.14123 0.042014 0.015819 0.14851 -0.12294 -0.076206 -0.10146 0.023985 -0.027461 0.10317 -0.11013 -0.067888 -0.097833 -0.053691 -0.056861 -0.19406 0.032794 0.043295 -0.20436 -0.11226 0.052464 -0.10497 -0.18478 -0.023624 -0.052514 0.18085 -0.086472 -0.011425 0.030226 -0.14488 0.0011241 -0.055116 0.012346 -0.11342 -0.021082 0.079456 -0.1353 0.07657 -0.16559 -0.13314 0.094908 -0.0946 0.06814 0.15373 0.058856 0.05492 -0.12734 0.11271 0.11706 0.047302 -0.038281 -0.1176 0.0051221 -0.051822 -0.12432 0.072207 -0.045583 0.063566 -0.094078 -0.013643 -0.023152 -0.042231 -0.047963 -0.046984 -0.18189 0.085642 -0.13017 -0.11848 -0.13211 -0.057564 0.082791 -0.057717 -0.041193 -0.087634 -0.13783 -0.13447 -0.083238 0.086002 0.020938 -0.087304 -0.10067 0.10585 0.050964 0.028389 -0.0027819 -0.093614 -0.098499 0.015525 0.0055726 -0.16065 0.060477 0.017147 -0.13837 -0.021672 0.092705 0.14184 -0.007949 0.053272
-0.080978 -0.12061 -0.077435 0.14172 0.15306 -0.017726 0.10926 0.064903 -0.093924 -0.010693 0.0038034 -0.031013 -0.11112 -0.026123 0.082987 0.049082 0.025915 0.18587 0.13124 0.0072045 0.18099 -0.086078 -0.05694 -0.080904 0.0099824 0.067844 -0.18055 0.084208 0.028464 -0.017792 0.047886 0.042449 -0.091672 0.074062 -0.023378 0.094285 -0.062112 -0.062961 0.03666 0.17293 0.052998 -0.036147 -0.1018 0.055778 0.12379 0.030405 0.19099 0.11674 0.15984 0.062946 0.049043 0.0054722 -0.11366 0.081491 0.10183 -0.08895 -0.04221 0.03656 0.080149 -0.13494 -0.17735 0.097125 -0.028204 -0.14713 -0.14601 -0.029055 0.19603 0.11902 -0.11105 0.03573 0.080746 0.16153 0.11421 0.15074 0.11925 0.17332 0.16622 -0.096657 0.03554 0.042118 0.016382 0.16059 0.0051435 -0.06758 0.052777 -0.13085 -0.1674 0.095949 0.031875 0.00076918 -0.17181 0.08591 0.090963 -0.10623 0.0060646 0.02094 -0.076514 -0.09074 0.014329 0.15209 0.031721 0.045395 0.12597 0.12063 0.09488 -0.090134 0.12977 0.12833 0.25281 0.21132 0.16979 0.071465 -0.089796 0.031157 0.028946 -0.0090915 -0.12448 0.0049885 -0.1006 0.098545 0.058344 0.18458 -0.10792 -0.019883 0.13811 0.15038 -0.18081 -0.40632 -0.13464 -0.13909 -0.090315 -0.064754 0.003965 -0.071002 -0.11418 -0.010796 0.14761 0.050223 0.1025 0.085281 -0.031257 0.097047 -0.050427 0.04954 -0.098959 0.11994 0.23151 0.15557 -0.051905 0.085161 0.0068094 -0.16442 0.010129 0.03546 0.055873 -0.17229 0.055662 -0.1395 0.025994 -0.13719 -0.071966 -0.19545 0.067408 -0.15655 0.084155 -0.052102 0.10242 0.13099 -0.015834 0.13367 0.1965 0.14809 0.001249 -0.027325 0.15145 0.11795 -0.082335 0.083281 0.059344 -0.049004 -0.0018074 0.32217 -0.14475 0.10522 -0.066101 -0.054604 0.077434 -0.094612 -0.0005143 0.10669 0.013936 0.14926 0.076261 -0.010947 -0.043555 0.1733 0.069639 0.17018 -0.043548 0.12711 0.13672 0.19571 0.15337 0.18381 0.095325 -0.12951 0.056844 0.090669 0.024609 -0.12139 0.09728 0.022496 0.024832 -0.095768 0.033464 -0.05927 -0.030708 0.089991 -0.22483 -0.011772 -0.060209 0.023021 0.091056 -0.047489 -0.10155 0.037076 -0.088795 -0.089196 0.044352 0.065691 0.11085 -0.083416 0.16037 -0.14547 0.065661 -0.026338 -0.19625 0.13328 -0.14293 -0.042075 -0.093921 -0.19532 -0.061318 0.017135 0.16919 -0.10102 0.046555 -0.078272
0.12684 -0.0060185 -0.07867 0.15498 0.05968 -0.041737 -0.029995 -0.17275 -0.017943 -0.12549 0.019249 -0.13262 -0.010135 0.10544 -0.10537 0.15152 -0.02159 0.057121 -0.18098 0.10851 0.090309 -0.1022 0.076995 0.032687 -0.092556 -0.067084 0.03393 0.12724 0.061026 0.11352 0.22791 0.11618 -0.024522 0.082096 -0.017246 -0.040782 -0.013877 -0.12198 -0.048017 0.031536 -0.0025731 0.017184 0.09686 0.07038 -0.011535 0.03248 -0.07312 0.1165 -0.069283 0.033054 -0.14724 -0.085709 0.024043 -0.097365 -0.041973 0.1558 -0.045553 0.066256 -0.1396 0.07414 0.11894 -0.042875 -0.14842 0.13532 0.12096 0.10799 0.14593 -0.041629 -0.016957 0.025024 0.074498 0.003794 -0.069672 0.087225 -0.058004 0.076605 -0.060784 0.15243 -0.10409 0.043617 0.19703 -0.099603 0.11727 -0.13917 -0.12659 -0.095484 0.14921 0.11248 0.083147 0.10425 -0.030325 0.10805 0.039593 -0.075469 0.081615 -0.045443 0.055308 -0.10294 0.032215 0.046301 0.059693 -0.0034994 -0.046665 -0.042362 0.038753 -0.030148 -0.10839 0.070013 0.05176 0.1544 0.022141 0.062023 -0.038882 0.15809 -0.092966 -0.092663 0.13016 -0.096533 -0.1365 -0.069853 -0.022998 0.13793 0.046745 0.018297 0.10053 -0.083525 0.069953 -0.071852 0.075323 -0.023797 0.13193 0.016714 0.0064782 0.082315 -0.091172 0.020889 -0.086628 0.068105 0.022083 -0.018564 0.034258 -0.1204 -0.058421 0.11249 0.12853 -0.069759 0.12665 0.14765 0.099772 -0.027257 -0.093542 0.1505 0.064005 0.15436 -0.058689 0.0017752 -0.18226 0.10713 0.065535 0.13488 0.015644 -0.068483 0.18098 0.096686 -0.083413 -0.092582 0.081378 -0.013829 -0.10402 -0.24065 -0.1357 -0.10267 -0.13033 -0.037158 -0.14892 -0.010007 -0.13606 0.087401 -0.083185 -0.037915 -0.13469 0.048433 0.033546 0.067079 -0.013979 -0.017173 0.050168 -0.090965 -0.035013 -0.14567 -0.055176 0.095536 -0.044952 -0.13887 -0.10781 0.084773 -0.052968 -0.0047858 0.0032273 0.12779 0.1237 0.046621 -0.040261 -0.091028 0.1304 -0.033412 -0.14941 0.043225 0.108 0.083726 -0.11005 0.08541 0.17897 -0.094354 0.090048 0.13961 -0.12001 -0.17329 0.12776 -0.13538 0.15769 -0.00052842 -0.027459 -0.016429 0.041101 0.0056918 -0.079044 -0.080154 0.11385 -0.15086 -0.18383 0.067433 -0.12651 -0.077801 0.068982 0.072248 -0.081212 -0.055718 -0.044203 -0.083875 -0.033397 -0.084598 -0.019599 0.0037765 -0.17313 0.020542 0.059231 0.076608
-0.045461 0.013386 0.09099 -0.093634 -0.11966 0.10936 -0.26765 0.04729 0.11661 0.09537 0.10765 0.14599 0.089359 0.0047067 0.04338 0.033438 0.094537 -0.14395 0.020922 -0.14522 0.040336 -0.00054555 -0.12223 -0.03085 0.012648 -0.092936 -0.074317 -0.15243 -0.051684 0.019704 0.061679 -0.085361 -0.00043612 0.12779 -0.067107 -0.037003 0.066978 0.010755 0.11739 0.033064 0.1864 0.16755 -0.081458 3.3336e-06 0.15674 0.040407 -0.010436 -0.092288 0.080208 0.056468 -0.090505 -0.066447 -0.066068 0.054251 -0.11806 -0.096008 0.030495 -0.0052908 -0.019421 0.12187 -0.052742 0.028289 0.16968 -0.025007 0.11032 -0.084983 0.09366 0.17612 -0.11349 0.077555 -0.18925 0.073881 -0.047656 0.044794 -0.12065 0.094042 -0.02012 -0.019158 0.18271 -0.020179 0.14961 0.17929 0.13332 -0.070927 0.015438 0.014032 -0.078186 0.16586 -0.065404 0.036449 0.055104 -0.15333 0.13397 -0.017714 -0.050386 0.071814 0.044605 -0.0971 0.0048776 0.046434 -0.064208 0.0035319 0.043498 0.035437 -0.069177 0.051118 -0.044912 0.0007767 -0.062165 -0.052371 -0.055236 -0.0028221 0.011039 0.13951 0.066432 -0.12923 -0.061679 0.0050387 0.079658 -0.15705 0.00082874 0.16372 -0.1012 0.036444 0.20415 -0.1925 0.14888 0.25712 0.18929 0.11536 0.14137 0.0047264 0.15359 0.061892 -0.023664 -0.10452 0.20018 -0.0083886 -0.13691 -0.13141 -0.088664 -0.1011 0.031067 0.096739 0.10731 0.14678 -0.11235 0.03493 0.10151 0.22339 0.13453 0.13857 0.010402 -0.0065096 -0.26844 0.21486 -0.021871 -0.10144 0.044777 0.072028 -0.18859 0.13052 0.01898 0.1838 0.20389 -0.037628 -0.12719 -0.23674 -0.13141 -0.2146 -0.10695 -0.046357 -0.22929 -0.086953 -0.14189 -0.16927 -0.06979 0.068244 -0.012409 0.063894 0.085249 0.052296 -0.079245 0.016504 0.1273 0.084132 0.064085 0.12989 0.017247 -0.16083 0.13758 0.098457 -0.040176 -0.040494 0.00305 -0.050606 -0.055232 0.089299 0.085856 0.16526 0.033459 -0.10204 -0.089413 0.026488 0.13847 -0.023867 -0.10511 -0.060136 -0.029297 0.18014 0.15788 -0.061433 -0.0020184 0.051842 -0.078271 0.088164 -0.05904 0.0246 0.11088 0.0075661 0.011962 -0.059238 -0.0035623 0.15622 -0.034001 0.15703 -0.022688 0.11386 -0.0037812 -0.090335 -0.04465 -0.0015453 -0.052855 0.051441 0.21156 0.017744 0.042572 0.13534 -0.020826 -0.11492 -0.079835 -0.10875 0.094703 0.08152 0.041589 0.10549 0.08902 0.12858
-0.17461 -0.058024 -0.045943 -0.11119 0.082637 -0.12214 -0.08237 0.17499 0.034265 0.14858 -0.0011566 -0.13199 0.10507 0.076329 0.073715 -0.11925 -0.1065 -0.078707 0.09803 -0.0097087 0.00381 -0.034694 -0.096405 -0.077368 0.083194 -0.052604 -0.15523 0.051522 0.12633 -0.029927 -0.13343 -0.14583 0.088641 0.021649 0.039665 0.156 0.082948 -0.075337 0.080036 -0.030396 0.11388 0.13305 0.098327 -0.12405 0.11464 -0.061862 0.087481 -0.067788 0.084049 0.09593 -0.032632 -0.10054 0.095493 0.1464 -0.0785 0.093718 -0.028505 -0.066457 0.00051614 0.052845 -0.076411 0.12172 0.081759 -0.061403 -0.15074 -0.018796 0.01434 0.019824 0.0014001 -0.16229 0.064919 -0.081313 -0.036443 -0.10478 -0.034347 0.10456 -0.11195 -0.17765 -0.031042 -0.15168 0.023318 -0.13297 0.062148 0.088412 -0.044317 -0.078211 0.0088953 -0.088612 0.064414 -0.15777 -0.14605 -0.10339 -0.0068776 -0.14992 0.052124 0.11975 0.016543 0.024213 0.072829 0.071171 0.11555 -0.078986 0.0033631 -0.10169 0.091526 0.12271 -0.024803 0.13047 -0.11613 -0.14709 -0.064292 -0.033081 -0.077067 0.11914 0.087513 -0.124 0.131 0.047031 -0.031182 -0.031659 0.10164 0.14437 -0.049372 0.012135 0.096863 -0.11436 -0.096243 -0.16369 -0.098127 0.13151 0.010353 0.12047 0.091625 0.1251 0.080295 -0.04348 -0.096078 -0.12303 -0.096267 -0.076332 -0.0028724 -0.057971 0.077502 -0.00060592 0.10984 0.041249 -0.094542 -0.10743 -0.069694 -0.036089 -0.13278 -0.02687 0.1275 -0.10244 0.083613 -0.0021866 0.093346 0.12147 -0.042053 -0.00094669 -0.067286 -0.022551 -0.080867 0.11247 0.077362 -0.13292 0.074353 -0.059475 -0.12411 0.037279 0.11157 -0.074472 -0.091317 0.0099885 -0.08539 0.14799 0.20258 0.11974 0.016162 0.05711 -0.060695 0.1459 -0.03502 -0.018414 -0.079042 -0.12953 0.025551 0.089911 -0.17125 -0.077762 -0.06597 -0.12883 -0.12773 -0.11706 0.073555 -0.022278 0.097732 -0.1001 -0.081063 0.073587 0.16211 0.012031 -0.02622 -0.019012 -0.070775 -0.061794 -0.071417 0.085432 -0.15468 0.021013 -0.043349 -0.048314 0.035998 -0.15399 0.074845 -0.081938 -0.13834 0.024736 0.17467 0.015556 0.075652 -0.086461 0.1421 0.060682 -0.046921 0.046898 -0.030714 0.073524 -0.14413 -0.11042 -0.025494 0.046602 0.042517 0.033454 0.088691 -0.088156 -0.09442 0.02 -0.055281 -0.10053 0.047176 -0.027954 0.053462 0.12819 0.051636 0.14048 0.045567 0.055333
0.11893 -0.058331 -0.013069 -0.033927 -0.035796 -0.1513 0.098082 -0.16563 -0.11129 0.0099562 0.067839 0.057769 -0.070908 0.086613 -0.091483 -0.045384 0.11085 -0.02539 0.051537 0.016135 -0.049199 0.029726 -0.064699 -0.077186 0.21105 -0.10925 -0.14689 -0.038807 0.12853 -0.016187 -0.027358 0.16037 0.15902 -0.072967 0.10938 -0.11996 0.022716 -0.15036 0.015453 -0.05605 0.19257 0.13208 -0.056192 0.111 0.14161 -0.087596 0.06917 -0.029963 -0.08783 0.12699 0.096152 -0.037696 0.037254 -0.094582 0.16186 0.091875 -0.034188 0.065695 -0.096523 -0.16365 -0.039588 -0.12123 -0.073915 -0.088948 -0.06072 -0.062929 0.14378 -0.085849 -0.0085952 0.075931 -0.06507 -0.13201 0.086823 -0.049257 -0.0020339 -0.025618 0.055314 -0.10641 0.018617 0.018903 -0.027175 -0.091792 -0.16354 -0.02493 0.067715 -0.047913 -0.027963 -0.12129 -0.10202 0.095672 -0.096224 0.13362 0.13884 -0.042365 -0.15563 -0.059476 -0.0332 0.13329 -0.084897 -0.10186 0.073804 -0.066154 0.0028036 -0.060671 0.032877 0.084843 -0.082777 -0.038646 -0.15634 -0.13007 -0.14167 -0.043726 -0.10788 -0.088755 -0.0060508 -0.094155 0.082393 -0.046493 0.064218 0.067638 -0.049657 -0.11082 -0.034985 0.10154 0.11325 0.053142 -0.089772 -0.075297 0.047303 0.17534 -0.035479 -0.1096 -0.085607 -0.099112 -0.020693 -0.16279 0.086101 -0.1123 -0.083382 -0.012332 -0.25311 -0.2337 0.065224 0.05591 -0.051831 0.056525 -0.010901 0.16978 -0.004024 -0.10217 0.1198 -0.032194 0.21123 -0.02437 -0.20647 -0.11855 -0.049383 -0.014133 -0.032602 0.078964 0.09608 0.034357 -0.10527 -0.01673 -0.052319 -0.1057 -0.036448 -0.22581 -0.13825 0.11884 -0.14452 0.11479 -0.039298 0.033274 0.18466 -0.1084 -0.089861 -0.12442 -0.043264 0.022042 0.076226 0.18555 -0.034389 -0.060351 0.11919 0.056845 0.059199 0.057818 -0.033192 0.050806 -0.0022494 0.045183 -0.063452 0.14329 -0.11416 0.14617 0.096324 -0.11251 0.038743 -0.044656 -0.069669 -0.11327 -0.0040302 -0.030323 0.00023889 0.092776 -0.070512 -0.061711 -0.047971 0.025987 0.013963 0.053009 -0.072179 0.16334 0.18177 -0.0023195 0.14904 0.086756 0.092593 0.018222 0.020312 -0.23713 -0.013044 0.12005 -0.064856 -0.098211 0.15463 -0.12573 -0.12002 -0.14079 0.043265 -0.086477 -0.087433 0.070459 -0.1749 0.064547 -0.077422 0.065131 -0.13508 -0.041594 -0.081705 -0.035302 0.012275 0.10321 0.0024937 0.039979 0.093665 0.037653
-0.0086487 -0.067831 -0.057647 -0.1168 0.075588 -0.051213 -0.12215 -0.18453 0.0056361 -0.062731 -0.13372 -0.1204 0.022649 -0.018726 -0.07508 -0.084489 0.023414 -0.12933 0.04601 0.005305 -0.02134 -0.078636 -0.073443 -0.076985 -0.015574 0.10065 -0.010003 -0.061519 0.13152 -0.10491 0.16536 0.084657 -0.053568 -0.10437 0.054925 -0.14493 0.060206 -0.11989 0.096452 -0.11612 0.12552 -0.097487 -0.033321 -0.1053 0.21793 0.012932 -0.032323 0.08768 0.086683 0.063038 -0.1028 0.020601 0.1389 0.0052771 0.11411 0.067007 0.018851 -0.035845 0.065247 -0.17056 -0.097672 -0.06972 -0.1597 0.17667 0.038248 0.18117 -0.042701 0.014426 0.10477 -0.051069 0.11751 0.16045 -0.10508 0.03276 0.145 0.10743 0.0954 0.25528 -0.072545 0.12918 0.026824 0.023805 0.13235 -0.028214 -0.074526 -0.080775 0.044962 0.12509 -0.02927 0.14463 0.01146 -0.086559 -0.066862 0.016513 -0.14636 0.086456 0.0494 -0.0033306 -0.11346 0.14035 -0.095034 -0.15492 -0.012359 0.069565 0.13424 -0.07951 -0.050557 -0.071881 -0.020529 -0.051131 -0.059114 0.12899 0.007855 0.10676 0.10578 0.24939 -0.02591 0.09726 0.048034 0.16274 -0.17929 -0.12724 -0.029583 -0.14874 -0.10749 0.019771 -0.078093 0.12206 -0.06131 -0.10741 -0.26561 0.17702 -0.0063879 0.070788 -0.12237 0.04362 -0.069073 0.078101 0.029923 -0.068478 -0.05107 0.015905 -0.039353 0.11103 -0.10226 0.18077 -0.035737 -0.112 0.055697 0.13052 -0.10075 -0.089854 -0.11113 -0.090564 -0.06027 0.028717 -0.17121 0.092079 -0.18685 0.18907 0.065447 0.024399 -0.25978 0.077059 -0.31712 0.046521 -0.03494 0.14921 -0.2028 -0.012792 -0.12449 0.0031256 0.052403 0.28076 -0.076124 -0.05882 -0.10747 -0.050325 -0.16074 -0.26757 -0.076167 -0.74511 0.035449 0.34627 0.12311 0.065352 0.11504 0.01748 0.038059 -0.18204 0.046659 -0.091285 0.053258 0.041982 0.046433 -0.1047 -0.014427 0.069312 0.10291 -0.039454 -0.040603 -0.16398 -0.13582 -0.081634 -0.17928 0.1479 0.061013 0.0092827 0.071909 -0.25123 -0.065271 -0.17181 -0.073451 -0.060776 0.12044 -0.109 -0.086963 -0.0054528 0.041268 0.0022877 0.10938 -0.077387 0.10846 0.015955 -0.013108 -0.15959 0.086416 -0.21356 -0.15936 0.084908 0.083364 0.077131 0.08309 -0.04305 0.0084504 -0.042765 0.1195 0.049431 -0.071768 -0.09442 -0.081416 -0.13363 -0.069769 -0.014347 -0.18194 -0.11984 -0.062807 0.17058
0.0089043 -0.016685 0.17745 -0.0010404 0.049162 -0.1077 -0.0052835 -0.14878 0.025247 -0.038686 0.099538 0.080958 0.008748 -0.037226 -0.062076 0.027081 -0.034694 0.071297 -0.051686 -0.037442 0.016298 0.069961 -0.12326 -0.17457 0.14057 -0.052258 0.15585 0.059466 -0.0016372 -0.023503 -0.033305 0.0013239 0.10575 0.087513 0.18431 -0.15945 0.0060831 0.014979 -0.10792 -0.099248 0.076445 0.072279 -0.034845 -0.027728 -0.14117 -0.037151 -0.13056 -0.052843 -0.14774 -0.078489 -0.078731 -0.098806 0.011033 -0.18391 -0.14512 0.018368 -0.13172 -0.1324 -0.019219 0.001994 -0.079261 0.10148 -0.077584 -0.030315 0.16153 0.11906 -0.097739 0.15458 -0.12662 0.10326 0.050513 -0.13684 -0.012995 0.11101 -0.076376 0.021917 0.0058736 0.0077719 -0.071515 -0.028233 0.11478 -0.019023 -0.013578 0.12413 -0.14598 0.027495 0.16158 0.078055 0.0088805 -0.12382 -0.10923 -0.12519 -0.030107 0.13804 0.10676 0.17157 -0.076773 0.19386 -0.04105 -0.053802 -0.064236 -0.03878 0.030455 -0.16671 0.11044 -0.11712 -0.034825 -0.10483 0.0909 0.13032 -0.12367 -0.060998 -0.034492 0.078569 -0.1579 0.032161 -0.06769 -0.1344 -0.046469 0.14597 -0.065937 0.027994 0.15382 -0.050585 0.14831 0.045654 0.037164 -0.20699 -0.1111 -0.050106 0.016001 0.15903 0.00731 0.0060852 -0.016114 -0.027277 -0.041795 0.0022934 0.023405 -0.021266 0.069084 -0.036941 -0.13165 0.00085323 0.043028 -0.11755 0.14886 0.18997 -0.13149 -0.0062328 0.12527 -0.10709 -0.05636 0.045028 -0.16719 -0.048195 0.071085 -0.10968 0.036101 0.13159 0.050737 -0.18239 0.10045 -0.010745 -0.19394 0.053666 0.070147 -0.013116 0.069055 0.043194 -0.05812 -0.0075015 -0.017645 -0.24049 0.075677 0.11597 -0.23126 -0.099612 -0.091929 -0.035757 0.018257 -0.087182 -0.11931 0.0016216 -0.0079851 -0.036874 -0.080731 -0.11814 0.025535 0.078506 -0.13543 -0.062901 0.066011 0.020725 0.045791 -0.17232 -0.047105 -0.11625 -0.068955 -0.077634 0.12357 -0.063602 0.010102 -0.13162 0.16393 -0.013697 0.11515 -0.13422 -0.11609 -0.11047 0.14787 0.007856 -0.048269 0.022362 0.17664 0.031574 -0.098243 0.10187 -0.16998 -0.14847 -0.049419 0.014738 0.14385 -0.096452 0.019957 -0.039728 -0.14923 -0.095573 -0.046576 -0.033591 0.032609 0.067427 0.067246 -0.074121 -0.047179 -0.043163 0.0078257 0.036088 -0.12356 0.21536 -0.10285 0.075695 0.16913 0.15551 -0.033232 -0.0751 0.041338 0.11489
-0.01586 0.063524 -0.091391 0.1086 0.14264 0.21139 -0.0011909 -0.09234 0.080255 -0.097086 0.1363 -0.091298 0.066164 -0.17738 -0.086894 -0.036598 0.030395 -0.17678 -0.068534 -0.05984 -0.20421 0.020384 0.013556 -0.045178 0.1241 0.0056456 -0.069563 0.10372 0.086478 -0.047437 -0.024623 -0.043881 -0.11629 0.15452 -0.12756 -0.049638 0.036943 -0.10739 0.13099 -0.047548 0.055709 0.09169 0.13115 0.0060103 -0.18501 -0.08238 -0.10562 -0.035907 0.027287 -0.060593 0.018405 -0.035944 -0.14941 -0.065821 -0.020675 0.087888 0.010952 -0.012925 -0.050773 -0.098053 0.092113 0.020953 7.7989e-05 0.064167 -0.0094058 0.040926 -0.080834 -0.091041 0.071817 -0.11759 -0.1115 0.10986 0.17394 0.1096 -0.053808 -0.01905 -0.13858 -0.017344 -0.056303 -0.17832 -0.091393 -0.068578 0.0081707 0.14917 -0.11607 0.029397 -0.033407 0.0091785 -0.017304 -0.060168 -0.080035 -0.01831 0.033174 -0.11552 0.03464 0.13258 0.085916 0.079709 0.12446 0.10811 -0.065624 -0.020558 -0.060337 0.13638 -0.028685 -0.040202 0.15393 -0.052346 -0.11878 -0.012713 -0.13735 -0.040086 -0.17572 0.11584 0.016906 -0.12418 -0.11119 0.095314 0.065984 -0.12215 -0.16718 0.04643 -0.067719 -0.015061 0.19949 0.089523 0.11877 -0.0022652 -0.024848 0.049375 -0.080468 -0.015245 -0.12969 0.054895 0.11192 -0.03897 0.037177 0.1113 -0.022755 -0.034908 0.028225 0.11504 -0.16626 0.08034 -0.10691 0.052896 -0.046137 -0.098944 -0.10711 0.080057 0.025777 -0.15792 0.11841 -0.064587 -0.047483 0.046136 -0.07927 -0.045626 -0.05476 -0.0019428 0.041028 0.079064 -0.0098393 -0.14611 0.027159 -0.10302 -0.069049 -0.087222 -0.012704 0.095226 -0.14242 0.083746 -0.1029 -0.082736 0.082931 -0.0836 -0.048409 -0.0883 -0.026877 -0.014097 -0.022267 0.27242 0.11615 -0.033285 0.050914 0.043228 -0.07784 -0.12841 -0.14917 0.17964 -0.0098105 0.14605 -0.0045681 0.048394 -0.03491 0.099559 0.063046 -0.071085 0.03717 0.12255 0.027096 -0.075341 0.028896 0.16138 0.063497 0.020967 0.1118 -0.1418 0.15985 0.0048532 -0.021223 0.082313 -0.018364 0.0097534 -0.051458 -0.066217 -0.052299 0.031416 0.021423 -0.12281 -0.10665 0.059731 -0.034875 -0.09805 -0.082998 0.11787 -0.081423 0.0050217 -0.092431 0.10062 -0.07919 -0.081094 -0.13987 -0.071164 0.088177 -0.037413 -0.072758 0.018334 0.060664 -0.041728 0.070271 -0.13521 -0.074868 0.0055711 -0.039672 0.08496 -0.0084618 0.0084758
0.082254 0.16197 0.14703 0.045242 -0.13353 -0.10631 0.010099 0.095134 -0.083962 0.089722 -0.053909 -0.10532 -0.049144 -0.13788 0.033782 -0.037709 0.0081088 -0.18638 -0.0343 -0.020867 -0.088477 -0.11754 -0.09266 -0.16977 0.09104 0.037686 -0.091941 -0.056982 -0.0039583 -0.0059762 0.13028 -0.088743 0.10604 -0.12296 -0.0032828 0.11971 0.15184 0.076435 -0.079598 -0.07726 -0.066387 0.096682 0.082846 0.15389 0.14571 0.074578 -0.10852 0.020593 -0.015527 0.015773 0.0096137 0.019331 0.11736 0.057358 0.050337 -0.11666 -0.15441 -0.18376 -0.074892 -0.13369 -0.13554 0.069471 0.060006 0.04634 -0.061842 0.15889 0.050149 -0.005731 0.034054 -0.099782 0.080025 0.10299 -0.15874 -0.14014 -0.042043 -0.043634 0.11236 0.092086 0.19129 -0.092075 0.044097 -0.079605 0.066286 0.031469 -0.042985 0.071215 -0.071307 -0.069632 0.12456 0.12323 0.1554 -0.10945 0.0030894 -0.13193 0.13011 0.13377 0.067741 -0.10789 -0.047625 0.039954 -0.087111 -0.084554 0.060078 -0.059166 -0.10139 -0.055149 0.026243 -0.082333 -0.10096 -0.058651 -0.14187 -0.090763 -0.020119 0.069634 0.029218 0.10226 0.12486 -0.10988 0.076423 -0.14156 0.098051 0.081623 -0.02528 -0.009457 -0.081171 0.029343 0.054295 0.095066 0.016289 -0.062427 -0.14405 0.12803 -0.013537 -0.074728 -0.0084369 0.030847 -0.081205 0.040876 -0.0034523 0.079613 -0.090199 0.083936 0.075561 -0.087434 -0.11221 -0.047653 0.043759 -0.17262 0.015489 0.098572 -0.029875 0.025221 -0.065737 -0.090591 0.06812 0.051772 0.065841 0.011507 -0.17002 -0.18843 -0.060515 -0.036857 -0.077055 -0.044931 -0.13162 0.063571 -0.10209 -0.23952 -0.031009 -0.039043 -0.13836 -0.10379 0.03195 0.07234 0.050802 0.13113 0.07821 0.083868 -0.11457 0.047948 0.15533 -0.28069 0.14439 0.082114 0.062655 -0.13682 -0.08069 -0.00014165 0.039622 0.059428 0.05911 0.01639 0.1294 -0.088262 0.033381 -0.08121 0.072604 0.11212 0.1008 0.012662 -0.01634 -0.091387 0.076448 -0.018415 0.16939 0.20213 -0.15988 -0.0054608 0.10142 -0.079128 0.020946 -0.056391 0.021354 0.1129 -0.11022 0.077686 0.17039 0.16083 0.084282 -0.098868 0.092924 -0.037633 0.020598 -0.13514 0.0040451 -0.1263 -0.088581 -0.045361 0.095366 -0.020454 0.10228 0.00018428 -0.084262 0.044411 0.011496 -0.042833 0.18388 0.0038511 -0.1145 0.14882 0.0060386 0.057157 0.14827 0.0016664 0.087889 0.14329 -0.050699 0.12294
0.074369 -0.07524 -0.043849 0.099459 -0.093888 0.027439 -0.12933 -0.07355 -0.039167 0.054278 0.047387 -0.038198 -0.015934 -0.13041 0.12303 0.022886 -0.11943 -0.088996 -0.0034711 -0.11485 -0.088898 -0.091433 -0.11519 -0.12105 -0.030575 0.13452 -0.070693 -0.1259 0.019089 -0.092006 0.14641 -0.055123 -0.029585 -0.096116 0.033371 0.040058 0.035508 -0.14859 -0.048712 -0.0092202 -0.001465 -0.0096852 -0.11255 -0.030607 -0.13181 -0.065962 -0.11481 0.061332 0.042064 0.14331 0.14907 -0.048187 -0.048778 -0.0053211 0.042346 -0.10009 0.038153 0.089518 -0.076242 0.10983 -0.11822 -0.10601 -0.085507 0.0084659 0.13461 -0.1614 0.026795 0.02513 -0.093443 0.087565 0.064507 -0.13727 -0.022578 -0.070374 -0.11191 0.020767 -0.0084895 -0.1334 0.0068144 0.16139 0.02955 0.13339 -0.1076 -0.073453 -0.12696 -0.073184 -0.10021 -0.038277 0.025737 0.087086 -0.095295 0.11472 0.10937 -0.071939 0.01475 -0.081993 0.052604 -0.022443 -0.10098 0.11367 0.061395 -0.078193 0.069421 -0.0032374 -0.099002 -0.019874 0.040365 0.01582 0.080451 0.12724 -0.050928 0.12178 -0.051359 0.10232 -0.069974 0.13675 -0.089175 0.1513 -0.112 -0.01088 0.11053 0.12818 -0.058518 -0.038357 -0.026 -0.10273 -0.10563 -0.025905 0.12888 -0.047505 -0.03844 -0.1223 -0.12357 -0.080022 0.079306 -0.071305 -0.13225 -0.060001 -0.019221 0.12956 0.02737 -0.08614 -0.11199 -0.12938 -0.13948 -0.047761 0.0028196 0.12146 0.034002 -0.052358 0.098045 -0.035674 0.098468 -0.093267 0.14298 -0.12269 0.15356 0.019236 -0.073882 -0.01547 -0.042565 0.049049 -0.15167 0.080744 -0.035539 -0.066423 0.15019 -0.096788 0.045576 -0.10387 -0.072199 0.084744 0.097766 0.016196 0.16702 0.0039977 -0.09446 0.0094799 0.056061 -0.13414 -0.086331 -0.087077 0.16538 -0.037363 0.093401 -0.11626 -0.03623 -0.097849 0.090647 -0.10859 -0.11554 0.01149 0.10926 -0.09312 -0.057539 -0.10216 0.017423 0.14753 -0.068735 0.031063 0.14716 -0.049943 0.012262 0.131 -0.022605 0.048433 -0.018543 0.026029 -0.031953 0.03452 -0.0032786 -0.14325 0.052515 0.12832 0.0025355 -0.11909 -0.0053994 0.030058 -0.10983 0.0023472 -0.099685 -0.082581 -0.11073 -0.08638 0.1166 -0.031575 0.094461 0.056903 -0.11576 -0.09626 0.039446 -0.15813 0.0017236 0.06972 0.036883 -0.025499 0.10099 0.069251 -0.13264 -0.00743 0.064894 -0.10959 -0.13985 -0.059464 0.082445 -0.060917 0.11 -0.076169
0.024208 0.092229 0.022189 -0.065641 -0.0092797 -0.16402 -0.061564 0.0069982 0.14103 0.028453 -0.073651 0.065087 0.07921 0.063204 -0.075968 -0.03593 -0.093252 0.072113 -0.031582 0.062003 -0.11831 0.024459 -0.018128 0.049153 -0.098155 -0.072926 0.1122 -0.055792 0.11902 0.061238 0.16478 -0.079431 0.025231 -0.1864 0.090663 0.05336 -0.062047 0.029587 0.036557 0.12775 0.082158 0.15576 -0.043841 0.19065 -0.069159 -0.0059492 0.18151 0.058878 0.024747 -0.060522 -0.0054759 -0.13211 -0.0015742 0.017378 -0.22104 -0.10162 0.095834 -0.1197 -0.096941 -0.15044 0.01373 -0.0096472 -0.083651 0.0012875 0.062269 0.079516 0.076721 -0.078856 0.0079562 -0.13818 0.0084111 -0.072247 0.085254 0.049467 -0.080804 0.19058 0.0068247 0.061703 -0.03561 0.019308 -0.10466 0.15152 -0.15661 0.054483 0.048425 -0.13111 0.077229 -0.049106 0.035677 -0.073113 0.19087 -0.074893 0.2102 0.19058 -0.082507 -0.0076069 -0.21697 -0.010754 0.039851 0.098767 0.11453 0.0101 0.07183 0.11889 0.20286 0.098319 -0.051081 0.042365 -0.0047016 -0.10765 0.054295 -0.20716 -0.016939 -0.10652 0.070829 -0.26137 -0.17837 0.0078677 0.039117 -0.013769 -0.037841 0.18967 0.014986 -0.059164 0.067204 0.07679 -0.12352 -0.063955 -0.17036 0.11181 -0.16782 0.21755 0.0055108 0.281 0.189 -0.014306 -0.064274 -0.081895 -0.11204 -0.24636 0.068499 -0.12548 0.04949 0.090935 0.15735 0.015855 0.098362 -0.1553 -0.14093 0.028646 0.15729 0.011415 0.18187 0.028344 -0.17713 -0.13671 0.030153 0.12704 -0.076306 -0.019464 0.073506 0.14112 0.043997 -0.081427 0.078876 -0.053812 0.12827 -0.18284 -0.15828 -0.088816 0.075952 0.14596 0.17303 0.18617 -0.06524 -0.017464 -0.08428 0.059273 -0.086663 -0.10956 -0.12156 0.02842 0.16135 0.10662 -0.09881 0.035945 -0.11515 0.045251 0.065852 -0.044187 -0.032625 -0.10567 0.03218 -0.041278 -0.12884 0.11023 -0.097946 -0.026011 -0.14692 -0.12755 -0.036192 -0.070053 -0.080674 0.13286 -0.034912 0.17624 -0.066105 0.069351 -0.047333 -0.039371 0.14045 0.039321 0.081302 -0.038516 -0.027009 0.17266 0.0057496 -0.030207 0.016146 -0.083772 0.027562 0.066592 0.034017 -0.084547 0.02847 0.16068 0.11639 0.099959 -0.065893 -0.0049061 -0.083847 -0.089247 -0.23719 -0.046521 -0.069258 -0.007798 -0.0091895 0.18845 -0.34457 0.48166 0.028794 0.11652 -0.098098 0.18095 0.17315 -0.084703 0.24267 0.0048692
-0.039259 0.030958 -0.090996 0.052392 -0.15114 0.12687 -0.059362 -0.13423 -0.072229 0.13309 0.12984 -0.070249 -0.18623 -0.11158 0.055217 0.060134 -0.11663 -0.10165 -0.069951 -0.086923 0.1314 -0.021684 -0.1354 -0.051799 -0.094055 0.12011 0.053901 0.16599 0.16762 0.027387 -0.19409 -0.09393 -0.10242 -0.13122 0.030177 -0.11958 0.007258 -0.053628 0.048353 0.072326 -0.060755 0.018555 0.028114 0.13768 0.074971 0.085097 -0.035984 0.16087 -0.14869 0.00022931 -0.022205 0.027937 0.16423 0.032444 -0.042044 0.046493 0.014283 -0.04008 -0.022574 0.11317 -0.062702 -0.054179 -0.045318 0.085671 0.080152 -0.14618 0.15724 0.00034773 -0.066796 0.04999 -0.071052 -0.13119 -0.047136 0.032199 0.021767 -0.037106 0.10636 -0.037257 -0.0088538 0.07829 -0.095313 -0.1374 -0.019989 0.16729 0.13941 -0.12253 -0.11286 -0.13116 -0.035678 -0.13735 -0.05464 0.094967 0.082868 0.019485 0.010506 -0.019268 -0.020955 -0.14318 -0.049256 0.15561 -0.040079 0.11782 -0.021683 0.1195 0.050827 0.10207 -0.083971 0.10461 0.06811 -0.058503 0.033139 0.1148 0.14171 0.16135 -0.018583 0.091684 0.084093 0.15818 -0.0090772 0.18169 -0.069336 -0.12914 0.098996 0.040754 0.10147 -0.044643 -0.16281 -0.042705 -0.13481 -0.11114 -0.165 -0.11553 -0.061804 -0.15604 -0.0876 -0.054425 0.052413 -0.117 0.0098324 -0.012219 0.049564 0.050309 0.15677 0.0025747 -0.081258 -0.12339 -0.039294 0.082793 -0.050057 -0.072337 0.03184 0.10896 0.072001 -0.0041495 -0.046234 0.1148 0.047993 -0.010588 0.10739 -0.10017 0.087588 -0.17337 0.10043 -0.11386 -0.020817 0.12596 -0.08737 0.051897 0.035944 0.13058 -0.018404 0.11598 -0.0068643 0.076923 -0.036888 -0.064101 0.0085227 0.088596 -0.12978 0.016868 -0.025615 -0.1621 0.13169 -0.18338 0.088765 0.12864 -0.012599 -0.12081 0.01365 0.021941 0.14513 0.088427 -0.059045 0.09058 0.084701 -0.11764 0.0081439 0.048229 0.0099126 0.12892 0.086372 -0.14661 -0.035992 -0.0038732 0.014405 0.15716 -0.097162 -0.082876 0.059455 0.11793 0.056478 0.16063 0.059156 -0.011005 0.1254 -0.075161 0.032695 0.0076501 -0.010859 -0.053306 -0.1498 0.054563 0.096914 0.059067 -0.15567 -0.11838 0.12727 0.017802 -0.014293 -0.058146 0.15159 0.028814 0.026893 0.12318 0.082038 -0.099558 -0.021615 -0.067128 -0.0079805 -0.15521 0.082931 -0.017469 0.055477 0.07485 -0.10444 -0.081056 -0.073356 -0.059107
0.020081 -0.050688 0.10778 -0.08611 -0.10587 -0.095053 0.024438 0.089055 -0.056369 -0.063116 0.1035 -0.097885 -0.12602 -0.1102 -0.042727 -0.11085 0.11999 -0.077539 -0.033403 -0.1327 0.023642 0.074463 -0.0174 -0.1499 -0.12833 0.094316 -0.15119 -0.038861 0.056422 0.07385 0.12797 0.049874 0.13022 0.11814 0.098901 0.099427 0.1387 -0.1184 0.04091 0.0022687 -0.15096 0.082274 0.10828 -0.078588 0.11923 0.11426 -0.14456 0.075229 -0.058257 -0.061512 0.012603 -0.021863 -0.065756 0.1368 -0.034105 -0.08812 -0.14062 -0.11631 -0.10608 -0.11599 -0.1434 -0.020732 0.052867 0.12878 -0.11707 0.010022 0.051042 -0.067786 -0.066108 -0.03344 0.1403 -0.068476 0.020234 0.12424 -0.058402 -0.033329 -0.00049146 0.10637 0.081182 0.075802 -0.13538 -0.11504 0.10665 0.053461 0.016583 0.00011702 0.12591 -0.12814 -0.11053 0.10143 -0.097057 0.10639 -0.052244 0.00036095 -0.089259 -0.07146 -0.11057 0.12351 0.045781 -0.13411 0.05638 -0.03208 -0.041876 -0.0010615 0.10838 -0.050429 0.0098157 -0.052724 -0.092314 -0.13806 -0.1363 -0.13257 0.022082 -0.12759 -0.096836 -0.10402 0.0193 0.1105 -0.1311 -0.054767 0.066012 -0.093223 -0.086323 -0.10908 0.014997 0.050114 -0.15088 0.052546 -0.096316 0.063222 0.11096 -0.13003 -0.057355 -0.005459 -0.13717 0.10781 0.14504 0.1411 0.088226 0.091392 -0.12561 0.063218 0.01795 0.12811 -0.032685 0.031463 0.035233 0.11507 -0.13714 0.035236 -0.020658 -0.11493 0.031305 -0.029111 -0.025787 -0.0061373 0.053968 0.084509 -0.094778 0.030988 -0.10667 0.13743 -0.076762 -0.1018 -0.082249 -0.11963 0.11685 0.005997 0.048112 -0.020336 -0.076671 -0.041278 -0.048752 0.093717 0.013028 -0.10354 0.14602 -0.077998 0.065772 0.12924 0.029915 0.057 0.1154 0.0085976 -0.035639 0.029321 -0.011587 -0.066829 -0.13503 0.0076521 0.15083 0.12218 -0.075173 -0.044227 -0.11231 -0.074483 0.083987 -0.0071019 0.045015 -0.10938 0.037263 0.078435 0.15585 -0.082682 0.09849 0.046181 -0.0083972 -0.058427 0.093092 -0.0074902 0.072589 0.052255 -0.048402 -0.0085233 0.14723 -0.082226 -0.044303 -0.0019507 -0.031045 -0.1461 -0.15869 -0.13217 -0.13168 0.11399 0.14277 -0.045922 -0.091929 0.12508 0.078207 -0.14466 -0.053042 0.096529 0.073846 -0.12387 0.022971 -0.13741 -0.071476 -0.12904 -0.060855 -0.030255 -0.10435 -0.0073499 0.042196 -0.14619 -0.057294 0.14597 0.041391 -0.012829
-0.080134 0.065882 0.060794 0.030005 -0.011753 -0.055829 -0.10366 -0.12911 0.14607 0.10489 0.065032 -0.023904 0.07441 0.12372 0.048982 0.073327 -0.053633 -0.20493 -0.00047929 -0.049447 -0.13781 -0.018629 -0.019456 -0.0089588 -0.14479 0.11515 -0.047717 0.13639 0.01809 -0.065587 0.046376 0.16977 0.14518 0.1422 -0.12215 0.1175 -0.18287 0.13905 -0.1155 -0.072596 0.057487 -0.11894 0.050219 0.075846 -0.14006 -0.097851 -0.11059 -0.04668 -0.074964 -0.10352 0.097678 0.05216 0.056901 0.16337 -0.09707 0.019098 -0.10565 0.12533 -0.084955 -0.12637 -0.033993 0.080995 -0.010077 0.17218 -0.0873 0.10977 0.087376 0.18725 0.14643 0.033109 -0.14357 -0.10452 0.053826 0.06338 -0.13442 -0.0036732 -0.15538 0.03071 0.057536 -0.12083 -0.071325 -0.048373 -0.070862 0.091811 0.0024482 -0.032305 0.10451 -0.11349 0.032536 0.094241 -0.11588 -0.045528 -0.019951 0.16061 -0.091274 -0.094773 0.12862 0.061194 0.074664 -0.090946 -0.074127 0.0123 -0.097645 -0.11788 -0.11694 -0.12918 0.057695 0.096467 -0.045476 0.03366 -0.056645 -0.12916 -0.08034 0.14753 0.04542 -0.020716 0.17078 0.20943 0.078076 0.049786 0.024056 -0.10711 -0.040637 -0.005353 -0.057021 -0.19264 0.0063465 0.059742 0.13143 0.016861 0.0099032 -0.005375 -0.10283 0.011369 0.073651 0.22047 0.027083 0.090552 -0.0039256 0.056178 0.054148 -0.020279 -0.032983 0.10387 0.13992 0.044622 0.0408 0.049502 0.085364 0.14947 0.18249 0.17017 0.021467 0.058326 0.079188 0.13305 -0.031114 0.058449 0.13573 0.10627 -0.014095 0.10617 -0.14166 0.0080706 -0.14125 0.143 -0.025611 -0.16047 -0.11731 -0.14546 0.0605 0.0081197 0.10789 0.0017823 -0.15006 -0.17505 0.13695 0.1385 0.0052058 0.036962 0.012514 -0.30394 0.019205 -0.0035435 0.15459 0.16686 -0.085129 -0.097792 0.028642 0.07155 0.090753 0.015411 0.035248 0.058595 0.030213 0.068833 -0.077416 -0.1041 0.099309 0.034987 0.0061991 -0.0095859 -0.021348 -0.21742 0.081969 -0.038844 0.013325 0.056413 -0.012212 -0.15965 -0.081094 0.070905 0.10983 -0.0041601 0.10973 0.15411 0.09841 0.10832 -0.075354 -0.0079264 -0.050158 0.01256 0.1971 0.030041 0.050961 -0.077524 0.013684 0.066975 -0.13741 0.036937 -0.05939 -0.090522 0.0046863 -0.10402 0.12248 0.036058 0.047658 -0.032994 -0.011114 -0.045473 -0.072782 -0.001997 0.094541 0.12293 -0.16649 -0.010418 0.080062 -0.034209
-0.14749 0.079705 -0.036265 -0.053881 -0.14286 -0.013171 0.054427 -0.055918 0.043542 0.10967 -0.056492 -0.1238 -0.00032109 -0.084047 -0.063835 0.027671 0.045974 -0.14649 -0.021197 -0.015793 0.13055 0.15255 -0.025375 -0.085488 -0.14448 0.057899 0.1214 -0.0042426 0.023915 0.13946 -0.024894 0.047919 0.13975 0.16947 -0.07047 -0.062796 0.058103 -0.093431 -0.17745 0.05626 -0.14839 -0.17558 -0.20768 -0.20167 -0.12319 0.030021 0.029481 0.17021 -0.16469 -0.027266 -0.13151 0.11773 0.014446 0.14234 0.062818 0.1414 -0.089122 0.082118 0.10725 0.16188 -0.12663 0.090382 0.040217 -0.11035 -0.038386 0.14291 -0.18488 0.066573 0.12477 -0.025016 0.13602 -0.028167 0.022056 -0.0075255 0.045949 -0.20127 -0.043001 -0.033055 -0.15339 -0.16367 -0.1219 -0.034891 0.037453 0.011036 0.13519 0.11595 0.062202 -0.022249 -0.21795 0.033447 0.06407 0.16368 -0.10467 0.044116 0.093897 0.13733 -0.047812 0.086849 -0.14227 0.018353 -0.12143 -0.094936 0.091569 0.0099386 -0.044109 -0.076524 -0.13176 -0.16084 -0.043353 -0.088654 0.00074028 0.013006 0.026208 -0.10853 -0.057341 0.076704 -0.057679 0.02871 0.057055 0.0053675 0.048169 -0.13188 -0.12288 0.039718 0.021662 -0.12839 0.17668 -0.030196 0.10663 0.070822 0.020645 0.062043 -0.033342 0.047769 -0.14998 -0.023412 0.061134 0.20298 -0.10239 0.13889 0.14891 0.10765 0.14233 0.0019828 -0.050887 -0.072627 0.035319 -0.2018 0.010692 -0.021402 0.13995 -0.11461 0.11971 0.062112 0.1651 0.12274 -0.047555 0.079329 -0.010468 -0.08431 0.08188 0.035291 0.084167 0.048293 0.0072768 -0.0254 -0.027206 -0.030189 0.15701 0.097983 0.06383 -0.13677 -0.023747 -0.068668 -0.0019015 -0.010473 0.062919 -0.012429 0.041961 0.018691 -0.11539 -0.015147 0.066047 -0.073168 -0.060868 -0.041789 -0.0034121 -0.029861 0.061998 0.055141 -0.031942 -0.033889 -0.10593 -0.15299 -0.11945 -0.02842 -0.077829 0.11737 0.15173 -0.061356 -0.07728 -0.039318 -0.08335 -0.079211 0.080864 -0.096167 -0.038647 -0.0042523 0.059785 -0.11468 -0.06225 0.053652 0.03283 -0.095441 0.044523 0.13027 0.10948 0.060018 0.017797 -0.044207 0.11364 -0.058209 -0.11019 -0.20413 -0.027393 0.031285 0.081441 -0.086843 -0.10723 0.011827 -0.053436 0.11425 0.046575 0.094853 -0.022972 -0.069544 0.029677 -0.10498 0.0013359 0.016318 0.070637 -0.051424 0.0015647 0.007455 0.14278 0.12878 -0.0021158 0.050294
-0.038061 0.096315 -0.066441 -0.071158 -0.0030555 -0.051284 0.020197 -0.18564 0.044348 0.14201 -0.098442 0.10962 -0.13839 0.04879 0.082261 0.080737 -0.17941 0.06061 -0.10392 -0.053175 -0.021583 -0.018965 -0.095609 0.11698 -0.12118 -0.17307 0.053527 -0.13151 -0.031565 -0.044434 0.052915 -0.036396 -0.14311 -0.13322 -0.0726 0.018732 0.010364 0.07169 0.04757 0.026697 0.11225 -0.15106 0.077292 0.074527 0.15697 0.053296 -0.027956 0.11561 0.029188 -0.13397 0.058936 -0.089214 0.13056 0.11818 0.034913 -0.17835 -0.064048 0.097589 0.066084 0.090863 0.15265 -0.089869 -0.10626 -0.04644 -0.13581 0.16212 0.16015 0.069048 -0.14093 0.076461 0.015411 -0.0056449 0.070319 -0.068506 0.049517 0.19709 0.14769 0.018008 -0.046505 0.16143 0.053811 -0.0247 0.088844 0.08829 0.049152 -0.095772 0.0267 0.17955 0.048911 -0.053955 -0.14267 -0.10431 -0.13771 0.049127 -0.10129 -0.073359 0.15803 -0.12831 -0.027766 0.077721 -0.10787 -0.12063 0.033344 -0.035161 0.065492 0.087811 -0.10042 0.010907 0.13687 0.13018 -0.12532 -0.0095331 -0.019143 -0.071369 -0.074521 0.10174 -0.055109 0.059323 -0.03316 -0.18867 0.0025924 0.074561 0.08302 0.10968 -0.082988 -0.025106 -0.017426 -0.1139 0.0010564 -0.078914 0.11792 -0.10547 -0.10057 -0.0087399 0.0007721 0.038597 0.10581 -0.030837 -0.12639 0.083988 0.068487 0.061197 0.090488 -0.11324 -0.10756 0.16546 -0.071883 -0.077931 0.13745 0.00044296 0.088129 0.025425 -0.017184 -0.10668 0.034219 0.022612 -0.064125 -0.13148 -0.0055557 -0.1162 -0.064449 0.0051303 0.02141 0.019065 -0.059192 -0.075308 -0.033669 -0.0081366 -0.063153 -0.1381 0.060179 -0.021968 0.051829 0.12094 -0.10432 -0.013069 -0.11909 0.07099 -0.12777 0.017555 0.084953 0.16041 -0.066226 0.092509 -0.13105 -0.13622 -0.015732 0.039324 0.0023706 -0.11193 -0.071566 0.19069 0.064463 0.04448 -0.016542 -0.0013928 -0.13515 0.14377 0.073741 -0.13622 -0.07407 0.034382 0.019303 0.032353 0.16958 0.095736 -0.0093502 -0.075297 -0.11329 0.11539 0.046727 -0.13651 -0.042707 -0.09304 0.10913 0.0083892 -0.14938 0.11497 0.072122 0.050747 0.018871 -0.11326 0.076489 0.16857 0.030895 -0.080615 0.030252 -0.068252 -0.039471 0.0082662 0.0027893 0.10096 -0.019759 -0.044113 0.13357 0.0022372 0.042321 0.060556 -0.062638 0.054913 -0.083545 0.11288 0.050178 -0.16496 0.015733 -0.063815 0.019095 0.10398
-0.11266 -0.044209 -0.1676 0.0082469 0.016643 -0.068533 -0.080697 0.1375 0.1147 -0.0546 0.012478 0.10829 0.054446 -0.043817 -0.15153 -0.0028771 0.007723 -0.024903 -0.016461 0.095069 -0.050131 -0.13492 -0.074629 -0.1596 0.061086 0.14083 0.046357 -0.0086283 -0.046275 -0.1304 -0.058394 -0.16161 0.021411 0.092979 -0.16532 0.12484 0.023512 0.15046 0.034913 -0.048564 -0.15945 0.0058463 -0.012259 0.09487 -0.094217 0.0022786 -0.031264 0.085576 0.1477 -0.015826 -0.0044282 0.080736 0.086972 -0.061448 0.0078608 -0.085534 0.057721 0.09682 0.17065 -0.0045605 0.10191 -0.10224 0.055206 0.03498 -0.11993 0.083251 0.15572 -0.016764 0.1241 0.03535 -0.036527 -0.13757 0.083989 0.13402 0.075007 -0.035776 0.096429 -0.062939 -0.1225 -0.066375 -0.059545 0.049057 0.017274 0.15409 0.0098817 -0.14287 0.13039 -0.10009 -0.061704 0.028237 0.017436 -0.093947 0.099835 -0.040512 -0.016681 0.12346 0.17029 -0.08916 0.074931 0.015058 0.10395 -0.037706 -0.0088887 -0.037811 0.12693 0.01194 0.057808 -0.037781 -0.064286 -0.13066 0.13759 0.03098 0.13948 0.10489 -0.094024 0.083414 0.029969 -0.11956 -0.1202 0.15466 -0.029994 0.11859 -0.14475 -0.17732 -0.13095 0.082995 0.071222 0.082188 -0.067416 0.041007 0.17492 0.13024 -0.0025199 0.0099766 0.082896 0.035425 -0.0034186 0.14692 0.10937 0.061413 -0.0059415 -0.10514 -0.10167 -0.0055744 -0.047878 -0.11733 0.11428 -0.12984 -0.099745 -0.090836 0.0031431 -0.080274 0.0023349 -0.081191 0.044043 0.13526 0.013037 0.081492 0.073061 -0.025719 0.093031 -0.027057 -0.10989 -0.074734 -0.10755 0.077042 0.072671 -0.011892 0.18487 0.056645 -0.067613 0.12411 0.045637 -0.12002 -0.13403 -0.073283 -0.0070121 0.025008 -0.082966 -0.16723 0.11209 0.1791 -0.0359 -0.1229 0.11935 0.11024 0.11854 0.023216 -0.021755 0.11433 0.12098 -0.0914 0.034818 0.0012108 0.026906 -0.11146 0.05234 0.12541 -0.046264 -0.068633 0.14199 -0.13623 -0.049148 -0.034237 0.11373 0.11424 -0.16861 0.0073887 0.080848 0.04797 0.13863 -0.10793 0.18112 -0.0082792 -0.14363 0.02235 -0.018529 0.1137 -0.037883 -0.12303 0.0076809 0.086821 -0.067971 -0.10657 0.0085863 -0.035736 0.0065843 -0.003428 -0.10095 -0.056841 -0.061373 0.079544 -0.096813 -0.098291 -0.071825 0.068031 -0.025114 0.021039 0.054557 -0.029101 -0.055394 -0.055373 -0.10393 0.10015 -0.084845 0.11698 -0.2065 -0.094775
0.17015 0.061192 0.016858 0.10644 -0.03289 -0.29893 -0.15243 -0.043912 0.056952 0.051256 0.0064862 -0.12223 -0.010769 -0.061089 -0.024324 0.058769 0.0040524 -0.11616 0.030776 0.057315 -0.088908 -0.040813 0.091609 -0.14379 -0.048289 -0.19201 0.017885 -0.040182 0.14873 0.10845 0.0059803 0.017173 -0.054503 0.0071343 -0.13634 0.15326 0.16644 0.010549 -0.091939 -0.12288 0.16786 -0.060539 0.036707 0.025852 0.053297 -0.012541 -0.1615 0.073139 -0.19256 -0.10347 -0.15556 0.13277 -0.050662 0.076375 0.0034825 -0.032732 -0.0748 -0.031937 0.15385 0.1086 -0.086067 0.19514 0.0090623 -0.078962 -0.060642 0.046206 -0.063247 -0.020797 -0.064049 -0.078505 -0.021182 0.12144 -0.053515 -0.0084448 0.11135 0.080951 0.20021 0.064675 0.10461 0.090678 0.075258 -0.080592 0.04648 -0.081821 -0.071072 -0.062763 0.1418 -0.0093962 0.1973 -0.0075346 -0.081893 -0.085502 0.11084 0.058141 0.042455 -0.068154 -0.048678 0.086865 0.089617 0.040234 0.074253 -0.033289 0.11076 -0.11234 0.045197 -0.10092 -0.080211 0.019289 -0.026459 -0.043784 0.1531 -0.072511 0.13831 -0.071096 0.094979 -0.11312 0.034199 0.040868 0.05312 0.091943 -0.040015 -0.051374 0.13892 -0.10356 -0.15486 -0.05522 -0.01688 0.13541 0.15665 0.1791 -0.21003 0.27517 -0.11055 -0.18263 -0.17231 -0.018893 -0.33939 0.024586 -0.0056294 -0.020755 -0.0019018 0.036505 0.17757 0.036809 -0.0098944 -0.093516 -0.27366 -0.036305 -0.025821 -0.044707 0.010416 0.13463 -0.1278 0.00431 0.10128 0.20244 0.15366 0.023657 -0.19291 0.23171 -0.087437 -0.20976 -0.33737 -0.052414 -0.33575 0.028317 0.018975 -0.14555 -0.018397 0.025921 0.021844 0.028285 -0.047312 0.12128 0.010924 0.113 -0.12213 -0.15174 -0.12692 -0.13205 0.14364 -1.0804 0.34615 0.25549 0.41361 0.1637 0.068535 0.15741 0.10393 0.10458 0.11456 -0.048128 0.10061 -0.19095 -0.05151 0.0083049 0.10288 0.092845 0.024964 -0.12346 -0.057662 -0.009727 -0.013388 -0.11333 0.040197 0.48827 0.075342 0.0042344 0.017842 -0.27059 -0.17127 -0.014219 -0.15574 0.10921 -0.13937 -0.084589 0.051826 0.034734 0.014967 -0.062453 -0.076896 -0.17132 0.15203 0.033757 0.097957 -0.15519 -0.01814 -0.26347 0.093903 -0.041525 0.18016 -0.046124 0.013841 0.065612 -0.14159 0.021288 -0.065353 -0.13278 0.095484 0.32025 -0.17784 0.026081 -0.056672 -0.13002 -0.12013 -0.0034852 -0.04727 0.19499
-0.046665 -0.12397 0.088968 -0.14796 0.049584 -0.056339 -0.029009 0.009849 -0.070926 -0.02084 -0.13312 0.025761 -0.034187 -0.13405 -0.11435 -0.036976 0.046674 -0.06078 -0.13593 0.15065 -0.095503 -0.10486 -0.09393 -0.038175 -0.0021129 -0.12274 0.14482 -0.086339 -0.082909 0.094874 -0.09029 -0.037491 -0.11367 -0.13934 0.14074 -0.082213 0.12902 -0.14178 -0.12999 0.10326 -0.088159 -0.11075 0.024468 -0.13673 -0.0013549 0.036495 0.0013152 0.020673 0.15482 0.11607 0.027634 0.097277 0.037244 -0.03764 0.055655 -0.11884 -0.015835 -0.0044881 -0.09811 0.10707 -0.05597 0.12463 0.064221 -0.11208 0.049203 0.07981 -0.08739 -0.1047 -0.096162 0.097011 0.099895 -0.13005 -0.059671 -0.15134 -0.050395 0.0059108 0.15562 -0.052379 0.019658 -0.069982 0.11754 -0.14277 -0.12128 -0.0035446 0.086982 -0.016256 0.0091825 0.12129 0.11704 -0.077936 -0.12495 -0.13582 -0.10112 -0.0021329 -0.048607 0.012869 0.12497 -0.13571 -0.12911 0.1062 -0.10924 -0.06382 -0.11777 -0.13878 0.099396 0.092235 0.11429 -0.15008 0.012677 -0.003822 0.0025742 -0.077111 -0.081614 0.082776 0.060812 0.10342 -0.070815 -0.052492 -0.014427 -0.14632 0.11258 -0.0098859 -0.10769 0.047777 0.12856 0.025657 0.021532 0.040165 -0.01501 -0.12821 -0.050316 -0.05507 0.036121 -0.080363 0.11813 0.11262 -0.0049437 -0.10229 -0.058467 0.12431 -0.12307 -0.12701 0.027108 -0.017021 0.1529 0.10955 -0.05586 0.007864 0.03466 0.10555 -0.084734 0.079108 -0.11585 0.13324 -0.11445 0.08966 0.0022626 -0.1446 0.116 -0.13069 0.099153 0.10288 -0.14179 0.08962 0.10925 -0.015014 -0.15186 0.082339 -0.10783 -0.039712 0.10031 -0.11936 0.027449 -0.015836 0.10729 -0.050307 0.13193 -0.040976 0.15117 0.0764 -0.0286 0.020606 0.09898 -0.065026 0.0078579 -0.033945 0.073388 0.13058 0.025013 0.061808 0.027546 -0.12571 -0.0039292 0.097296 -0.12893 0.040268 0.090091 0.14005 0.12576 -0.12289 -0.11806 0.02542 0.094164 -0.018026 -0.038203 0.14114 0.070424 -0.095686 -0.024573 0.039359 0.011395 0.072078 0.067274 0.075038 0.12686 -0.086948 0.061162 0.035663 0.10331 -0.08851 -0.034319 0.018316 0.11656 -0.074187 0.034116 -0.026995 -0.1308 -0.0083037 0.076338 0.13194 -0.069913 -0.029927 -0.097416 0.15073 -0.10931 -0.018831 0.061759 -0.05269 0.090516 0.036389 -0.059882 0.094051 -0.040034 0.015026 0.088288 -0.11492 0.041116 -0.089486
-0.12364 0.035521 0.14639 -0.12601 0.0074899 0.0065452 -0.12146 0.04698 0.12667 0.014762 -0.070575 0.073504 0.065182 -0.018717 -0.080095 -0.10456 0.13036 -0.002663 -0.001896 -0.10206 -0.089275 0.048265 0.015153 -0.13553 -0.14763 -0.084091 -0.14334 0.11857 -0.079819 0.065373 0.019365 -0.065972 0.0053086 0.034372 0.065521 -0.11545 -0.035618 0.15001 0.02646 0.062671 -0.021149 -0.076534 -0.049688 0.13179 -0.014028 -0.023103 -0.057257 0.10543 0.048677 0.034165 -0.053023 0.016266 0.11542 0.050868 0.097084 0.033384 -8.9875e-05 -0.010883 0.09533 -0.1562 0.052958 -0.084299 0.028568 0.11526 0.090833 0.003713 -0.14482 0.14321 0.0018519 -0.15728 0.089973 0.15334 -0.14646 -0.14809 0.10173 0.045227 0.088857 0.10768 0.12609 -0.006954 -0.11058 0.064343 -0.055843 0.11556 -0.057351 0.11514 -0.095666 0.11763 -0.01601 -0.13613 0.11445 0.050411 0.10382 -0.15058 -0.041571 -0.015093 0.10441 -0.011056 -0.023272 -0.008598 -0.12237 0.095838 0.12587 0.018725 -0.12745 0.11571 -0.080136 -0.056126 0.025457 -0.11946 0.10914 -0.066303 -0.078851 0.083633 -0.012468 0.098662 0.033434 0.14799 0.037878 0.13722 -0.010634 -0.14822 0.1008 -0.042756 -0.054341 0.067646 -0.10321 -0.13004 0.015887 -0.13002 -0.050122 0.034267 0.16872 0.046609 0.016575 0.061258 -0.090817 -0.12023 0.0063501 -0.034844 -0.031226 0.071386 -0.16729 -0.0039095 0.15942 0.029416 -0.12617 -0.059838 0.022384 0.089899 0.059957 -0.12469 -0.029832 0.089651 -0.05872 0.012574 0.04696 -0.0044184 -0.12276 -0.10897 -0.07824 -0.03281 -0.0013492 -0.0076742 -0.083976 -0.048385 0.014315 -0.03786 -0.0514 0.19704 -0.029639 -0.026211 0.0062907 -0.11969 -0.013077 -0.013533 0.007066 0.1458 0.077042 0.062973 -0.099069 -0.11746 -0.062035 -0.057127 0.13777 -0.16031 -0.029535 -0.03884 0.047116 0.1155 0.14661 0.0058401 0.0092302 -0.12969 0.10309 0.020345 0.062212 0.097686 -0.10272 -0.033952 -0.11481 0.10039 0.10987 -0.084019 -0.070401 0.06802 -0.009828 0.15014 0.032561 -0.10161 0.095545 0.15638 -0.05769 -0.053863 0.12118 -0.085931 0.11713 0.091246 -0.0092729 0.1595 -0.090579 0.057739 -0.15633 -0.10893 -0.053376 0.14034 -0.047582 0.016261 0.12306 -0.049441 0.17576 -0.090193 -0.074183 0.022569 -0.11427 -0.062722 0.052524 0.10901 0.17714 -0.016982 -0.074754 0.11191 0.10573 0.027899 0.085943 -0.099401 0.0051193 -0.13942
-0.040026 0.13919 0.11543 0.16105 0.026472 0.062577 -0.063041 -0.1106 -0.0098186 -0.0065674 -0.10499 -0.053394 -0.033765 -0.11434 -0.099639 -0.018404 0.065679 -0.11807 -0.036478 0.096884 -0.097059 -0.097932 -0.053062 -0.025104 0.073077 -0.076862 0.035052 0.1041 0.082426 0.13454 -0.1491 0.11225 -0.00027668 0.018525 0.060028 0.040341 0.075759 -0.04356 0.10032 -0.059171 -0.1103 -0.11661 0.1221 0.064306 0.043507 0.045849 0.020709 0.092316 0.076891 -0.11745 -0.13926 -0.029815 -0.056616 0.052969 0.057916 0.075104 -0.083092 0.045285 0.00085877 0.073505 0.10224 -0.099005 -0.06363 -0.077916 -0.092372 0.15037 -0.12073 -0.065976 -0.093211 0.12457 0.14977 -0.072875 -0.068419 -0.07165 0.010146 0.058827 0.087922 -0.062767 0.028531 0.11015 -0.017077 0.095084 0.13603 -0.055564 -0.097168 -0.06288 0.050808 0.073276 -0.079593 0.00010334 -0.069543 -0.14039 -0.079412 0.13687 0.036829 0.058054 0.15482 0.014856 0.15531 0.026803 -0.059318 -0.019692 0.027086 0.13917 -0.11214 -0.010918 -0.1258 0.13417 -0.029914 0.035602 0.14558 -0.024148 0.045394 0.048476 -0.14729 -0.011432 -0.11449 -0.09826 0.088958 -0.093175 -0.1121 -0.15911 0.10072 -0.15544 -0.026637 -0.09938 -0.09258 -0.14685 0.072071 -0.10335 0.066634 -0.075538 0.10206 -0.12682 0.14413 0.1423 -0.15051 -0.020817 0.06731 0.1333 0.082102 0.040803 -0.035126 -0.049495 -0.12929 0.01381 -0.15934 -0.14898 0.062705 -0.14714 -0.090003 0.11365 0.077539 0.15372 -0.12658 -0.013864 -0.084901 0.0037053 -0.078116 -0.042434 -0.035114 -0.031483 -0.0076415 0.0087752 -0.039066 -0.14916 0.090024 0.11436 -0.081376 -0.12945 -0.016561 0.03578 -0.047634 -0.038235 0.13867 0.11894 0.14737 0.070303 0.048866 0.10607 0.097705 0.041243 -0.0033662 0.090489 0.11881 0.017395 -0.15365 0.047542 0.043508 0.0027631 -0.065322 0.12756 0.13917 -0.12587 0.065099 -0.14424 0.092727 -0.024706 0.05485 0.13784 0.071431 -0.15821 -0.036642 0.0032713 0.067441 0.091983 0.11831 -0.12058 -0.13284 -0.1011 -0.081125 0.030205 -0.085302 -0.06967 0.11347 -0.048612 0.080752 0.14193 -0.13087 0.087577 -0.024378 -0.15663 0.011188 -0.055173 -0.068441 -0.033808 -0.091398 -0.010142 0.08333 0.10828 0.02331 0.10438 -0.0036097 0.12053 0.11007 -0.030145 -0.10188 -0.039632 0.02237 0.077442 -0.095617 0.06843 -0.13269 0.03118 -0.069126 -0.11069 -0.1041 0.038012
0.13409 -0.1215 -0.10018 -0.14927 0.038554 -0.070268 0.10997 -0.0025161 -0.075714 0.045171 -0.017539 0.044691 0.1364 -0.1836 0.048426 0.13137 -0.084613 0.14311 -0.080834 0.0088281 0.069392 -0.068496 0.070669 0.0051267 -0.015868 0.062725 -0.031775 -0.071887 0.051564 -0.14496 -0.11582 -0.15265 0.1 0.084603 -0.020495 -0.13008 -0.0056182 -0.035385 0.084172 -0.13527 -0.0068728 0.0337 0.10421 -0.08584 0.087162 0.015213 0.13878 -0.033931 -0.11135 -0.062266 0.066467 0.098606 -0.068441 0.089818 0.08224 0.04125 0.027903 -0.024961 0.12166 -0.072959 -0.15336 0.075675 -0.14317 -0.087896 -0.0024674 0.091935 0.0082925 0.056257 0.072439 -0.13798 0.041729 0.13069 -0.11734 0.052939 0.1059 0.14323 -0.0075334 -0.071968 -0.040465 -0.061138 0.15032 -0.11461 -0.093982 -0.059423 -0.010562 0.10258 0.055693 -0.069658 -0.11431 0.1165 -0.17003 -0.14913 0.044218 -0.1125 -0.1402 0.12438 -0.060904 0.065126 -0.089824 -0.11763 -0.083145 0.12011 0.0094585 0.1261 -0.0074846 0.15389 0.1213 0.024141 -0.036032 -0.10603 0.060485 -0.10233 -0.008162 0.12407 0.11156 -0.09596 -0.10992 0.13382 0.11235 0.18095 -0.055009 0.00096065 -0.12345 -0.080382 -0.034165 0.069628 -0.089577 0.10218 0.035754 -0.018181 0.065665 -0.28457 -0.12327 -0.073413 0.145 -0.1444 -0.047082 0.058424 -0.025624 0.011793 0.030021 -0.079541 -0.10579 -0.18327 -0.046174 -0.15988 -0.0408 0.1384 0.038951 -0.083735 -0.06842 0.21347 0.019491 0.024222 0.06894 0.10902 0.03636 -0.0090694 0.020553 -0.12285 -0.20862 0.082252 -0.034306 -0.17427 -0.12571 0.0049751 -0.12179 0.0029203 0.049844 0.068638 0.019538 -0.12391 -0.069674 0.032271 -0.048553 -0.0069202 0.04755 0.047569 0.039 0.15136 -0.13613 -0.053685 0.068716 -0.086219 0.095804 -0.077089 -0.045678 0.16718 0.00062273 0.11158 0.10106 0.072055 0.011383 -0.09769 -0.052849 0.010338 -0.10619 0.077767 0.017325 -0.059064 -0.033783 0.086734 -0.041 -0.17144 -0.077859 0.071521 -0.079788 0.097139 0.097766 -0.062107 -0.045418 -0.046399 0.017387 0.023257 0.14261 0.14628 0.1409 -0.049033 0.014856 0.064782 -0.12501 0.019666 -0.02021 -0.1615 -0.12566 0.019404 -0.052096 0.083255 -0.084222 -0.072842 -0.041755 0.14508 0.043086 0.13503 -0.12752 -0.11886 -0.11249 0.1217 -0.095436 -0.2157 -0.11153 0.056263 -0.14751 0.1103 0.12613 0.14255 -0.046038 0.055985
0.35501 0.87384 -0.2241 0.89696 -0.1109 -0.60579 -0.50612 -0.75774 -0.89875 0.86718 -0.78533 -0.40079 -0.72855 0.28381 -0.83949 -1.0216 -0.47612 0.73072 -0.75796 -0.64675 -1.0359 0.22009 0.087731 -0.49457 0.49249 0.87033 0.69174 1.0411 0.067305 0.41308 -0.062573 -0.79953
-1.4138
-1.311
1.2312
-1.1304
1.068
0.97868
-0.87216
-0.80918
-0.77472
0.62206
0.5242
-0.44725
0.30228
0.24298
-0.19352
0.089889
-0.084408
0.18884
0.20754
0.31302
0.36795
-0.51397
0.60254
-0.70476
-0.80232
-0.79419
-0.93547
1.127
-1.1452
-1.2345
-1.3247
1.4267
-0.64914
t a n s i g
p u r e l i n
