248 16260
12 248
1 12
12 1
1 1
315.34 216.74 284.33 187.07 163.37 236.13 369.27 320.37 156.01 36.169 38.002 84.798 42.14 69.913 23.183 56.506 37.094 50.486 60.771 39.97 53.038 30.566 47.836 46.613 55.273 30.679 23.27 324.37 373.56 353.63 394.96 244.98 227.74 280.69 496.33 425.54 131.9 34.685 37.803 64.178 43.513 58.446 33.671 43.318 34.378 44.536 47.841 37.541 43.069 27.374 43.12 39.823 67.756 28.914 35.208 405.93 839.17 510.79 160.39 176.69 60.256 26.194 66.55 38.942 200.78 184.77 38.194 12.586 10.424 135.16 65.333 64.134 24.662 41.348 34.834 13.958 48.576 64.646 35.668 43.599 28.987 32.76 21.233 26.717 10.568 11.355 329.73 92.483 212.55 403.41 217.99 283.35 284.98 306.53 191.51 243.28 251.87 466.34 359.04 108.15 34.473 22.551 54.756 35.004 48.983 28.645 37.748 27.358 35.457 40.595 30.673 36.316 21.83 34.894 31.179 52.653 25.264 27.607 373.59 360.35 384.99 312.47 274.7 331.74 226.03 308.38 309.14 197.44 49.459 45.719 115.26 45.331 64.752 50.27 51.804 46.767 61.823 69.666 49.153 67.219 38.583 43.696 33.939 56.023 48.658 56.021 325.69 455.74 472.15 391.11 239.75 357.93 291.03 534.27 439.27 151.63 38.902 48.889 123.42 29.889 67.503 40.028 62.951 41.734 54.155 56.675 43.758 54.007 37.196 48.059 30.573 76.201 51.523 84.712 465.39 864.25 614.83 285.98 262.74 104.76 39.329 82.752 56.077 234.2 288.53 35.668 16.858 18.723 127.72 54.377 102.9 28.934 67.431 59.647 13.74 26.62 42.521 47.004 76.765 52.94 58.4 35.008 38.803 23.658 28.134 396.68 132.57 382.73 387.27 208.08 372.56 493.15 310.29 185.42 290.6 281.31 532.05 322.93 137.53 32.802 34.513 82.129 26.866 58.582 33.281 40.019 34.257 51 54.982 52.348 54.853 42.246 47.265 31.266 67.238 47.959 68.869 452.29 0.087403 0.60691 0.97853 0.15786 1.1639 0.17192 0.084047 0.53668 0.14292 0.47967
2210.1 1560.5 1219.6 1100.8 1143.1 947.17 1277.3 1134.8 813.16 282.43 301.63 518.44 320.54 465.34 337.81 430.96 310.45 356.09 429.08 304.84 363.41 247.99 381.44 318.94 586.36 326.36 405.12 1685.4 2130.7 1491.7 1202 1098 1156.2 1034.3 1723.8 1140.9 576.72 199.21 229.73 362.61 223.19 355.16 209.73 318.52 209.4 323.11 362.39 259.69 316.53 209.22 326.88 267.75 446.84 256.66 313.18 2258.6 3586.3 1265.7 1159.7 796.1 548.95 379.19 323.15 418.33 816.59 601.87 348.26 162.67 173.57 933.36 411.85 335.84 201.2 361.26 247.36 193.17 227.27 370.39 222.75 321.19 225.42 250.95 180.86 221.03 105.11 108.67 952.07 594.33 1300.1 1718.5 1091.4 2163.6 1504.6 1236.9 1121.7 1299.3 1105.9 1901 1297.8 540.73 199.71 243.12 333.76 244.06 381.56 250.42 328.69 275.32 321.51 421.08 341.46 369.59 252.74 336.92 282.8 473.08 267.48 365.45 2607.9 1993.9 1445.3 1139.9 1023.6 1098.4 882.22 1641 1281.4 748.79 241.79 254.32 501.9 257.13 379.08 279.98 357.06 267.12 356.87 394.87 277.28 353.89 259.77 311.86 277.64 454.21 324.42 662.94 2041.9 2009.3 1310.8 1050.4 937.8 1061.6 906.97 2212.2 1336.3 540.4 189.31 197.23 314.71 189.84 254.55 184.76 256.3 197.01 235.9 292.97 253.9 264.98 202.27 218.03 162.83 283.84 219.59 424.61 2759.7 3664 1232.2 1069.7 818.74 527.92 362.08 312.04 370.26 975.62 658.39 319.42 136.77 146.05 855.58 372.94 334.63 196.26 357.54 242.4 161.19 170.5 261.43 176.75 273.58 199.47 250.48 140.96 206.08 123.5 161.67 1105.6 583.1 1169.7 1616.9 1014.5 2040.6 1378.1 1094 1001.8 1144.3 950.53 2623.5 1561.5 582.05 192.09 197.76 320.76 196.14 251.39 224.96 270.41 202.63 255.21 328.5 290.79 368.26 247.54 244.85 196.03 327.37 228.06 466.81 3248.4 1.6477 11.441 11.898 1.8633 6.9971 2.0847 1.0219 6.3347 0.85914 5.8168
0
0.3288
0.10056 -0.027292 0.11228 0.1109 -0.053699 -0.042537 -0.027677 -0.040081 0.095048 0.035626 0.055993 0.13156 0.14378 0.082021 0.022328 0.14288 -0.093442 -0.047533 0.098843 0.06898 0.12045 0.13579 0.11423 0.058759 0.061563 -0.051811 0.0871 -0.06349 0.12894 -0.099853 0.11553 -0.015583 0.12267 -0.086997 -0.074656 0.1126 0.043385 0.030441 -0.084438 -0.050786 -0.010654 0.06492 -0.038759 0.11838 0.14479 -0.095725 0.12486 0.055248 -0.085573 0.14677 0.06437 -0.13048 -0.042949 0.023819 -0.096736 -0.10848 0.10011 -0.013948 0.032155 -0.14094 -0.0031241 -0.0068768 0.011965 0.050581 -0.065435 0.0048523 -0.0027098 0.089165 0.0057903 0.15085 0.17094 0.11299 0.024256 -0.049723 -0.063548 -0.01927 0.18494 0.1547 -0.0064802 -0.050084 0.089172 -0.14241 -0.095312 -0.095124 -0.0049302 -0.087943 0.076544 0.0894 0.050434 0.1399 -0.14004 0.10372 0.056477 -0.002889 0.055057 0.15299 0.03986 0.071136 -0.07188 -0.079282 -0.10191 -0.030422 -0.055373 -0.0072096 0.101 0.11022 -0.13264 0.067865 -0.050245 -0.11314 0.10163 0.15507 0.041571 -0.070091 -0.081712 0.04373 0.043544 -0.08727 0.089376 -0.018559 -0.14412 -0.11311 0.14032 0.032824 0.16757 -0.030441 -0.070088 0.041399 0.023868 -0.078857 -0.11747 0.017242 0.041468 0.11696 -0.10965 -0.062812 0.11589 -0.083792 0.199 0.088378 0.060119 -0.11534 0.011621 0.11737 -0.025999 -0.078777 -0.087255 0.014813 -0.024569 -0.13934 0.093605 0.11619 -0.062734 0.076002 -0.13153 0.023927 0.10682 -0.06354 0.074772 -0.0049868 0.027909 -0.0095076 -0.0053335 0.16838 -0.02617 0.0094447 -0.041153 -0.10208 -0.10922 0.040473 -0.10205 -0.13224 -0.11289 0.0178 0.096732 -0.16022 0.092023 -0.14021 -0.097962 -0.074914 -0.089675 -0.047534 0.003479 -0.0096396 0.13821 0.019916 -0.013142 -0.0016771 0.13852 -0.13097 0.16808 -0.01749 0.044073 0.072189 -0.15592 0.046549 -0.10605 0.10357 -0.014942 -0.058453 -0.096649 -0.080106 -0.14177 -0.13332 0.14066 -0.015907 -0.060802 -0.001833 0.08383 -0.085213 -0.066207 0.12438 0.11525 0.071104 -0.11811 -0.018116 0.15552 0.091002 -0.033321 -0.069898 -0.038021 0.072107 0.14884 -0.056515 0.062467 -0.052071 0.15867 -0.043819 0.040071 -0.081666 0.093369 0.068045 0.087303 0.09101 -0.062256 0.072874 0.0098476 0.094241 -0.029039 -0.18357 0.1247 -0.03224 0.025248 -0.073475 0.11865 0.05648 0.11731 -0.14156
-0.12189 -0.16646 0.079356 -0.0078671 -0.074062 -0.35552 -0.19695 -0.16208 -0.13216 -0.092289 0.080958 0.098297 0.17152 -0.021604 0.034116 0.08379 0.13363 0.054019 0.36574 0.02499 0.070849 0.093339 -0.006297 0.058701 -0.10404 -0.058928 -0.06684 -0.35275 -0.040294 0.043546 -0.043792 0.020074 -0.082132 -0.29354 0.087566 -0.17564 -0.061733 -0.15697 0.064085 -0.0069195 -0.057937 -0.051623 -0.13482 0.048928 0.05645 0.043486 0.14403 0.28136 0.054426 0.10434 -0.0048819 -0.092904 -0.097496 -0.11012 -0.093348 -0.10429 -0.11463 -0.17611 -0.052047 0.054293 0.14349 0.015244 -0.054823 -0.090103 0.16319 -0.090778 0.020016 0.011256 0.11884 0.039735 0.015349 -0.12255 -0.2547 0.0025128 0.02721 0.21391 0.30811 0.21536 0.24515 0.0871 -0.0093393 -0.15174 -0.0033751 -0.0011224 0.089357 0.059491 -0.17468 0.13725 0.19199 -0.037707 -0.055626 0.078148 0.037989 0.060468 -0.00039791 0.12831 0.024322 -0.15267 -0.076595 0.032709 -0.064978 0.019333 -0.21615 -0.21115 0.0007896 -0.15628 0.18555 0.063847 -0.043006 0.10046 0.17845 0.2415 0.091664 -0.063176 -0.050667 -0.062836 -0.18647 -0.022413 -0.15664 -0.089638 0.19359 0.21133 -0.24063 0.34896 0.11795 -0.13824 -0.12863 0.25562 0.010789 0.23148 -0.094368 -0.097242 -0.12913 0.12607 -0.019487 0.039405 0.015815 0.1479 0.082667 0.042393 -0.062455 0.11446 -0.12972 0.15371 0.26707 0.056529 -0.23697 -0.20346 -0.10614 0.23653 -0.28148 0.029239 0.076987 0.23712 -0.0039165 0.3575 0.033636 0.18314 -0.24442 -0.028488 -0.19928 -0.22006 0.048988 -0.22926 0.00041266 0.19373 0.21688 0.16777 -0.15303 -0.14773 0.12598 0.089021 -0.039162 -0.062196 -0.30248 -0.10909 -0.088954 0.011231 0.086075 0.14448 -0.12829 -0.04433 0.074218 0.25215 0.1566 0.023255 0.042746 0.042436 0.26578 -0.15184 -0.070074 -0.20913 -0.39997 -0.035715 0.1124 0.12408 0.23241 0.17304 0.17494 0.12858 0.3304 0.0020862 0.15955 0.18331 0.026693 0.12292 -0.11826 0.034383 -0.091243 0.10353 0.14211 -0.1517 0.080929 -0.063404 0.040689 -0.014176 0.2016 -0.031277 0.0011469 -0.11269 0.11126 -0.20417 0.097775 -0.11055 -0.077976 0.086473 -0.039654 -0.016344 0.25919 -0.01093 0.017514 0.0073999 0.13561 -0.010551 0.022237 -0.13503 0.021966 -0.25658 -0.16162 0.11419 -0.11107 -0.11041 0.010709 0.064776 -0.26287 -0.048792 -0.47692 -0.11845
-0.097738 -0.0087695 0.3431 0.054623 -0.0019829 0.13696 -0.073465 0.17275 -0.43764 0.058328 -0.22167 -0.03702 -0.20043 -0.11674 -0.35 -0.19312 -0.35107 0.085991 0.15211 0.40749 -0.053134 0.035685 -0.33118 -0.12021 -0.0069782 0.0655 0.023332 0.019733 0.080905 -0.012083 0.37778 0.066417 0.22465 0.26531 0.035865 -0.18663 -0.31214 -0.24837 -0.20237 -0.087696 -0.088524 -0.24787 -0.099361 -0.21461 -0.046957 -0.093517 0.00051156 0.10637 0.068461 0.13074 -0.15974 0.15549 -0.10848 -0.048489 -0.071104 0.063698 -0.16653 0.097193 0.017617 0.056891 0.27894 -0.11274 -0.31314 -0.009525 0.20257 0.087311 0.091808 0.14921 0.11074 0.092759 -0.19879 -0.076046 -0.25925 0.15808 0.082047 0.39747 0.1498 0.083082 0.17524 0.027329 0.12549 -0.27426 -0.099208 -0.086634 -0.24094 -0.13109 -0.1921 -0.076189 0.21005 0.024468 -0.10191 -0.11204 0.037089 0.15878 0.16131 0.041961 0.12422 -0.18514 0.02469 -0.054669 -0.20466 0.0087285 0.035126 -0.13299 0.15105 -0.052655 -0.13201 0.11053 0.15484 -0.15857 -0.027318 -0.28741 -0.091711 -0.31184 0.23709 0.019226 0.20101 0.32965 -0.071909 0.043999 -0.049523 -0.051804 0.16006 -0.029698 0.13554 -0.4522 0.10606 0.24671 -0.063147 -0.14239 0.020476 0.28833 0.13133 -0.11899 0.053818 -0.15705 0.072707 0.12998 -0.0080215 0.1488 -0.021009 0.19115 0.032351 0.2427 0.012899 0.41308 -0.38575 0.097743 -0.12088 -0.2158 -0.071506 -0.18365 -0.13487 -0.011844 -0.1723 0.086131 0.20538 0.12832 -0.026244 0.56249 -0.038424 -0.039784 -0.22537 0.031612 -0.18611 0.43266 0.091348 0.067119 -0.21915 -0.1218 0.15561 0.19426 0.27014 0.1867 -0.3705 -0.023951 0.061956 0.0094707 -0.2619 -0.080578 -0.23476 -0.22851 0.20943 0.16554 0.22385 0.097857 -0.10469 0.04957 0.099457 -0.40427 -0.3781 -0.68812 -0.23437 0.010814 0.48787 0.33242 0.59708 0.59631 0.57078 0.26822 0.35658 -0.02649 0.054594 0.052326 -0.15285 0.08112 -0.17017 0.46127 -0.34721 -0.14408 0.26293 -0.20709 -0.014645 0.137 -0.50569 -0.056165 -0.30824 0.032573 -0.34905 0.10684 0.43494 0.075261 -0.11861 -0.1401 0.056532 -0.13066 -0.25003 0.1089 -0.03248 0.18023 -0.32289 0.13427 0.16431 0.029236 0.33786 -0.051406 0.591 -0.13358 -0.14135 -0.059976 -0.16299 -0.048349 -0.0050691 0.14352 -0.071788 -0.070833 -0.72782 -0.20089
0.045668 -0.058433 0.026159 -0.032091 -0.13455 -0.12921 0.012239 -0.10523 -0.28234 0.05848 -0.088359 -0.062393 0.016584 -0.016434 -0.053568 0.20554 0.26303 0.051537 -0.031674 0.088239 0.16626 0.10334 0.04929 0.00088968 -0.18847 -7.0747e-05 0.085005 -0.02825 -0.20979 -0.17991 0.047214 0.03051 0.13714 -0.027957 -0.048772 -0.14533 -0.046207 -0.19977 -0.060031 0.012383 -0.03545 0.074761 -0.18382 -0.049134 -0.10911 0.051202 -0.055645 -0.11958 -0.13406 0.0069498 0.18011 0.24101 0.084591 0.20014 0.14677 0.16176 -0.10352 0.14306 -0.030123 0.02005 0.073801 -0.23596 0.033917 -0.073689 -0.063676 0.08461 0.015933 -0.045755 0.034181 -0.034946 -0.11339 0.04266 0.0034967 -0.0075948 0.056147 0.16612 -0.07244 -0.080132 -0.012643 0.032952 0.074095 0.057031 0.15031 -0.027062 -0.069062 0.15093 0.079467 -0.033723 0.089266 -0.029969 -0.21069 0.044352 -0.10878 0.099294 0.070706 0.042866 0.0019249 0.070457 -0.13758 -0.21243 -0.016096 -0.076356 -0.057378 -0.14527 0.077648 -0.013625 0.095178 0.055336 -0.032748 -0.076092 0.078933 -0.0060033 -0.078025 -0.073081 0.027728 0.25152 0.10899 0.10731 0.001048 -0.26779 0.41958 0.19824 0.17451 0.16665 -0.070531 0.093273 -0.036532 0.20448 0.19121 0.098643 0.12175 -0.11694 0.028596 0.06121 -0.014597 -0.14624 -0.056987 -0.072415 -0.11801 0.015412 -0.16161 -0.061116 0.14542 -0.12571 0.17736 -0.025195 -0.13648 -0.16735 0.27031 0.18894 -0.086323 0.034345 0.095183 -0.022845 0.14023 0.2809 0.12731 -0.029163 0.0018346 -0.14063 0.02581 -0.021713 -0.01306 -0.25874 0.21688 -0.026553 -0.13851 -0.24373 -0.26922 -0.18299 -0.057907 -0.17873 -0.147 -0.13893 -0.13744 -0.15472 0.13514 0.08209 -0.15261 -0.12264 0.012264 0.28919 0.056643 0.051402 -0.065252 -0.04138 -0.12368 -0.028208 -0.038657 -0.27201 -0.18759 -0.14224 -0.10872 -0.12163 0.19039 0.019032 0.0043773 0.10867 0.14605 -0.092902 0.099394 -0.021406 0.39425 0.15929 0.0302 0.17022 -0.033388 -0.11203 -0.14739 0.10055 0.065104 0.11518 0.11013 -0.037885 0.065477 -0.054584 0.11699 -0.089676 -0.22239 -0.10017 -0.044339 -0.067627 -0.050337 -0.18663 -0.021195 -0.19609 0.11037 -0.057463 -0.23134 -0.073745 -0.11675 -0.058646 0.033062 0.037823 -0.023502 -0.19284 -0.33183 -0.18753 0.13473 -0.12509 -0.062196 0.040589 0.0066974 0.016777 0.010933 0.097059 -0.25979 0.078403
0.037947 0.090969 -0.047277 -0.038313 0.10084 -0.10663 -0.011615 0.010025 0.11222 0.10339 0.11195 0.022775 0.040415 0.0090059 -0.036125 0.015276 -0.038777 0.060851 -0.025661 0.086442 -0.14435 0.00044749 0.040433 -0.023609 -0.14815 0.024616 -0.14596 0.063205 0.2147 0.036713 -0.10433 -0.016781 0.081635 -0.097893 -0.055281 -0.077058 -0.071824 -0.06287 0.08463 -0.12851 0.050871 0.068403 0.021135 0.0031074 -0.13318 -0.033298 -0.04248 0.10099 -0.0531 -0.14742 0.01678 -0.039869 -0.16116 0.0016899 -0.10811 -0.049637 -0.081826 -0.092498 0.058859 -0.029994 0.053205 0.023398 0.013526 0.076901 0.12939 0.10004 -0.032999 -0.1176 -0.025912 0.024944 0.11354 -0.014034 -0.023938 -0.0038696 -0.16753 0.050579 -0.0082868 0.068355 0.0092903 -0.027889 0.023113 -0.065926 -0.10011 0.0017002 -0.051623 -0.10413 -0.048501 -0.12633 -0.11243 -0.069799 -0.1338 0.15988 0.0084502 0.077166 0.18993 -0.046515 0.036779 0.038162 -0.19355 -0.043648 -0.029208 -0.073616 -0.13791 0.021779 -0.066652 0.0096553 -0.1573 0.10418 -0.10186 -0.13908 -0.13547 -0.031408 -0.1471 -0.066819 0.064643 -0.17423 0.076093 0.075219 0.094279 0.0065043 0.19145 0.20432 0.1868 0.022639 -0.14759 -0.12023 -0.018262 0.014894 -0.079977 0.078162 0.1259 -0.094428 -0.082655 0.033432 -0.081621 -0.11013 -0.12363 -0.15126 -0.078179 0.031694 -0.089399 -0.042885 -0.14983 -0.022202 -0.11574 -0.0078803 -0.018069 0.12258 -0.0076603 0.063702 -0.0097024 0.1073 -0.095328 0.063502 -0.096525 0.006825 0.05072 -0.065872 -0.034431 -0.057565 0.012451 0.050625 0.080002 0.11632 -0.020592 0.13157 -0.12536 0.079737 0.041329 -0.0084954 0.1026 -0.08595 0.11581 0.11449 -0.046344 -0.10645 0.17103 0.18012 -0.064451 -0.11752 -0.13072 -0.046312 -0.093633 -0.13791 -0.1882 0.089019 -0.086903 -0.02644 0.15679 0.052488 -0.0049803 -0.043187 0.039222 -0.053842 0.10461 0.12604 -0.16046 -0.095113 -0.10821 -0.0035043 0.013284 -0.087316 0.080364 -0.16013 -0.11354 -0.15211 0.078124 0.017382 0.1492 -0.14074 0.19739 0.044564 -0.081677 0.027954 0.022337 0.11439 -0.033189 0.010361 0.016287 -0.11521 -0.087965 -0.047879 0.12424 0.050457 0.1544 -0.098978 0.015331 0.015886 -0.047816 -0.12101 -0.15463 0.10873 0.078103 -0.09694 -0.10365 -0.023186 -0.096336 -0.19963 -0.083445 -0.16028 -0.091612 0.06479 -0.13812 0.091482 -0.1133 0.050088 0.15675 -0.15454
0.30304 0.20158 -0.14952 0.050401 -0.018005 -0.32181 -0.27986 -0.14148 0.021338 -0.025558 0.18689 0.19042 -0.05051 0.13739 0.058737 0.040249 0.0016173 -0.084355 -0.24749 0.16105 -0.12446 -0.13252 -0.067143 0.21543 0.17858 -0.0886 0.13955 -0.17622 0.1784 0.22906 -0.15732 0.012554 -0.17497 -0.094893 -0.024802 -0.010969 -0.0085679 0.36019 0.11773 0.13853 0.26882 -0.023036 0.18499 0.029069 -0.094857 0.040235 -0.062448 -0.16675 -0.21336 -0.10269 -0.053891 -0.13246 0.20218 0.1218 0.079974 0.25574 0.0092661 -0.094892 -0.14222 0.066426 -0.15367 0.2054 0.061322 -0.082166 0.093101 -0.012412 -0.085301 -0.19929 0.074591 -0.010433 -0.11771 -0.13705 0.057055 -0.0087847 -0.015336 -0.0813 0.054181 -0.063567 -0.0087192 -0.040714 -0.064679 0.098092 0.022074 -0.021301 0.21105 0.025824 0.013194 -0.1131 -0.068257 0.029491 -0.071786 0.048496 -0.064211 0.17853 -0.0006361 -0.03637 0.053952 0.11295 0.08238 -0.2616 -0.31415 -0.11053 -0.067353 0.06452 -0.098648 0.074216 -0.15456 -0.026993 0.053836 -0.17117 -0.12219 -0.15087 -0.15957 -0.05766 -0.044289 0.053908 -0.10961 -0.13162 0.27399 -0.37267 0.048519 0.037782 0.11133 -0.038973 0.11106 0.074542 -0.11975 0.082288 0.15067 0.28512 0.086319 0.17659 0.43799 0.010668 0.020189 0.26109 -0.1024 0.35145 0.084109 0.12882 0.028784 -0.11673 0.1324 0.12641 0.0090723 -0.13394 0.11315 0.08865 -0.17048 -0.049382 0.12086 0.21236 0.074344 -0.21236 0.052073 -0.0085647 0.031925 -0.019637 0.031113 0.061622 -0.18161 -0.18773 -0.12503 -0.088321 -0.1223 0.067846 -0.084318 -0.44247 -0.28056 -0.27317 -0.046076 -0.0051414 -0.19168 -0.05882 0.28267 0.21525 -0.050959 0.077348 -0.026832 0.052663 -0.019339 0.18278 -0.12298 -0.044512 -0.14156 -0.097271 -0.047009 0.063216 0.0039184 0.15642 0.40591 0.15389 0.10652 -0.024101 -0.083111 -0.36772 -0.22801 -0.052025 0.068476 0.092451 -0.23894 -0.12162 -0.2736 -0.17654 -0.30889 -0.14593 0.010122 -0.18746 -0.026706 -0.028781 0.29887 -0.050293 -0.35275 -0.20916 -0.20895 -0.062268 -0.056507 -0.03771 -0.29857 0.033796 0.43315 -0.033702 -0.07315 -0.20961 -0.17653 -0.36582 0.023749 -0.19258 0.29951 0.0043957 -0.045402 0.059923 -0.010166 0.13268 0.32865 0.02443 0.13399 0.24879 0.047029 0.22575 0.046386 0.19652 0.10069 -0.11528 -0.30447 0.15758 0.033284 0.027802
0.016509 -0.036207 0.028226 0.087246 -0.041345 0.09428 0.061721 0.13694 0.11702 0.094835 -0.055778 0.001455 -0.083761 -0.01121 0.052313 0.028586 -0.094411 -0.076531 0.10082 -0.029368 0.096114 0.019955 0.098306 -0.13325 0.14883 0.076215 0.0048233 -0.063049 0.041617 -0.028889 -0.14207 -0.091805 0.041108 0.050887 -0.10555 -0.070279 -0.10096 0.037256 0.051568 0.075659 0.10694 0.073087 0.017695 -0.048332 -0.043231 -0.048595 0.019171 -0.11389 0.12059 -0.074975 0.053696 -0.10186 0.051948 0.10959 -0.034868 0.07801 0.061201 0.033051 0.15325 -0.022675 -0.1198 0.10157 -0.063371 0.026352 0.14405 0.087768 -0.044598 0.10572 0.047887 -0.13048 -0.010189 -0.085859 -0.088132 0.047468 -0.018503 -0.065548 -0.088954 0.13082 0.10028 0.07194 -0.02163 0.043697 0.10073 0.045091 -0.049254 0.070406 0.073164 0.11484 0.073209 -0.0076888 0.08377 0.042163 -0.078743 0.12128 -0.1557 0.088312 0.082227 -0.071708 0.089112 0.0074408 0.099382 0.13053 -0.16569 -0.091649 -0.072854 0.062241 0.042574 0.058696 -0.085121 0.06283 0.047765 0.028713 -0.088755 0.14014 0.065073 -0.070866 -0.073299 0.0094975 0.14199 -0.12317 0.10954 0.093035 0.012861 0.17841 -0.12204 0.0014825 0.049817 -0.060453 0.19199 -0.099121 -0.024525 0.012293 -0.086482 0.15248 0.029489 -0.13416 -0.15476 -0.067781 -0.16567 -0.081854 -0.076431 -0.10207 0.093158 -0.13185 -0.045007 0.15308 -0.077626 -0.1073 0.14812 -0.040324 0.10241 0.14126 -0.040181 -0.018491 0.1062 0.095737 -0.066291 0.15667 -0.029924 0.013431 0.07999 -0.10756 0.13507 -0.073419 0.048403 -0.17126 0.07434 -0.076132 -0.16895 -0.13657 -0.13907 -0.084018 -0.073807 -0.036799 0.10946 -0.17546 0.034702 -0.12396 0.069773 0.090836 0.1401 -0.057453 -0.042469 0.051574 0.087972 -0.12705 -0.078029 -0.067806 0.14986 0.031151 -0.12552 0.017863 -0.12268 -0.15273 -0.042656 0.00022137 -0.10608 0.05397 0.041595 0.117 0.11259 -0.15387 0.010765 -0.091793 -0.056986 0.10218 0.031871 -0.037452 0.008687 -0.11973 0.12227 -0.089964 -0.12919 -0.017028 0.0059953 -0.046027 0.1277 -0.053741 -0.085554 0.14025 -0.11455 0.14003 0.076418 -0.13355 0.058221 -0.14147 0.077414 -0.031612 -0.049238 0.014828 -0.0047369 -0.098393 0.040733 0.15261 -0.14997 0.032405 0.011182 0.016486 -0.11094 -0.11381 0.13717 -0.0082715 -0.066312 0.07788 0.15065 0.14363 -0.041044 -0.13343
0.10609 -0.22633 -0.22064 -0.054093 0.14985 0.21227 0.040029 -0.023026 -0.40586 -0.055746 -0.024279 -0.058418 0.0077153 -0.062098 0.034981 -0.14571 0.057481 0.11273 0.33821 0.13118 0.010933 -0.2537 -0.03945 0.070417 0.18389 0.012374 0.030712 -0.15989 0.30059 -0.13879 -0.079031 0.082914 0.088936 -0.13434 -0.051458 -0.076003 -0.053035 -0.11734 -0.01729 -0.23337 -0.087371 -0.20886 -0.031593 -0.013647 -0.097047 0.13852 0.116 0.26243 0.099569 0.19489 0.14304 0.23361 0.12117 0.22275 0.084492 -0.3016 0.047667 -0.31126 0.060859 0.14727 -0.065104 0.074147 -0.13914 0.10033 -0.1556 -0.049046 0.024821 -0.093736 0.047018 0.066155 0.24608 0.28529 0.13888 0.20884 -0.0073265 0.093476 0.26869 0.010753 0.015731 0.084982 -0.067183 -0.16715 -0.019602 -0.06778 -0.062036 0.1327 -0.068432 0.043885 0.18179 0.2083 -0.0039881 0.27389 0.022076 -0.016389 0.11101 0.098968 -0.17349 -0.0029241 -0.18517 -0.23271 -0.0995 -0.046244 -0.10336 -0.09614 -0.19961 0.0041823 -0.12473 0.042268 0.036385 0.069986 -0.055485 0.028727 -0.003131 0.23394 -0.055819 -0.14814 -0.0066808 -0.26367 -0.27528 -0.19204 -0.52648 0.021612 -0.10936 0.066085 0.16203 0.22157 -0.016526 -0.20258 0.21381 0.024522 0.0054748 0.041016 0.2175 -0.36173 -0.15757 0.0088893 -0.23935 0.52843 0.10286 0.094863 0.23742 -0.16656 -0.10271 0.0068688 0.18637 -0.025395 0.051596 0.012727 -0.20674 -0.13407 -0.14854 -0.2413 0.00041407 0.20159 -0.17018 0.091826 0.060569 -0.065063 -0.054121 -0.072174 0.07407 -0.28454 -0.22707 -0.00070536 -0.11862 0.23438 0.30255 0.17651 0.20549 0.42584 0.27736 0.11305 0.38362 0.13216 0.065391 0.099134 0.34349 -0.0075108 0.096257 -0.21483 -0.30632 -0.28447 0.0091716 -0.067481 -0.12397 -0.43792 -0.31224 -0.39258 -0.23202 0.046426 0.39242 0.18691 0.096762 -0.36848 -0.3197 -0.29593 -0.081673 -0.033443 0.053698 0.052026 0.011728 -0.15594 -0.15293 -0.16268 -0.25924 -0.046016 0.013051 0.13667 -0.18873 -0.30056 0.37741 0.11478 -0.017715 0.060218 -0.17849 0.10748 0.089125 -0.056709 -0.088717 -0.076122 0.20392 -0.045743 -0.34749 0.017592 -0.33577 -0.25455 0.10473 -0.019736 0.11642 -0.029041 0.17444 -0.073489 0.18072 -0.057175 0.01229 -0.1371 -0.11602 -0.18499 -0.1193 0.15605 -0.12076 -0.2401 -0.14287 -0.014501 0.10672 0.12128 0.20788 0.041124
-0.054339 -0.217 -0.035015 -0.20609 0.039886 0.2074 0.1967 -0.070046 -0.04713 -0.12121 -0.38203 -0.069496 -0.13299 0.042075 -0.012986 0.099167 0.15292 0.070253 0.14395 0.070346 0.27307 0.11799 0.11555 -0.12725 -0.0034945 -0.094162 -0.027753 0.15655 0.053806 0.2309 0.072452 -0.047341 -0.068685 0.1099 -0.0019014 0.018193 -0.27741 -0.46986 -0.41336 -0.37015 -0.15763 -0.29949 -0.29896 0.023998 0.019983 0.091513 0.14991 0.12218 0.032793 -0.021848 0.047784 0.03694 -0.15624 -0.24782 -0.020576 0.11108 0.12309 0.10897 0.03502 -0.099667 0.041443 0.22345 -0.031528 0.08894 0.026104 -0.087854 -0.26151 -0.28968 -0.25815 -0.24189 0.3471 0.19494 0.47217 0.080479 0.099811 -0.12997 -0.20752 -0.29604 -0.09802 -0.09559 -0.031289 -0.073077 -0.25362 0.10617 -0.036616 0.010823 0.0087514 -0.01227 -0.20901 0.17934 -0.0040054 -0.017171 0.22125 0.11081 -0.091262 0.18618 0.10708 0.23042 0.0192 -0.29586 0.10442 -0.22436 -0.15287 -0.25279 -0.18058 0.022373 -0.0094134 0.082408 -0.054988 0.27953 -0.037314 0.11227 0.064374 0.16912 -0.16396 -0.32792 -0.22325 -0.29093 -0.14077 -0.01158 -0.31805 -0.42263 -0.12194 -0.16092 0.096038 0.10322 -0.069972 -0.14416 0.127 -0.065741 0.21308 0.088852 0.17635 -0.011769 0.35817 0.32447 -0.074387 -0.0090525 0.064787 0.0852 -0.1132 0.0014706 -0.024602 -0.094637 0.35702 0.052539 0.32456 0.034198 -0.029967 0.024038 -0.32527 -0.04175 -0.1741 -0.17221 0.0096916 0.032765 0.10512 -0.11988 0.068881 -0.047072 -0.033993 -0.20853 0.067107 -0.091988 0.24167 0.026847 0.066684 0.0034772 -0.19563 0.105 0.016664 0.20836 0.09373 0.01367 0.12272 -0.1251 -0.16006 -0.031196 0.046866 0.17677 0.13626 0.077885 0.17953 0.060887 0.085619 -0.19279 -0.19474 0.12971 -0.20181 0.158 -0.027735 0.5056 0.32471 -0.11629 -0.034279 -0.35642 -0.42573 -0.33289 -0.35842 -0.329 -0.09953 0.043914 -0.14835 0.16618 0.37268 0.1514 0.12809 -0.11636 0.21575 0.10201 -0.019124 -0.22108 -0.033037 -0.045423 0.26585 0.11647 -0.029819 -0.13116 -0.20878 0.0097613 -0.12101 -0.09712 0.05264 0.17439 0.0091678 -0.10632 0.089833 -0.10459 -0.1568 0.17429 0.08994 0.16774 0.22081 0.077905 -0.082456 0.057309 -0.039301 -0.0039369 -0.048004 0.092537 -0.097014 -0.11275 -0.13419 -0.042026 0.25667 -0.02533 0.44015 -0.20854
0.053693 -0.096619 -0.067933 -0.051763 0.087256 -0.088459 0.14986 -0.13803 0.052566 -0.23657 -0.22421 -0.038292 0.1874 0.016114 0.108 0.13571 0.081532 0.10511 -0.07562 -0.053838 -0.16706 0.090509 0.26103 0.16532 0.01365 -0.063053 0.012006 -0.14758 0.10226 0.0096247 -0.034444 0.11102 0.059493 -0.029128 0.094384 -0.11571 0.067656 0.059183 -0.0046125 0.076747 0.014292 0.0010011 -0.18888 0.087445 -0.079843 0.091416 -0.077891 -0.0091006 -0.13249 0.036379 0.035569 0.21106 -0.0069371 -0.13245 0.11591 0.051166 -0.032088 -0.10365 0.058266 0.030601 0.15057 -0.0064166 -0.070618 -0.19154 0.012296 0.075499 0.098665 0.14417 0.016351 0.24275 0.0090546 0.17853 -0.11598 0.034201 -0.0066937 -0.20753 -0.013014 -0.06666 0.021937 -0.0075954 -0.053053 -0.04151 0.055276 -0.195 0.083056 0.025014 -0.16304 -0.0714 -0.13396 0.27597 0.065149 -0.023237 -0.018895 -0.0056901 0.042905 -0.02973 0.16394 0.046414 0.013051 -0.21294 0.013934 -0.19587 -0.111 0.13032 -0.034149 -0.027501 -0.16659 -0.027972 -0.078713 -0.007868 -0.043683 0.054884 -0.019298 0.30567 0.06599 -0.026523 -0.10407 -0.2201 0.096824 0.21953 0.22798 -0.15287 0.18565 -0.15665 -0.095613 0.19494 -0.19812 0.11864 -0.21643 -0.052488 0.19595 0.12414 0.22154 0.47092 -0.016346 0.3371 -0.020461 0.14824 -0.10309 -0.12844 -0.22033 -0.042716 -0.030998 0.085525 -0.0086501 0.015532 -0.06916 -0.020896 -0.11622 0.24127 0.054489 0.11978 -0.042382 0.39933 0.19476 -0.15742 0.015094 -0.095988 0.0045404 0.047386 -0.16689 0.082297 0.02098 0.28491 -0.095862 -0.13412 0.040143 -0.28511 -0.26996 -0.25339 -0.01938 0.11445 0.13105 0.2378 -0.1428 -0.083528 0.4013 0.059988 0.042923 0.047878 -0.021886 0.083498 0.04524 0.23436 -0.22446 -0.17971 -0.041675 -0.20343 0.0095084 -0.0020582 -0.061439 -0.15469 -0.22432 -0.44568 -0.25411 -0.42726 -0.32828 -0.43999 -0.19777 -0.2611 -0.031472 -3.2751e-05 -0.12008 -0.12586 0.14165 -0.068812 -0.22888 -0.14195 0.10082 -0.00073367 0.078458 0.075721 0.092784 -0.13719 0.21002 -0.032107 0.326 -0.13701 -0.14063 -0.085173 0.093535 -0.040978 0.26363 -0.037829 -0.051284 -0.25332 0.029037 -0.31916 -0.022564 -0.16128 -0.053441 -0.090249 -0.3293 -0.091658 -0.068066 0.15016 -0.085773 -0.022797 0.092617 -0.4338 0.086908 -0.11004 0.065051 0.1902 0.23623 -0.013689 0.31682 -0.059641
-0.052455 0.034973 0.14631 0.092919 -0.06121 0.14303 0.084047 -0.16101 0.12036 -0.062091 -0.10161 0.14727 0.042796 0.1248 -0.0089485 0.12508 0.0094092 -0.0079805 0.067623 0.030279 0.11329 0.082174 0.092486 -0.079011 -0.035103 -0.084106 -0.010998 0.015604 -0.078808 -0.11395 -0.11787 0.043075 0.024128 -0.11795 -0.073086 -0.11454 0.037325 -0.038722 0.0073568 -0.017099 0.12948 0.067048 -0.12448 -0.0067638 0.069108 0.033218 -0.10836 -0.018321 0.07746 0.090871 -0.099007 -0.057765 -0.16174 -0.1338 0.14741 -0.069029 -0.10541 0.021197 -0.0098232 -0.11968 0.063318 0.061376 0.061142 0.11105 0.036236 -0.01611 0.0077284 -0.05124 0.05264 -0.10776 0.04009 -0.017697 0.043778 0.11607 0.068289 0.03709 0.081761 0.063126 -0.047197 0.041494 0.087526 -0.064356 -0.12018 0.0030618 -0.16871 0.0037372 0.087852 -0.1055 0.050123 0.17203 -0.15696 0.046949 0.088804 0.034845 -0.12188 -0.065536 -0.013879 -0.13075 0.073833 0.090257 -0.045647 -0.13628 -0.023501 -0.11897 0.091456 0.091687 0.0067607 0.084321 0.068524 0.13391 -0.15471 0.10892 0.044511 0.11097 0.076716 -0.0055078 0.13478 0.062539 0.039122 -0.055641 -0.12816 -0.034493 0.071055 0.13256 0.14473 -0.07316 -0.00062921 0.053087 -0.12747 -0.099112 0.062242 -0.063129 -0.075977 -0.15035 -0.10047 0.053074 -0.0026551 -0.01797 -0.03502 0.087484 0.049505 -0.12673 -0.022801 -0.045067 0.019468 0.0014357 -0.095541 -0.058965 0.064217 0.059749 0.15456 0.097214 0.10347 0.077525 -0.11863 0.0075107 0.090652 0.059498 -0.048309 0.062132 -0.1062 -0.10807 0.12162 -0.081896 -0.10675 0.13382 0.056612 0.06536 -0.10489 -0.12263 -0.1294 -0.13167 -0.042633 -0.0504 0.039717 0.047143 0.12622 0.032328 -0.11035 -0.01411 0.098025 0.010538 -0.13738 0.073128 -0.018772 -0.052826 0.10191 -0.051177 0.16248 0.15399 -0.12767 0.058713 0.028315 0.060867 0.1061 0.090381 -0.11519 0.0031563 0.055047 -0.043702 0.075371 0.070899 -0.078257 -0.14076 0.027355 0.010801 0.027447 0.00031509 -0.1203 -0.058198 -0.13187 0.017998 -0.10471 0.15552 -0.10982 -0.042673 -0.0059062 0.12153 -0.058447 0.010337 -0.035751 -0.15062 0.04008 -0.15646 0.11034 -0.12756 0.095129 -0.071198 0.040365 0.10524 0.12471 -0.16358 0.05494 -0.13962 -0.17105 0.095284 0.038953 0.066645 -0.12025 0.084111 0.11366 -0.16461 -0.16071 0.010677 0.041938 -0.010761 0.06718 -0.090125
-0.32887 -0.1205 -0.14188 -0.0046697 0.069331 0.055915 0.020598 0.014962 0.055585 0.0076528 -0.166 0.16515 0.33046 0.22502 0.10066 0.26953 0.079273 0.0069676 0.2569 0.11656 0.025198 -0.069014 0.092853 0.018219 0.20924 0.064206 0.1946 0.25648 -0.34204 0.23936 -0.10177 0.03535 -0.018477 -0.10225 -0.053229 -0.061211 -0.1396 0.013307 0.0081446 0.012253 -0.041533 -0.22234 -0.054329 0.15532 0.11648 -0.14454 0.057828 0.033916 0.057112 0.14083 0.12855 -0.044006 0.19028 0.024899 0.25701 0.31068 -0.12739 -0.14557 -0.06662 -0.11444 -0.19651 0.19066 -0.1921 -0.0016917 -0.043722 0.058111 -0.112 0.016276 0.038165 -0.041045 -0.081981 0.057036 0.068532 0.2182 0.13733 -0.0044388 0.15876 0.1537 -0.11813 0.53865 0.096141 0.50695 0.021896 0.2616 0.17643 -0.029501 0.076311 0.33981 0.23695 -0.085322 -0.015644 -0.39071 0.081051 -0.11171 -0.27217 -0.17423 -0.15955 0.3266 0.20607 0.12595 -0.033935 -0.066272 -0.16623 0.065058 0.16987 -0.074696 0.093235 -0.029711 0.0027903 0.090056 0.070398 0.12105 -0.00096328 0.1851 0.066521 0.031527 -0.20347 -0.06088 0.22103 0.073381 0.034509 0.060473 -0.10952 0.089695 -0.092186 -0.4014 -0.24823 0.00906 -0.15233 -0.14639 -0.11193 -0.09087 -0.10777 0.059298 -0.14921 -0.18576 -0.15179 0.048941 -0.29336 -0.4594 -0.17357 -0.22391 -0.32465 -0.09803 0.062512 0.05961 0.12544 0.67908 0.018429 0.38002 -0.14793 -0.22819 -0.3068 -0.56595 -0.51244 -0.042252 0.089953 0.057981 -0.091804 0.061609 -0.065205 -0.081479 -0.10669 0.063039 -0.14857 -0.082304 0.067677 -0.03657 -0.12841 -0.055454 0.21033 0.0033144 0.16443 0.088341 0.096943 0.65326 0.39817 0.25443 -0.012453 -0.12189 -0.29149 -0.35136 -0.088297 -0.35522 -0.3203 -0.19136 -0.27516 -0.26285 -0.58201 -0.076294 -0.15784 0.30966 0.17483 0.13848 -0.53439 -0.30776 -0.26816 -0.12282 0.028411 -0.32469 0.26893 -0.24386 -0.25744 -0.27233 -0.70161 -0.20917 -0.14234 0.02326 -0.25261 -0.37873 0.24207 -0.28819 0.30825 0.091509 -0.26852 -0.10489 -0.23683 -0.33925 -0.082204 -0.13104 0.13793 -0.0061114 0.062439 0.011006 -0.0080544 0.077228 0.062299 -0.087458 -0.064831 -0.18751 0.016556 -0.13015 -0.016852 -0.077383 -0.16045 -0.14976 -0.088097 0.13704 0.016996 -0.092522 0.11589 -0.077736 -0.13243 -0.21882 -0.51138 -0.1627 -0.27597 -0.12662
-0.30301 -0.95458 -2.2745 -0.72283 -0.25661 1.3852 -0.1536 -1.087 2.0598 -1.3166 -0.017078 1.73
-1.419
1.2299
1.1034
-0.66619
0.39969
-0.23812
0.10283
-0.24475
0.86422
-0.96677
-1.1607
1.4789
0.060112
t a n s i g
t a n s i g
