248 16260
34 248
1 34
34 1
1 1
315.34 216.74 284.33 187.07 163.37 236.13 369.27 320.37 156.01 36.169 38.002 84.798 42.14 69.913 23.183 56.506 37.094 50.486 60.771 39.97 53.038 30.566 47.836 46.613 55.273 30.679 23.27 324.37 373.56 353.63 394.96 244.98 227.74 280.69 496.33 425.54 131.9 34.685 37.803 64.178 43.513 58.446 33.671 43.318 34.378 44.536 47.841 37.541 43.069 27.374 43.12 39.823 67.756 28.914 35.208 405.93 839.17 510.79 160.39 176.69 60.256 26.194 66.55 38.942 200.78 184.77 38.194 12.586 10.424 135.16 65.333 64.134 24.662 41.348 34.834 13.958 48.576 64.646 35.668 43.599 28.987 32.76 21.233 26.717 10.568 11.355 329.73 92.483 212.55 403.41 217.99 283.35 284.98 306.53 191.51 243.28 251.87 466.34 359.04 108.15 34.473 22.551 54.756 35.004 48.983 28.645 37.748 27.358 35.457 40.595 30.673 36.316 21.83 34.894 31.179 52.653 25.264 27.607 373.59 360.35 384.99 312.47 274.7 331.74 226.03 308.38 309.14 197.44 49.459 45.719 115.26 45.331 64.752 50.27 51.804 46.767 61.823 69.666 49.153 67.219 38.583 43.696 33.939 56.023 48.658 56.021 325.69 455.74 472.15 391.11 239.75 357.93 291.03 534.27 439.27 151.63 38.902 48.889 123.42 29.889 67.503 40.028 62.951 41.734 54.155 56.675 43.758 54.007 37.196 48.059 30.573 76.201 51.523 84.712 465.39 864.25 614.83 285.98 262.74 104.76 39.329 82.752 56.077 234.2 288.53 35.668 16.858 18.723 127.72 54.377 102.9 28.934 67.431 59.647 13.74 26.62 42.521 47.004 76.765 52.94 58.4 35.008 38.803 23.658 28.134 396.68 132.57 382.73 387.27 208.08 372.56 493.15 310.29 185.42 290.6 281.31 532.05 322.93 137.53 32.802 34.513 82.129 26.866 58.582 33.281 40.019 34.257 51 54.982 52.348 54.853 42.246 47.265 31.266 67.238 47.959 68.869 452.29 0.087403 0.60691 0.97853 0.15786 1.1639 0.17192 0.084047 0.53668 0.14292 0.47967
2210.1 1560.5 1219.6 1100.8 1143.1 947.17 1277.3 1134.8 813.16 282.43 301.63 518.44 320.54 465.34 337.81 430.96 310.45 356.09 429.08 304.84 363.41 247.99 381.44 318.94 586.36 326.36 405.12 1685.4 2130.7 1491.7 1202 1098 1156.2 1034.3 1723.8 1140.9 576.72 199.21 229.73 362.61 223.19 355.16 209.73 318.52 209.4 323.11 362.39 259.69 316.53 209.22 326.88 267.75 446.84 256.66 313.18 2258.6 3586.3 1265.7 1159.7 796.1 548.95 379.19 323.15 418.33 816.59 601.87 348.26 162.67 173.57 933.36 411.85 335.84 201.2 361.26 247.36 193.17 227.27 370.39 222.75 321.19 225.42 250.95 180.86 221.03 105.11 108.67 952.07 594.33 1300.1 1718.5 1091.4 2163.6 1504.6 1236.9 1121.7 1299.3 1105.9 1901 1297.8 540.73 199.71 243.12 333.76 244.06 381.56 250.42 328.69 275.32 321.51 421.08 341.46 369.59 252.74 336.92 282.8 473.08 267.48 365.45 2607.9 1993.9 1445.3 1139.9 1023.6 1098.4 882.22 1641 1281.4 748.79 241.79 254.32 501.9 257.13 379.08 279.98 357.06 267.12 356.87 394.87 277.28 353.89 259.77 311.86 277.64 454.21 324.42 662.94 2041.9 2009.3 1310.8 1050.4 937.8 1061.6 906.97 2212.2 1336.3 540.4 189.31 197.23 314.71 189.84 254.55 184.76 256.3 197.01 235.9 292.97 253.9 264.98 202.27 218.03 162.83 283.84 219.59 424.61 2759.7 3664 1232.2 1069.7 818.74 527.92 362.08 312.04 370.26 975.62 658.39 319.42 136.77 146.05 855.58 372.94 334.63 196.26 357.54 242.4 161.19 170.5 261.43 176.75 273.58 199.47 250.48 140.96 206.08 123.5 161.67 1105.6 583.1 1169.7 1616.9 1014.5 2040.6 1378.1 1094 1001.8 1144.3 950.53 2623.5 1561.5 582.05 192.09 197.76 320.76 196.14 251.39 224.96 270.41 202.63 255.21 328.5 290.79 368.26 247.54 244.85 196.03 327.37 228.06 466.81 3248.4 1.6477 11.441 11.898 1.8633 6.9971 2.0847 1.0219 6.3347 0.85914 5.8168
0.008
0.4
0.41952 -0.16416 -0.049977 0.050899 -0.062886 -0.10628 -0.09347 -0.21249 -0.025399 0.1094 0.11962 0.29504 0.2041 0.041746 0.039586 -0.13799 -0.074779 -0.18611 -0.10124 -0.1781 -0.18114 0.16538 0.15139 0.19007 0.056853 -0.053457 -0.055655 0.10579 0.039612 -0.11314 -0.12524 0.11735 -0.31597 -0.19579 -0.084026 0.2971 0.26372 0.23288 0.40808 0.49254 0.22526 0.083615 0.049651 -0.26935 -0.085746 0.065002 -0.014697 -0.068335 -0.057204 -0.004545 -0.06464 0.15926 0.65189 0.35139 0.3198 0.27753 0.17561 0.14917 0.058605 -0.099496 -0.44756 -0.16587 -0.41308 -0.12192 -0.088237 -0.10562 0.21472 0.079879 -0.13223 -0.28758 -0.16925 -0.13039 -0.034854 -0.34582 -0.38249 -0.23344 -0.13797 -0.34519 -0.11939 -0.057038 -0.11267 -0.0099763 -0.057495 -0.093814 -0.0050726 -0.055981 -0.0019278 -0.2258 -0.049572 0.0054643 -0.32206 0.074207 -0.080591 -0.27005 0.16848 -0.050051 -0.0063331 0.22255 0.11602 0.19648 0.25419 0.29489 0.29801 0.25036 0.024067 0.007682 -0.079064 0.022324 -0.087691 -0.14418 0.0012259 -0.097585 0.18398 0.2854 0.078563 0.13426 0.11365 -0.08344 -0.062117 0.4927 -0.24583 -0.044433 0.20692 0.11076 0.21381 -0.4339 -0.012758 -0.086439 -0.084549 0.17647 -0.0021604 0.05505 0.075103 -0.080154 0.0066988 0.033575 -0.24608 0.079854 -0.0060436 0.25651 0.086738 0.0085644 -0.18802 -0.22265 -0.2837 -0.48754 -0.074775 0.1924 0.066053 0.18834 0.36893 0.23317 0.065322 -0.3863 -0.33416 -0.021197 -0.13248 -0.047954 -0.054348 -0.10128 -0.20184 -0.19468 0.010823 -0.23816 -0.37082 -0.23194 -0.17106 0.18317 -0.038167 -0.14943 -0.15695 -0.30975 -0.30494 -0.40817 -0.23688 0.22764 0.11238 -0.037135 0.19875 0.2388 -0.1042 -0.19311 -0.26104 -0.083384 -0.56063 -0.37095 0.18464 0.10104 0.037795 -0.16588 0.11461 -0.20642 -0.019195 -0.097606 -0.30392 -0.2396 -0.058393 -0.066963 -0.066628 -0.10146 0.27909 0.0043871 -0.083993 -0.36676 -0.23937 -0.0033048 0.025629 -0.0013387 -0.016299 0.0093444 0.11654 0.03479 0.033812 0.24615 0.20205 0.12393 -0.084115 -0.24902 0.16045 -0.003805 0.17031 -0.040236 0.22554 0.045364 0.22657 -0.03362 0.052295 -0.12639 0.15549 -0.35513 0.093557 -0.19292 -0.086547 0.085742 -0.21754 0.056168 -0.20525 -0.30333 1.5636 -0.66892 0.22996 0.054261 0.054589 0.067158 -0.16984 0.10208 0.035196 0.064836
0.01137 -0.087823 0.15075 -0.020922 0.16285 -0.08124 -0.0022255 -0.057267 -0.036512 -0.054146 -0.0062055 -0.046901 0.066502 -0.058322 -0.030588 -0.15233 0.083438 0.049556 0.11236 0.1364 0.062383 -0.11238 -0.011459 0.075205 0.05621 -0.024636 0.13345 -0.046677 -0.11803 -0.12197 0.064736 -0.0085078 -0.15768 0.10384 0.016734 -0.06517 0.12976 -0.04571 0.051667 -0.046171 0.096213 -0.12633 -0.065273 -0.070985 0.078414 0.13931 0.15108 0.025357 0.071504 -0.11239 -0.098725 -0.12346 0.046642 0.094988 -0.096001 -0.018157 0.14273 -0.14665 0.09896 -0.07752 -0.097548 -0.044439 -0.028273 0.077833 -0.054809 0.035248 0.002913 -0.12841 -0.14051 -0.15977 -0.079789 -0.023572 0.11579 -0.031885 0.0062605 -0.0030068 0.078529 0.11214 -0.145 -0.076698 0.01954 0.088207 -0.082715 -0.039245 -0.031595 0.060415 -0.027608 0.11695 0.040679 0.093909 -0.08152 0.13803 -0.11833 0.049283 0.11608 -0.052808 0.1485 -0.1245 -0.038639 0.010867 0.12504 -0.12852 0.082865 0.075983 0.12116 0.039744 0.041079 -0.011394 -0.0022921 -0.019838 0.040311 -0.085048 -0.033589 -0.015816 0.10681 -0.10948 -0.018653 -0.039632 -0.13431 0.11839 -0.13537 -0.031552 0.01355 0.14851 -0.096558 -0.030083 -0.045417 0.012156 -0.10032 -0.003229 -0.17489 -0.084509 -0.0017187 -0.16481 0.14053 -0.075581 -0.046713 -0.040956 -0.002987 -0.1722 -0.090332 -0.054616 -0.0025685 0.14834 0.10942 -0.1417 0.16852 0.029167 -0.075684 -0.10844 0.0029074 0.13541 -0.12913 -0.15584 -0.10323 0.14561 0.14122 0.099339 0.083326 -0.027942 -0.1513 0.095563 -0.13544 0.018292 -0.01936 -0.12958 0.05906 -0.028223 0.091005 0.075493 -0.069915 0.11846 0.008781 -0.013067 -0.093819 -0.057247 0.059766 0.085419 -0.028799 0.12707 -0.097832 -0.0815 0.0081604 -0.10652 -0.15902 -0.026862 -0.050935 -0.13452 0.018476 -0.0076512 0.14239 0.12572 -0.12692 0.1132 -0.068007 0.10625 0.12669 0.078311 0.066922 0.11071 0.15903 -0.12712 0.070649 0.10905 0.036165 0.090753 0.14985 0.040303 -0.079754 0.025039 0.1155 0.0010869 -0.049699 -0.079995 0.12742 -0.046539 -0.093894 -0.098415 -0.017904 0.04242 -0.082259 -0.074755 0.1433 0.13651 0.021342 -0.12019 -0.026823 -0.091673 0.0060948 0.13428 0.095513 0.020981 -0.138 0.10464 0.10662 0.042626 0.15655 0.017255 0.023934 0.054377 -0.056042 0.10573 0.070483 0.010724 0.0041175 -0.063224 0.019219 -0.018484
-0.035746 -0.094087 0.030515 -0.074172 0.042892 0.024211 0.012375 0.071203 -0.21409 -0.12364 0.045686 -0.061682 0.055237 -0.15133 -0.056339 0.10005 -0.025725 -0.090128 0.09891 -0.093999 -0.073514 -0.00033099 -0.082019 -0.18944 0.0021742 0.094962 0.015795 -0.054489 0.059489 -0.11854 -0.048299 -0.13346 0.023786 -0.10598 -0.050457 -0.12965 -0.073446 -0.0011128 -0.15344 0.013871 -0.1446 0.022584 -0.050384 -0.022191 0.1208 0.013896 -0.016192 0.040132 -0.015901 -0.093983 0.012469 0.054177 0.051025 -0.066323 -0.20389 -0.0044605 -0.057662 -0.02758 0.022677 -0.050484 0.10818 -0.083298 0.1244 -0.071261 -0.098716 0.15471 0.035862 0.10815 0.14931 -0.0074446 -0.12061 -0.10599 0.07014 -0.017477 -0.0029222 0.14601 -0.042704 0.04226 0.1089 0.0078138 -0.027252 0.12667 -0.12325 0.12033 -0.049724 -0.15992 -0.09871 -0.13455 0.072746 -0.043709 0.1506 0.13114 -0.0404 0.15794 -0.10418 0.12053 0.13196 -0.10583 -0.0093264 -0.17472 -0.12141 0.042865 -0.16003 0.026962 -0.065515 0.0028207 0.08482 -0.09409 0.13114 -0.027269 0.15856 -0.11118 0.033544 -0.059422 0.02482 -0.014646 -0.14139 0.03433 0.099881 -0.1569 -0.0093654 0.014531 0.13812 0.13168 0.021269 0.043948 0.10659 -0.095684 -0.028498 0.018016 0.025914 -0.025397 -0.0066536 -0.095681 0.066329 0.12808 -0.10498 -0.070982 0.11264 0.10534 -0.14469 -0.080449 -0.17488 0.089384 0.018702 0.073024 0.18835 0.14293 -0.078374 -0.037182 -0.031901 -0.036055 -0.027498 -0.033971 0.12033 -0.080741 -0.016052 -0.12303 -0.13245 0.075045 0.0012868 -0.15348 0.058227 -0.15258 -0.067915 0.1001 0.082572 0.043314 -0.064376 -0.050848 -0.0071008 -0.24146 -0.10755 -0.1524 -0.027082 -0.038006 -0.21143 0.070887 0.075721 0.092147 -0.063215 -0.052901 -0.047843 -0.085451 -0.071437 0.024909 0.0029158 0.11728 0.15296 0.0078607 0.018762 0.010665 -0.10854 -0.080388 -0.072826 -0.066632 0.17485 -0.080763 0.20004 0.15266 0.068962 -0.10955 -0.036023 -0.079425 0.12889 -0.031471 0.15722 0.032511 -0.055211 -0.095909 0.017534 0.040092 -0.10064 -0.20002 -0.11268 0.095892 -0.14453 0.11366 0.097159 -0.21679 0.1118 -0.024837 -0.015173 0.051663 0.011297 -0.082537 -0.068901 -0.095404 -0.022056 -0.11671 -0.0085661 -0.045098 -0.066827 0.041527 -0.087973 -0.21022 -0.050649 0.14144 0.045885 -0.065452 0.10503 -0.10292 0.077283 0.070402 0.016675 -0.023307 -0.089231 -0.11734
0.081062 0.05834 -0.12564 0.12115 -0.051687 -0.092017 -0.13561 0.017605 -0.17419 0.14163 0.066279 -0.10236 0.063861 -0.013854 0.16665 -0.066139 -0.05695 0.10943 0.15218 -0.149 -0.040237 -0.035136 -0.10631 -0.11632 -0.06625 0.058938 -0.024878 -0.032175 -0.041931 0.0018374 0.074449 -0.079749 -0.14874 -0.1728 0.030283 -0.082088 0.053115 -0.14301 -0.019564 -0.1047 -0.069971 -0.012666 0.034958 -0.066903 0.14728 0.0095563 0.13249 -0.13015 -0.15077 -0.094261 0.13637 -0.11754 0.11189 0.159 -0.0038422 0.092983 0.10639 -0.051633 -0.094157 -0.0059178 -0.14379 0.0058397 -0.16081 -0.090803 0.046809 0.074975 0.041096 0.069222 -0.12566 -0.033946 -0.059033 -0.038382 0.13138 0.055051 -0.027567 -0.040232 0.1593 0.15587 0.10212 -0.0289 -0.084179 -0.042371 0.060583 -0.068261 0.099681 -0.1532 0.027965 0.070634 0.073006 0.13927 -0.16165 -0.063957 0.030854 0.13033 -0.045196 -0.17685 0.13871 0.089585 0.10796 -0.007859 0.03075 0.028062 -0.087569 0.040023 -0.12206 -0.059763 0.12227 0.13427 -0.023609 0.059851 -0.10415 0.022344 -0.05054 -0.037478 0.12668 -0.11161 0.030654 -0.0082583 -0.050346 0.017414 -0.10456 0.12606 0.034249 -0.10988 -0.0014255 -0.019928 0.076817 -0.0010976 0.034534 -0.033533 -0.061604 -0.066319 0.081899 0.036179 -0.030699 -0.10749 0.026671 0.068247 0.025484 -0.11255 0.043272 0.026214 0.083169 -0.0029644 -0.16152 -0.06356 -0.097464 0.15206 -0.048849 -0.070963 -0.025457 0.05449 -0.044988 -0.086895 0.13803 -0.13412 -0.0076082 -0.072433 -0.15342 -0.15987 0.11937 -0.13372 -0.030003 -0.098189 0.01541 0.0072154 0.13201 -0.080014 -0.10123 -0.011343 -0.11688 0.048004 0.12652 0.021016 0.010598 0.10078 -0.078159 -0.09074 -0.05497 0.11356 -0.15981 0.066528 -0.16921 0.073063 -0.073953 0.0096544 -0.12325 -0.16893 0.087714 0.122 0.1741 -0.11161 -0.099768 0.022203 -0.0062978 -0.15168 -0.049736 -0.14671 0.077303 0.13874 0.11409 -0.0242 -0.076112 0.011726 -0.070464 0.0010763 0.11548 0.10213 -0.13793 0.1038 -0.092466 0.1314 0.023888 0.13092 -0.092166 0.020614 0.09286 -0.039407 0.043643 0.031922 -0.076882 0.10814 -0.098377 0.00072401 -0.052685 0.13761 0.081638 0.082178 -0.030255 0.030829 -0.055666 -0.0010788 -0.0070072 -0.093737 -0.022182 -0.010139 -0.060259 -0.012937 -0.13273 0.16888 0.0038315 0.045191 -0.043411 -0.17163 -0.11744 0.029243 0.12532 0.17319
0.11693 0.27259 0.04018 0.19218 0.13309 0.19542 -0.10544 0.038879 -0.10145 0.17851 0.20878 -0.10722 -0.10103 -0.12701 0.066868 -0.15752 -0.12625 -0.06076 -0.33762 -0.15016 -0.16076 -0.009181 -0.17664 0.082431 -0.35378 -0.031246 0.093837 0.10877 0.032682 -0.18484 0.015225 0.019076 0.15795 -0.010527 -0.22237 -0.084416 -0.015321 0.090327 -0.081044 -0.17698 -0.15836 -0.0042626 0.15327 -0.24343 -0.25288 -0.13845 -0.089709 -0.19223 -0.1247 -0.13457 0.098568 0.26039 0.050451 0.097331 0.21068 0.036987 0.10886 0.0082141 0.1958 0.11774 0.12544 0.22047 -0.0045169 -0.016586 0.0088079 -0.20094 -0.14288 -0.02405 -0.17441 -0.22869 -0.37528 -0.2429 -0.055258 0.071501 -0.10395 -0.0017183 0.061262 -0.19283 0.12431 0.022058 0.087217 0.19489 -0.15505 0.0024657 -0.09435 0.087847 0.1379 -0.027966 -0.052349 -0.29666 0.13006 -0.022842 0.015702 -0.092745 0.044775 0.019449 0.094213 -0.046713 0.088378 0.059264 -0.21775 -0.4195 -0.10278 -0.037215 -0.048704 0.044636 -0.14236 -0.10919 -0.14562 -0.054982 -0.23886 0.017556 -0.11214 0.099912 0.16892 0.27664 0.058785 -0.054012 -0.00096268 -0.38797 -0.20205 -0.084577 -0.28241 0.08724 -0.20718 0.33747 0.15692 -0.040923 -0.057209 -0.19265 -0.17368 -0.057498 -0.23057 -0.2373 -0.15818 -0.055261 -0.11155 -0.095676 0.07219 -0.1715 0.029307 0.0046973 0.048605 0.25223 0.19038 0.39492 0.15459 -0.34334 -0.010072 -0.074134 -0.023218 0.24777 -0.12903 0.011484 0.2015 0.15715 -0.05981 -0.038279 -0.054763 0.22711 0.22981 0.076805 -0.11229 0.13505 -0.12196 -0.010802 0.093513 0.24774 0.22975 0.060002 0.12968 0.37188 0.32684 0.52916 0.028192 -0.14574 -0.098477 0.056322 -0.019201 -0.10509 0.029323 0.045728 0.068868 0.035189 0.1662 0.15108 -0.067678 0.11223 0.11478 0.11256 -0.042704 -0.088138 -0.11883 0.063301 0.2106 0.23737 0.11336 0.1669 0.11527 0.15126 0.065489 0.024155 0.091131 0.21527 -0.060802 -0.0042646 -0.17533 0.0096886 -0.079311 0.10717 -0.16884 -0.1631 -0.01454 -0.093847 0.078462 0.026293 -0.012842 0.14471 -0.0166 0.12623 -0.00053556 -0.091696 0.055715 -0.25912 -0.16913 -0.15229 -0.42164 0.04031 -0.17874 0.14408 -0.018021 0.090667 -0.050511 0.022426 0.088717 0.12459 -0.048798 0.084846 0.26078 -0.32137 -0.0030385 0.33981 -0.018251 -0.0881 -0.23481 -0.094185 -0.016602 0.12692
-0.072423 -0.16632 -0.094813 0.080939 -0.012881 -0.11078 0.10253 -0.15642 -0.030283 -0.0030563 0.0045835 0.046665 -0.078589 -0.17134 -0.10758 0.00021951 0.10531 -0.099017 -0.13045 -0.057984 0.078868 0.014296 0.14622 -0.15753 0.1611 0.024144 0.2055 -0.0036912 -0.08835 0.081812 0.11981 -0.126 -0.015144 0.11534 -0.080699 -0.085848 -0.15561 -0.093399 -0.061081 0.085648 -0.056004 -0.080727 -0.013077 0.1013 0.16368 -0.075587 0.037721 -0.12728 0.12804 0.027098 -0.022708 -0.1364 0.15132 0.1842 0.10787 0.16153 0.12193 0.10415 0.055541 0.10749 -0.096463 -0.15171 -0.18205 0.055642 -0.072723 -0.033739 0.099235 -0.07928 0.10549 -0.062039 0.056865 0.02651 0.11054 -0.090541 -0.10129 -0.044561 -0.18785 -0.10926 -0.12808 -0.15613 -0.061759 0.033351 -0.056793 -0.076227 0.037 0.021389 0.19245 0.044471 0.019343 0.0046799 -0.20195 -0.12606 -0.029058 0.082822 0.033787 0.14258 0.033466 -0.036171 -0.10383 -0.052803 -0.036372 0.14144 0.022259 -0.075559 0.041392 0.045549 -0.035497 -0.14306 0.13825 -0.0015841 0.15702 0.1373 0.018887 0.086873 -0.13227 0.0058833 -0.11855 0.15237 -0.057443 -0.065635 -0.049858 -0.16421 -0.047337 -0.17922 -0.063638 0.10133 0.17427 -0.12346 0.27714 0.0089194 0.098399 0.060678 0.12754 0.05158 0.11417 -0.050309 0.068831 0.27112 0.18003 -0.027323 0.23643 0.25831 0.025201 -0.041072 0.054156 -0.24601 0.053346 -0.14829 0.064777 -0.11646 0.11579 0.0022302 0.01385 0.07599 0.083229 0.17796 0.077817 -0.069684 -0.015165 0.017455 0.19413 -0.068729 0.15844 -0.102 -0.08542 0.094131 0.22484 0.25185 0.094416 0.21698 -0.074448 -0.14625 -0.099768 -0.21765 -0.055326 0.12226 0.13661 0.054125 -0.18654 0.12807 -0.10345 -0.00046204 -0.042803 0.10196 0.06996 0.064184 -0.060032 0.10025 -0.043019 -0.12193 -0.018601 0.018274 0.013856 -0.036925 -0.12855 0.074307 -0.096168 0.065785 -0.012051 0.041964 0.22791 0.11241 -0.012103 0.0088492 -0.080725 0.099051 -0.013836 0.074348 0.16477 -0.069124 -0.19206 0.025117 -0.064127 -0.12335 -0.098157 0.14857 0.12403 0.013052 0.30392 0.11123 0.028209 -0.0022472 0.15618 -0.029486 0.02687 -0.14632 -0.056338 -0.031688 0.096934 0.091515 -0.023118 -0.11127 0.00079005 -0.08698 0.0032804 -0.038464 -0.061764 0.072891 0.42934 -0.25226 -0.0077605 -0.078314 0.15428 0.058593 0.21686 -0.016308 0.046181 0.17965
-0.037264 0.13451 -0.13334 -0.10383 0.09134 0.10326 -0.14344 -0.076801 -0.12838 -0.15134 0.08525 -0.0027125 0.16487 -0.13692 -0.0039736 0.01224 0.12921 0.0744 0.14372 -0.074701 -0.15 0.058523 0.069949 0.092704 0.0022444 -0.10633 -0.14544 -0.10559 0.15232 0.051589 -0.092923 -0.089874 -0.076409 -0.12045 -0.033164 -0.018493 -0.053801 -0.092738 0.1336 -0.010616 -0.01482 -0.074964 -0.091332 0.10283 -0.1013 0.075131 0.12706 0.069192 0.13576 -0.055789 0.082382 -6.5724e-05 -0.059051 0.15544 0.098315 -0.011874 0.043227 0.073505 0.082559 -0.15169 0.11189 -0.12848 0.072834 0.093363 0.13728 -0.092983 -0.16185 0.085051 0.12607 -0.019445 -0.035298 -0.085709 -0.04652 -0.11882 0.059505 0.021895 0.11677 0.070651 0.093651 0.10409 0.12096 0.074186 0.016965 0.074986 0.0040367 -0.012086 -0.13991 -0.061147 -0.033444 -0.12684 -0.019832 0.03156 0.11786 0.12675 -0.036772 -0.015133 0.12156 0.014584 -0.12978 -0.039934 0.010612 -0.085532 -0.018912 -0.11924 -0.089115 0.080107 0.045779 0.10444 0.026004 0.12497 0.14405 -0.14304 -0.14888 -0.13326 -0.073186 0.032444 0.04622 -0.11487 0.003163 0.1445 0.13362 -0.030993 0.0072134 -0.13133 -0.16928 0.1142 0.10681 0.073058 -0.11965 -0.012237 -0.092627 0.049041 0.058333 -0.1315 0.029721 -0.095837 -0.12882 0.027303 0.01271 -0.019322 -0.089859 -0.055982 0.053443 0.017807 0.014426 0.0080193 -0.041741 0.1526 0.11313 -0.059968 -0.054871 -0.0011035 -0.091713 -0.073073 -0.035674 -0.1173 0.11183 0.078529 -0.12738 -0.12805 -0.15088 -0.16004 -0.075953 -0.0062067 0.01082 -0.023697 -0.0077561 -0.049151 0.08103 0.087263 0.08941 -0.14822 -0.11137 0.067068 0.12204 -0.063072 0.15476 -0.068641 -0.059053 -0.068486 0.03839 -0.0142 -0.024069 0.017712 0.037656 0.12379 -0.13335 -0.049227 -0.076575 -0.06064 0.075879 0.029167 0.025373 -0.027015 0.11815 -0.053931 0.13079 -0.15189 -0.066742 -0.070837 -0.018174 -0.011112 -0.074901 0.056674 -0.098506 -0.1057 0.11642 -0.15542 -0.12714 -0.021197 0.072013 0.092505 -0.020443 -0.010928 -0.11946 -0.073799 0.028309 0.14918 0.15212 0.016671 -0.095383 0.1365 0.15042 -0.086101 0.01985 -0.16704 -0.049467 0.051426 -0.11693 -0.15957 -0.042502 -0.067363 -0.025033 -0.12989 0.027709 0.015837 0.001419 -0.076381 -0.049177 0.026283 -0.019775 -0.037237 -0.11192 -0.05521 0.044084 0.03453 0.10197 0.0057618
0.14558 0.11639 -0.002752 -0.051792 -0.055078 0.041949 -0.068564 0.046384 -0.076506 0.089335 -0.031204 -0.1293 -0.08485 0.0035326 0.063954 -0.044471 -0.0066345 -0.059131 0.040258 0.047009 0.10588 -0.083248 0.12309 0.077993 -0.049193 -0.022966 -0.022173 0.057595 -0.086761 0.15419 -0.083354 0.063646 0.16581 0.15611 0.045298 -0.15468 -0.10392 -0.083936 0.045867 -0.11427 -0.00087173 -0.074819 -0.20205 -0.11497 -0.18483 -0.0059799 0.0028912 0.033276 -0.030429 -0.15955 0.019454 -0.051316 -0.037136 -0.010314 -0.16563 -0.091567 -0.031399 0.025258 -0.022086 0.05753 -0.149 -0.14857 0.012202 0.12585 -0.00015633 -0.044796 -0.16691 0.031193 0.12883 0.025647 0.10753 -0.17533 -0.16038 -0.15593 0.01115 -0.031603 -0.051021 -0.18162 -0.13065 0.039435 -0.17799 -0.14624 -0.0008464 0.057973 0.039634 -0.092055 0.071466 0.086253 -0.12715 -0.0004343 -0.044102 0.10294 0.068425 0.11706 0.054541 0.015069 -0.070567 -0.13451 -0.082562 -0.087351 -0.078174 0.068896 0.028882 -0.013265 0.11672 -0.073065 0.055595 -0.14376 -0.1893 0.0922 -0.078111 0.032266 -0.068438 -0.04228 -0.11924 0.092022 -0.15154 -0.06187 0.051597 0.12622 -0.036456 0.11604 0.12954 -0.04173 0.0534 0.12213 0.015274 -0.12249 0.1354 0.15311 -0.13882 -0.11235 0.12191 0.15607 -0.18532 0.00021941 0.0036627 -0.096518 0.11085 0.048343 0.08382 -0.093522 0.12642 -0.044478 -0.10599 0.058402 -0.086167 -0.031173 -0.0069983 0.0080786 0.1285 0.10823 -0.087959 0.034311 -0.17262 0.022984 -0.08617 0.00089033 0.017261 0.092501 0.01397 -0.051395 0.020852 0.077471 -0.047476 -0.0056339 -0.0029493 -0.019633 -0.05445 -0.090257 -0.20544 -0.15637 -0.12864 0.080301 0.023547 0.060525 -0.14449 0.13591 0.088787 -0.13468 0.00042835 0.068572 -0.060552 -0.033607 0.089298 -0.081934 -0.00074707 -0.059859 -0.16258 0.11693 0.097786 -0.089835 0.082423 -0.12467 -0.10444 0.041839 -0.11549 0.078498 -0.1358 -0.0003332 0.1204 -0.10817 -0.041393 -0.025084 0.032079 -0.055569 -0.024079 0.064762 0.14574 0.083315 -0.12681 0.078273 0.058564 0.081785 0.034657 0.13296 0.098693 0.0043489 0.0013123 0.0043636 -0.11686 -0.11825 0.13729 0.17806 -0.13852 -0.091707 -0.085231 0.030922 -0.17325 -0.18166 -0.0015049 0.092076 -0.10155 -0.1073 0.1171 -0.10778 -0.005767 0.014245 0.12904 0.2032 0.00012946 0.09062 0.051599 0.041889 0.014724 0.041821 0.047061 0.13407
-0.12465 -0.033043 0.054187 0.08492 0.11797 0.32308 0.11397 -0.18758 -0.10902 -0.069801 -0.11765 -0.098522 -0.080645 0.12138 0.03452 0.18473 0.13231 0.087515 -0.018961 0.20057 0.094842 0.02492 0.047996 -0.10951 0.029188 -0.039135 0.17901 0.15724 -0.16329 -0.15552 -0.14386 -0.020807 0.084671 0.18665 -0.03511 -0.095423 -0.0082804 -0.31074 -0.061556 0.066466 -0.10127 -0.034336 -0.080398 -0.10471 0.081126 0.1757 0.10566 0.053215 0.11546 0.12897 0.098653 0.27178 0.073805 0.10588 0.18315 0.22114 0.19505 0.12286 -0.17295 0.050023 -0.30339 -0.22195 -0.13449 -0.30576 -0.13724 -0.12466 0.20283 -0.048987 0.076055 0.0061341 0.10571 -0.011838 0.2206 -0.074824 -0.21818 -0.10759 0.024735 -0.13595 -0.15253 -0.033112 -0.11339 -0.1604 0.024584 -0.22361 -0.03338 -0.16961 0.063211 0.09779 -0.18754 -0.054405 -0.15705 -0.30207 -0.32676 -0.16302 -0.12172 -0.0018995 0.05852 0.13261 0.016612 0.024839 0.13008 0.19526 0.14075 -0.065787 0.069445 0.051015 -0.13446 0.13354 0.1913 -0.01011 0.090895 0.078691 0.087651 0.0029333 0.10539 0.32555 0.068118 0.064213 -0.038656 0.10437 0.20418 0.053897 -0.19796 0.041643 -0.029245 0.086667 -0.14364 -0.24378 -0.050148 -0.2265 -0.016048 -0.098952 0.0157 -0.22405 -0.062951 0.19777 0.052629 -0.0094231 0.302 -0.074084 0.19111 -0.03923 -0.18416 -0.22647 -0.40614 -0.30759 0.31228 0.043163 0.3513 0.15739 -0.092398 -0.057607 -0.061724 -0.14686 -0.21107 -0.33929 0.078345 -0.079045 0.018358 -0.10937 -0.31936 0.0091723 -0.07419 -0.093994 0.17064 -0.10324 0.14871 0.11681 0.16171 -0.0097831 -0.10237 0.10968 -0.12307 -0.27391 0.028774 -0.13124 -0.033111 -0.36959 0.14201 0.22786 -0.047645 0.52566 -0.19399 -0.22545 0.080584 -0.0020028 0.13015 0.16793 0.075605 0.12417 0.16123 -0.022927 0.045929 0.080838 -0.083962 -0.05287 -0.10884 0.33972 0.1299 -0.03285 0.049781 0.2339 -0.091569 0.1594 -0.048895 0.13817 0.16716 -0.02888 0.097553 0.078181 0.18354 0.1024 0.11643 0.017004 0.0084147 -0.031555 -0.27288 0.14407 -0.176 0.051649 -0.031828 0.045156 0.056554 -0.17634 -0.2892 -0.019409 -0.12625 0.16202 0.015453 0.25559 -0.14348 0.10204 0.14984 0.098183 0.094211 0.050619 0.09201 0.092209 1.03 -0.69016 0.1294 0.025716 0.11145 0.20762 0.24766 0.066385 -0.052701 0.20432
0.295 0.10645 -0.020093 -0.046272 0.16573 0.11317 -0.089354 -0.000905 -0.39082 -0.12417 -0.15945 -0.40343 -0.60046 -0.28015 -0.056739 -0.12382 -0.10709 -0.282 -0.040034 -0.019768 0.15106 -0.048171 -0.25303 -0.085182 -0.5916 -0.12568 -0.16495 0.097185 -0.30615 -0.11863 -0.23325 -0.15637 0.19058 0.41764 0.19099 0.26382 -0.11125 -0.079179 -0.047988 -0.17539 -0.0016006 0.12569 0.31375 -0.10075 0.12935 -0.018187 0.14755 0.056149 0.042314 0.12453 0.17526 0.15964 -0.17842 -0.056649 0.0016996 0.10608 -0.077489 0.0078728 -0.011031 0.013682 0.17741 0.33832 0.18063 -0.15797 -0.00062361 -0.02842 -0.052253 -0.16912 0.0039937 0.10591 0.21906 0.12334 0.14168 0.077711 0.046285 -0.037137 0.19672 0.026655 0.018628 0.10796 0.10523 -0.071028 0.11471 0.10589 0.054373 0.24074 -0.24429 -0.0080332 -0.0042757 -0.021513 0.21543 -0.22654 -0.13006 -0.13614 0.032923 0.15806 0.1449 -0.1179 0.040369 0.076368 0.06369 0.07148 0.0012158 -0.020672 0.10104 -0.017659 -0.16389 0.011021 0.041302 -0.033682 0.13603 0.11163 0.029098 0.086224 0.29096 0.21121 0.16502 0.045957 -0.027095 0.08307 -0.020161 0.013235 0.3812 0.025536 -0.078672 0.29653 -0.027062 -0.56319 0.10598 0.045482 0.041111 -0.013323 0.17137 -0.023578 -0.090467 -0.2069 0.11373 0.091024 0.03214 0.12426 0.071762 -0.00302 0.040389 0.12772 -0.18161 -0.0014232 0.12166 -0.084257 0.18366 0.20424 0.28383 0.25232 -0.026259 0.26226 0.080578 -0.11106 0.11892 -0.21995 -0.18219 -0.17875 -0.063458 -0.043578 -0.25304 -0.18414 -0.1325 -0.3149 -0.1018 0.037174 -0.045795 -0.047404 0.036677 -0.11808 -0.2309 -0.14371 0.011782 -0.19377 0.0015585 -0.11462 0.014087 0.1037 -0.095591 0.11218 0.33997 0.15477 0.32931 -0.1013 -0.0039002 0.062965 -0.17875 -0.19387 -0.45605 0.07861 -0.15312 0.03178 0.15767 0.18518 -0.018023 0.078764 -0.23036 0.088319 -0.45591 -0.11675 -0.028982 0.16379 0.36645 0.016168 -0.13386 -0.02445 -0.19495 -0.15917 -0.075391 -0.069831 0.16071 0.088898 0.06137 0.25788 0.075717 0.35768 0.028519 -0.13512 -0.066603 -0.19005 -0.21992 0.0019296 0.08776 0.11877 0.11184 -0.19396 -0.12803 -0.28796 -0.25297 -0.20445 -0.10599 -0.11456 -0.089666 0.036437 -0.0018787 0.0019244 -0.53873 -0.3457 -0.04243 -0.11233 0.021893 0.10604 0.023247 -0.26135 0.061807 -0.17871
-0.21994 -0.13979 0.13014 0.042695 0.056281 -0.019822 0.0034413 -0.065807 0.18398 -0.031051 -0.080865 0.18913 -0.076852 -0.059961 -0.028498 -0.024569 -0.085868 0.086247 0.098929 -0.090984 -0.0099625 -0.1271 -0.10885 0.049234 0.14207 0.089838 -0.085528 -0.020381 -0.0071042 0.098344 -0.17982 -0.039213 0.092408 0.18897 -0.088404 -0.059267 -0.022271 -0.011924 0.039296 -0.049073 0.12755 0.013378 -0.11478 -0.0060307 -0.027648 0.030677 -0.16814 -0.19269 0.054287 -0.012433 0.16011 0.12245 0.082236 -0.0067297 0.10574 0.054444 0.078383 -0.069065 -0.19286 0.1055 0.042791 -0.147 0.16448 -0.11224 0.02364 0.11308 0.00039682 -0.03851 -0.025377 0.12085 0.07186 0.02628 0.10463 0.10117 0.065522 0.072185 -0.12195 -0.071115 0.096571 -0.083395 -0.055415 0.052596 0.029548 -0.076485 -0.12388 -0.026823 0.13644 -0.09174 -0.10947 -0.0044744 0.013245 -0.12067 0.093701 0.021932 -0.094804 0.12364 -0.027368 0.091681 0.17093 0.06059 0.10074 -0.13361 -0.025683 0.17096 0.13311 -0.038088 0.077147 -0.05473 -0.071405 0.034243 -0.07816 0.091078 -0.14147 -0.050773 -0.088495 0.11863 -0.034848 0.11709 0.098428 -0.089839 -0.070232 -0.22223 0.15477 0.12691 0.029266 -0.054273 0.061888 0.0051435 0.055362 -0.01207 0.14384 0.084289 0.21081 0.022485 -0.034226 -0.0099052 0.053656 -0.11637 -0.18179 -0.13339 0.10766 0.025554 -0.10957 -0.013393 -0.14542 -0.1155 0.16196 -0.044087 -0.037337 -0.0026504 -0.056648 -0.05668 -0.0044976 -0.071683 -0.013635 -0.20403 0.10922 -0.072734 0.17882 -0.090756 0.075471 0.19399 -0.028081 0.011878 -0.10691 -0.011261 0.042926 -0.048784 0.063569 -0.16171 0.14546 0.11782 -0.071604 0.085965 0.0037179 0.15192 0.19716 -0.22696 0.10333 0.019493 -0.17673 0.014662 0.047972 0.056045 0.030964 0.1802 0.27535 -0.070021 0.11583 -0.064302 -0.0066477 -0.14276 0.097734 -0.025187 -0.037279 -0.10228 -0.14904 -0.13209 -0.048746 -0.095351 -0.080654 -0.16248 -0.15416 -0.24504 -0.23105 -0.14139 -0.17096 -0.19009 0.031202 0.078874 0.10635 0.25411 -0.093978 0.037262 0.013797 0.037328 0.046786 0.12404 -0.24876 0.024501 0.036298 0.034323 0.11688 0.10291 0.15513 0.086778 -0.054935 0.076395 -0.17086 -0.11176 0.067994 -0.1053 -0.028811 -0.0029614 -0.031384 0.034406 0.037949 0.0023471 -0.051019 -0.17453 -0.067118 -0.089207 0.081599 -0.111 0.14604 -0.096691 0.09819 0.16883
-0.058913 -0.080649 0.059732 0.030228 -0.098516 0.067325 0.0091275 -0.15734 -0.076413 0.027627 0.18831 -0.28727 -0.041109 -0.10607 0.15715 -0.00039866 0.073093 0.14073 0.1138 0.0033313 -0.10004 0.0020843 0.17943 -0.019727 0.051894 -0.083786 0.014295 -0.20301 0.051679 0.017742 0.017749 0.097565 0.10098 0.042563 0.17417 -0.1971 -0.074084 -0.32063 0.022976 -0.13425 0.062132 -0.16772 0.035217 -0.12797 -0.1746 0.066218 0.057927 0.040006 0.0013638 0.051201 -0.11826 0.12131 0.048034 0.20575 0.12048 -0.26845 -0.146 0.077468 -0.13366 0.1341 0.11572 0.085116 0.0046869 0.087322 0.04298 0.19263 -0.038137 0.0027166 0.09015 0.17141 0.2722 0.078924 0.05319 -0.016867 0.097677 0.08136 -0.076716 0.1965 -0.0028618 -0.21339 0.049749 -0.081344 -0.15261 -0.14969 -0.12579 0.067914 -0.033566 0.023762 -0.031837 0.33878 0.21797 0.0074243 -0.23523 -0.052336 0.079296 0.075188 0.3147 -0.090663 -0.23114 0.061915 -0.12787 0.074956 -0.28225 0.10477 -0.26345 -0.21871 -0.15636 0.077159 0.0861 0.15926 0.048581 -0.16806 0.086264 -0.050699 0.13222 -0.055701 0.080947 0.026319 -0.14635 -0.38001 -0.1095 0.05257 -0.14996 0.12605 0.022274 0.17724 0.25386 0.5209 0.34669 0.090288 0.1956 -0.11876 0.12638 -0.032067 0.21347 0.13804 -0.13935 -0.033191 0.11775 -0.28489 -0.13437 -0.035116 0.061598 0.11522 0.11298 0.052113 -0.14129 0.056378 -0.29911 -0.24393 -0.23307 -0.027907 0.17341 0.29114 -0.15029 0.12103 0.023542 -0.10352 0.039361 0.0013623 0.11702 -0.020786 -0.091727 0.26547 0.041946 0.14856 0.14388 -0.17466 -0.25208 0.075773 0.055594 0.26861 0.36807 0.52361 -0.09743 -0.04874 0.21853 0.042692 -0.13526 0.086487 -0.10717 0.28363 -0.095634 0.0087455 0.18771 0.0013437 -0.24163 0.009762 0.2219 0.13911 0.32593 -0.024307 -0.096428 -0.047653 0.0025372 -0.069566 0.19446 0.18928 0.1579 0.11251 0.0058425 0.21609 -0.045084 0.14211 -0.29667 0.071718 0.0020451 0.20195 0.095831 -0.062279 0.097022 -0.30725 0.10272 -0.03135 0.0019995 0.12396 0.23523 -0.14014 0.077503 0.10235 0.0070325 -0.010293 -0.054287 -0.10631 -0.23758 -0.21015 -0.15415 -0.018712 -0.32747 0.028612 -0.061462 -0.078552 -0.07366 0.031192 0.16789 0.020692 0.084157 0.10769 -0.12175 -0.5705 -0.34667 -0.090057 -0.16516 -0.30285 0.11782 0.01923 -0.1628 0.0040805
0.039227 0.068942 0.022843 0.055709 -0.038272 0.012313 0.10542 0.10854 0.075424 -0.08529 -0.0099745 -0.046511 0.1099 0.05365 0.13417 -0.019287 -0.072848 0.14511 -0.0053737 -0.061501 0.10365 -0.014914 0.10938 0.030986 0.0037298 0.13779 -0.11342 -0.066052 -0.090148 -0.090032 0.13058 0.11965 0.13612 0.027005 -0.049109 0.00084897 0.014155 -0.069395 0.13476 -0.020793 0.091394 -0.02331 0.083688 -0.063483 -0.056629 0.052312 -0.12453 -0.066716 -0.11452 -0.0083389 0.055827 0.12673 -0.14587 0.0045845 0.027048 -0.0094677 0.076698 0.051985 -0.15067 -0.026581 -0.092706 -0.025728 0.14265 -0.15185 0.10596 -0.043579 -0.055697 0.086751 0.048304 -0.068974 -0.053353 -0.017445 0.059554 -0.1129 0.14845 -0.10875 0.0908 0.16046 -0.087359 0.034454 0.057099 -0.015964 0.11163 -0.14132 0.17249 -0.12965 0.10777 0.08112 -0.034673 -0.070972 -0.023057 0.11707 0.089152 0.16178 -0.058843 0.12506 -0.10711 0.09041 -0.14559 0.007977 -0.039701 -0.0065552 -0.072561 0.12636 0.044907 0.073327 -0.18232 -0.013562 -0.064565 0.13866 -0.10895 -0.06154 -0.10806 0.027315 0.14757 -0.033905 0.13785 -0.080405 -0.11593 -0.0035908 -0.020438 -0.030186 -0.10294 0.027497 0.13648 -0.087921 0.1621 0.043353 -0.089126 -0.11033 -0.11191 0.080713 -0.12885 0.15382 0.045976 -0.1299 0.072762 -0.0091038 0.052187 -0.055621 -0.035959 0.14459 0.043862 -0.041655 0.13244 0.025819 -0.069281 0.12267 -0.23508 -0.088024 -0.14002 0.025436 -0.10088 -0.065233 0.058472 -0.13459 -0.082192 0.0014602 0.061642 0.0941 -0.021329 0.025356 0.0079596 0.13512 0.096303 0.10961 0.061072 -0.040968 0.085184 0.13338 0.2182 0.12894 0.00039583 0.11372 -0.088608 -0.13466 0.048264 -0.077442 -0.093911 0.073508 -0.094302 -0.058986 -0.10552 0.13856 0.10789 -0.17661 -0.10007 0.006708 -0.027247 -0.023379 -0.042588 0.079485 -0.02588 -0.2172 0.013099 -0.00040024 -0.082177 -0.07131 0.097398 -0.045858 -0.1667 0.089163 0.12704 -0.073614 0.23002 -0.0080861 -0.0057446 0.1127 0.016629 -0.086299 -0.059109 -0.070131 -0.034438 0.097791 0.12623 0.06736 -0.02164 0.12631 0.011894 -0.13576 -0.12792 -0.051312 -0.084052 0.086155 0.095448 -0.053495 -0.10785 0.13223 0.056523 0.13415 -0.12315 0.077201 0.069841 -0.00046969 0.15857 -0.11342 0.15591 -0.075773 -0.2424 -0.087143 0.11147 0.026328 0.0019776 0.10604 -0.065145 0.15999 -0.18919 -0.12351
-0.2602 -0.15342 0.20724 -0.003488 0.05435 -0.031225 0.09704 0.23249 0.026959 -0.033629 0.052067 -0.147 -0.19401 -0.11808 -0.30741 -0.32567 -0.032729 0.44323 0.014038 0.012621 -0.019537 -0.014474 -0.083259 0.14694 -0.10848 0.10584 -0.034362 0.19376 0.20806 0.026659 0.092406 -0.042323 0.014847 -0.30001 0.1914 0.036573 0.055397 0.15056 0.1026 -0.09988 -0.11426 0.033912 -0.061144 0.21873 0.11545 -0.042067 0.037368 0.14463 0.1607 -0.015274 -0.022053 -0.24162 -0.27084 -0.15795 -0.096651 0.12946 0.04826 -0.19249 0.076542 -0.041611 0.057998 -0.07363 -0.2204 -0.18255 -0.014971 -0.045626 0.061699 0.055913 0.048596 0.10712 0.075673 -0.051521 -0.12604 -0.027441 -0.038343 0.10922 -0.068127 0.1651 -0.0359 0.01508 0.11423 0.093372 -0.0094439 -0.14941 -0.16155 -0.24156 0.061624 -0.053724 0.097191 -0.086806 -0.11225 -0.06992 0.21032 0.37599 0.047259 0.075813 -0.17251 -0.059409 0.07101 0.074969 0.052938 0.13502 0.043143 -0.13971 0.10688 -0.025631 -0.036308 0.090504 -0.033776 0.13367 0.13854 -0.13693 -0.14008 -0.15102 -0.12825 -0.29796 -0.086297 -0.16192 -0.14864 -0.34532 -0.19654 -0.074178 0.23234 0.25612 0.078615 0.22142 0.36827 -0.1821 0.09538 -0.20317 -0.050868 -0.25655 -0.29422 -0.27997 -0.059544 -0.29018 -0.089242 -0.042068 -0.014372 -0.22307 -0.017017 -0.11571 -0.12718 0.091503 0.023333 -0.0064861 0.34679 -0.041785 -0.084798 -0.031229 -0.13631 0.22706 0.23108 0.0021558 -0.12415 -0.26567 -0.074145 -0.28167 -0.12091 -0.49763 -0.083665 -0.26339 -0.2556 -0.18238 0.10849 -0.024972 -0.076251 -0.23905 -0.1697 -0.0031659 0.20242 0.13675 0.21261 0.10906 0.20522 0.3217 -0.032707 0.11653 0.15064 0.072363 -0.188 0.33694 -0.093687 -0.16388 -0.30215 -0.044653 -0.038626 -0.079082 -0.17629 -0.0021726 -0.11578 -0.094049 -0.13093 -0.0049724 -0.018765 0.091674 0.2675 -0.15631 0.079631 -0.085208 0.10757 0.018234 0.13494 0.014014 -0.28223 -0.10041 -0.11743 -0.15804 -0.090347 -0.078019 0.22628 -0.097267 0.29529 -0.064172 0.022084 0.022834 0.12841 0.061801 -0.11191 -0.19148 -0.24138 -0.25448 -0.43177 -0.27626 -0.2825 -0.27688 -0.28228 -0.23182 -0.36662 0.14595 0.16091 -0.058669 -0.090798 0.0016514 0.25149 0.1322 0.041529 0.025646 0.52988 0.028732 0.018439 0.010107 -0.040316 0.10128 -0.04008 0.22531 0.079265 -0.01026
-0.096268 0.064179 -0.030065 0.10426 0.027874 0.2325 -0.067696 -0.21001 -0.15057 0.010632 -0.026187 -0.14724 0.046743 0.027417 0.1089 -0.051837 0.13515 0.070623 0.017558 0.050357 0.04776 0.079059 -0.078055 -0.11507 -0.48816 -0.2464 -0.27125 0.021972 -0.27446 0.0033996 0.0041939 -0.10351 -0.022651 0.042726 0.057177 0.13657 0.21369 0.40571 0.24854 0.17023 0.012173 0.099856 0.12574 -0.057349 0.051581 0.12067 0.16832 0.12197 0.18915 0.13751 0.18052 0.1277 -0.069397 0.014416 -0.0032854 0.0083341 -0.37018 -0.023289 -0.048687 0.061974 0.052802 0.060002 0.084177 0.1965 0.069901 0.11174 0.14051 0.26894 0.18848 0.19234 0.24374 0.17197 -0.065951 0.28789 0.20437 0.26689 0.3456 0.13092 -0.022609 -0.040315 0.2775 0.046244 0.13555 0.10002 -0.024028 0.076009 -0.22798 0.14215 0.036259 0.26196 0.099828 0.091821 -0.09127 -0.0042893 -0.056809 -0.12424 -0.0048128 0.05111 -0.068199 0.14365 0.09373 0.19869 -0.059528 0.084945 -0.038931 0.056181 -0.092406 0.078712 0.042891 0.043425 -0.00078343 0.075461 -0.047658 0.030455 0.22959 0.089704 0.022201 -0.010348 0.0085489 -0.10213 -0.18074 0.015464 -0.12197 0.17811 0.17058 0.17957 0.061824 0.084548 -0.025662 -0.060036 -0.44164 -0.083084 -0.244 -0.38564 -0.20926 0.10531 -0.23982 0.11168 0.10039 0.011033 0.021715 0.019419 0.071562 0.037168 0.047503 -0.17323 -0.11112 -0.10802 -0.15575 0.11838 -0.21591 0.11791 -0.0053442 0.048184 0.3459 -0.014238 -0.1082 -0.16391 -0.35355 -0.065527 -0.4593 -0.22564 -0.26031 -0.10568 -0.12666 0.11185 0.24288 0.01366 0.18654 0.080847 0.085065 0.27222 0.21263 0.041879 -0.073215 -0.26795 -0.12408 0.0064506 -0.21957 -0.051478 0.091049 0.29603 -0.004421 0.22157 -0.047291 0.082909 0.0045473 0.20686 -0.032648 0.097181 0.29535 0.12161 0.086609 -0.11707 -0.091378 0.10595 -0.045388 -0.083986 -0.36044 0.089788 -0.12219 0.19065 0.22748 0.2356 0.21724 -0.18407 0.091758 -0.071339 0.12501 0.13225 0.1599 -0.19466 -0.16307 -0.096931 0.00096176 0.051185 -0.015717 0.066879 -0.016845 0.056604 0.077117 -0.07059 -0.038223 -0.03385 0.076005 -0.058741 0.17716 -0.032304 0.23337 0.36431 0.24419 0.39686 0.20391 0.1574 0.053318 0.12961 0.077639 0.042241 -0.41284 -0.89258 -0.034421 -0.09448 -0.084415 -0.083001 -0.38361 -0.19607 -0.096683 -0.091647
0.026882 0.26019 -0.0050561 0.036348 -0.066807 -0.20224 0.054324 0.044082 -0.001956 -0.0076993 0.16397 0.13745 -0.16388 -0.00019015 -0.20892 -0.0027105 -0.066537 0.055461 -0.19059 -0.26644 -0.26377 0.074867 0.044817 -0.093975 -0.0094459 -0.21335 -0.18927 -0.19859 0.030148 -0.028268 0.011438 -0.041336 0.11055 -0.089554 -0.11447 -0.07409 -0.037027 0.090594 0.15073 0.056104 0.090556 0.049245 0.20091 0.059888 -0.21083 -0.085145 -0.19131 -0.14119 -0.10201 -0.12348 -0.094559 -0.13031 -0.18586 -0.11994 -0.11525 0.081646 -0.097814 -0.17094 0.14885 -0.096738 0.27274 0.15911 0.16778 0.15631 0.1419 0.058013 0.052036 0.14949 -0.027917 0.11411 -0.097559 -0.05918 -0.093127 -0.068463 0.1684 0.12498 0.049498 0.20745 0.2303 0.15067 0.16026 0.060465 -0.023577 0.12534 0.30666 0.14968 0.010483 0.093791 0.17875 0.067926 0.18288 0.1406 0.11587 0.19821 0.13184 -0.079297 -0.071051 0.031495 0.13566 -0.095155 -0.082582 -0.015512 -0.038785 0.10054 -0.14475 0.079125 0.047913 -0.14586 -0.0688 -0.13286 -0.075542 -0.14294 -0.11351 -0.20411 -0.17605 -0.21061 -0.12047 -0.19367 -0.024965 -0.19661 -0.24003 -0.16613 0.10233 -0.0010531 0.19562 0.14736 0.098548 0.096278 0.12459 -0.085562 0.21103 -0.1209 0.18661 0.12394 0.23283 -0.033573 0.078829 0.0055257 0.049414 0.0653 0.2072 0.12352 -0.04123 -0.053352 0.030415 -0.18334 -0.1985 -0.23921 0.053387 -0.13393 0.14296 0.052573 0.26701 0.1335 0.097454 0.0008268 -0.09643 0.07143 0.087414 -0.24893 0.057906 0.093588 0.30224 -0.027017 0.21716 0.14118 -0.003752 -0.34348 0.050012 -0.027684 -0.065622 -0.13517 -0.15554 -0.067922 -0.022541 -0.22964 -0.34822 0.074421 -0.078326 -0.071759 0.18875 0.32738 -0.01766 0.031142 -0.016824 -0.10042 0.034432 -0.048822 -0.01285 -0.064873 0.1706 -0.1673 -0.12257 0.027932 0.089599 0.0050599 -0.098937 0.029112 -0.043062 0.034238 -0.019917 -0.0096809 0.25112 -0.1228 0.24226 -0.18063 -0.1788 -0.042939 0.039022 0.19003 -0.24394 0.15579 -0.058967 0.26744 0.025685 0.1526 0.13583 -0.084376 0.14037 0.21758 0.20252 0.14661 -0.01695 0.030846 -0.03835 -0.12757 0.12722 0.18819 -0.1278 -0.10275 0.10552 0.025813 -0.21936 -0.0054103 -0.053365 0.065432 -0.035199 0.045546 -0.72196 0.45594 0.064636 0.18825 0.17604 -0.13057 -0.47402 0.016083 -0.26991 -0.14349
0.066012 0.11627 -0.025368 0.094043 -0.06223 -0.071984 0.065752 -0.10186 0.21094 0.020788 0.094101 0.14125 0.1284 -0.039607 -0.061312 -0.042597 0.30499 0.1562 0.23313 -0.16728 -0.11458 -0.2211 0.1036 -0.12813 -0.25414 -0.093644 -0.13421 -0.15859 -0.19202 0.072994 -0.094695 -0.19671 -0.1526 -0.15079 -0.043654 -0.022681 0.093394 -0.04865 0.0954 0.17387 0.31296 0.06924 0.16153 -0.080058 0.067789 0.14831 0.02037 0.063924 0.23398 0.17585 -0.0046311 -0.1085 0.087314 0.086097 -0.04321 0.13583 0.06348 0.083244 -0.0043235 -0.069897 -0.22901 0.032341 -0.12312 -0.052791 -0.024541 -0.048524 -0.088225 -0.17671 -0.049438 -0.053264 0.10946 -0.046453 0.024126 -0.062587 0.018325 0.099503 -0.12895 -0.14487 0.095792 -0.065442 -0.034646 0.12738 -0.028925 0.058591 0.17011 0.06862 0.10787 -0.045833 -0.09029 -0.089385 -0.086934 0.066969 -0.015071 0.079569 0.099519 0.012358 0.092601 0.1992 -0.06703 0.022694 0.029026 0.0098662 -0.20301 -0.060433 0.092781 0.22145 -0.12695 0.29128 -0.049051 0.19167 -0.12726 -0.03209 -0.034892 -0.019354 -0.0066968 -0.30165 0.055898 -0.077037 0.052589 0.060449 0.046069 0.31871 -0.12451 0.24476 -0.010126 0.016641 -0.16052 -0.11019 0.096064 -0.098214 -0.16145 0.18488 0.011997 0.22696 -0.034336 -0.1429 0.01261 0.2817 0.23375 0.17916 -0.030662 -0.063443 -0.0016518 -0.14995 0.12669 -0.10632 -0.29127 0.18484 -0.075771 0.024554 -0.13621 -0.0043464 -0.025094 -0.038846 0.025017 0.091205 -0.23562 -0.011805 0.033371 -0.021265 0.053856 -0.036722 -0.10408 0.23206 -0.079588 -0.0081945 -0.00042264 0.054144 0.20494 -0.20067 -0.075509 -0.14432 -0.060135 -0.088868 -0.10999 0.071016 -0.22305 0.0071853 -0.10173 -0.17293 -0.082843 -0.18825 0.052928 0.083078 -0.040998 -0.14133 -0.16769 -0.22446 0.022419 0.22588 0.19588 0.13473 0.12495 -0.037183 -0.15482 -0.19157 -0.060322 0.085828 -0.06676 -0.076543 0.073575 -0.019402 -0.014298 0.13062 0.20289 0.036474 0.21422 -0.0017683 -0.0012391 0.1363 0.28812 -0.0025278 0.18733 0.16846 0.066926 0.0095082 0.15614 -0.088062 -0.023866 -0.0013405 0.024011 -0.062202 0.02548 -0.01834 0.12507 -0.0092732 0.1075 0.020606 -0.048204 0.018641 0.038305 -0.2203 0.0023753 0.14103 -0.18149 -0.031893 -0.09299 0.090017 0.07315 -0.30749 0.07067 0.074621 0.18951 -0.03511 0.13938 0.23284 0.13493 -0.10223
0.20923 0.0081403 -0.13383 0.024589 -0.076359 -0.11788 0.063794 0.2007 0.10388 -0.076184 0.21142 0.10938 -0.015532 -0.033883 0.013162 0.17097 0.08018 -0.040671 0.12946 -0.029578 0.060765 0.011227 -0.25209 -0.4068 -0.085534 -0.24745 -0.28151 -0.12305 -0.036007 -0.059898 -0.0041859 0.048822 -0.19833 -0.12871 -0.079112 -0.04142 0.22473 0.053478 0.16559 0.18264 0.10654 0.0047554 0.19192 0.14322 0.1188 0.020087 -0.016745 0.016056 0.16194 0.01325 0.032196 -0.051867 -0.24743 -0.14318 -0.26331 -0.0013989 -0.028336 0.15044 -0.096862 -0.11786 -0.15152 -0.093141 -0.092497 0.094063 -0.17906 -0.068908 -0.051278 0.083167 -0.13767 -0.15614 -0.21889 -0.20777 -0.045327 0.080587 -0.060165 0.10979 -0.12206 -0.20668 -0.055097 0.078269 -0.14145 -0.027546 -0.0051034 -0.047852 -0.057108 0.13248 0.0010532 0.0041547 -0.028484 -0.23374 0.0052582 -0.040949 0.10549 0.16335 -0.093698 0.0053697 -0.080223 -0.039301 0.098666 0.18475 -0.012814 -0.075749 0.023007 -0.12536 0.0090632 0.16722 0.046419 0.24471 -0.12259 0.14668 -0.076042 0.14026 -0.017104 -0.045903 -0.176 -0.098244 -0.034573 -0.065279 0.055123 -0.20406 0.0819 0.18143 -0.26395 -0.32335 -0.066622 0.10736 -0.21414 0.15712 -0.025553 -0.048864 0.03438 -0.065079 0.061398 0.14039 0.1443 0.052322 -0.059546 0.042001 -0.059926 0.00044678 0.0051126 0.16972 0.095073 -0.16871 -0.072431 0.035962 -0.16371 -0.12294 0.046494 0.14023 -0.080018 -0.037255 -0.24697 -0.037687 0.028594 0.094429 0.021463 -0.098754 -0.039685 0.099738 -0.022479 -0.0029992 0.16292 0.12743 0.1007 0.058976 -0.085279 -0.074722 -0.096202 0.089818 -0.045829 -0.043481 -0.10739 -0.21153 -0.01637 0.12619 0.015121 0.16601 -0.17953 -0.014182 -0.050967 -0.17061 -0.16361 0.0013577 -0.078393 0.1663 -0.22709 -0.041825 -0.12056 0.032131 -0.24691 0.10076 0.15747 0.10841 0.025238 0.20048 0.1573 0.11455 0.22089 0.04749 0.050535 -0.092166 -0.068 -0.082294 -0.11547 -0.037466 0.036575 0.1274 0.092123 0.044583 -0.15689 -0.2288 0.016874 0.17524 0.16131 0.010494 -0.025224 0.14496 -0.17134 -0.083843 0.07645 -0.020381 0.074208 0.20141 0.014882 0.024017 0.17803 0.047953 0.0012438 -0.015932 0.18808 0.24256 0.013252 -0.088575 -0.24358 -0.20753 -0.066776 -0.067265 0.26316 -0.031038 -0.025972 0.015777 0.0833 -0.1444 -0.092034 -0.13179 0.18985 -0.11626
0.079435 0.0031321 -0.093741 0.061779 -0.13808 -0.08407 -0.11149 0.036374 -0.025374 -0.11183 0.027263 0.059759 0.038542 0.041594 -0.13249 0.04329 0.044896 -0.030972 -0.097175 -0.14915 -0.11178 -0.15993 -0.022743 0.07168 0.12289 -0.040343 0.049791 -0.14061 0.03041 0.16788 0.060439 0.11272 -0.042247 -0.032899 -0.13607 -0.014774 0.0008137 -0.1316 -0.064787 -0.099147 -0.024586 -0.031511 -0.032066 -0.11603 0.05708 -0.10227 -0.085395 -0.12258 -0.049696 -0.0058611 -0.054183 -0.09449 -0.11302 -0.079345 -0.16226 0.0028655 -0.10142 -0.095653 -0.063356 -0.14154 -0.050329 0.090762 0.1152 0.074893 0.11132 -0.054121 0.078839 -0.12819 -0.049131 -0.10169 0.08737 0.064832 -0.095641 -0.071285 0.10106 -0.054244 -0.13849 0.0052441 -0.1506 0.079752 -0.11215 -0.15095 0.12003 -0.019099 -0.13862 0.091562 -0.098657 0.027465 -0.044839 0.12043 0.11307 0.16789 0.023188 0.051411 0.07389 -0.033586 -0.013102 0.1078 -0.1037 -0.032078 0.11117 0.1191 -0.055437 -0.021858 0.081444 0.10046 -0.0082798 0.10348 0.077943 0.096243 0.066818 0.092934 -0.10895 -0.053965 -0.024901 0.07921 -0.059411 -0.065413 -0.10908 -0.055448 0.15207 0.051461 0.16504 0.14623 0.061682 0.021468 -0.04561 -0.15046 -0.093342 -0.14446 -0.010442 -0.023535 -0.12835 -0.14374 -0.13239 -0.10015 -0.063217 0.05272 0.042744 -0.10697 -0.13188 -0.077036 -0.0032792 -0.13839 0.12431 -0.087283 -0.13541 0.001982 -0.043964 -0.00014819 0.094558 0.080911 0.041178 -0.021468 -0.1131 -0.12838 0.038807 -0.033612 -0.099703 0.081142 -0.029528 0.039281 0.099757 0.085287 -0.10817 -0.061452 -0.087656 0.0042625 -0.12031 -0.090545 0.0402 0.079721 -0.12429 -0.088969 -0.0074376 0.1451 -0.10129 -0.084517 -0.035503 -0.10885 0.12182 -0.10769 -0.01958 -0.13801 -0.13798 0.041906 0.09385 0.053592 0.046995 0.067974 -0.17419 -0.049355 -0.087818 -0.14387 0.062212 0.11881 -0.017046 0.048076 -0.070816 -0.055162 -0.13737 0.10826 -0.1354 0.0046941 -0.1297 -0.16209 -0.0087643 0.018847 0.015888 0.056672 0.12089 0.14872 -0.032419 0.1609 0.086082 -0.1636 0.066896 -0.019382 -0.13057 -0.031247 0.11867 0.067209 0.14866 -0.16519 -0.12043 0.11378 0.11021 0.048789 0.019849 -0.051946 -0.019468 0.1258 -0.04681 -0.1381 0.06699 -0.16289 0.055013 -0.142 -0.15519 -0.014321 0.08135 0.11873 -0.056599 0.14566 -0.077009 0.066643 0.06161 0.062437
0.1508 0.19911 0.1439 -0.10259 -0.056513 0.038141 0.052309 -0.10177 -0.026629 -0.038721 0.014275 -0.12551 -0.21184 -0.15628 -0.11917 -0.21065 -0.12356 0.0048739 0.043225 0.074293 0.056805 -0.21329 0.0063487 0.055745 -0.11883 -0.10575 -0.16678 -0.058902 -0.047839 0.13186 -0.060265 0.066903 -0.040441 -0.19776 0.077892 -0.074263 -0.024659 0.12349 -0.095001 0.12864 0.16088 0.062098 0.20653 -0.068521 0.11159 0.18022 0.10809 0.20949 0.21805 0.16542 0.15215 0.10689 -0.097088 0.043356 0.082272 -0.0083153 -0.085025 -0.11203 -0.11782 -0.049266 0.032043 -0.023727 -0.089027 0.050903 -0.043111 -0.013911 -0.043057 -0.11199 0.1851 0.042727 -0.23387 -0.15551 -0.16777 0.026335 0.12406 0.040016 0.029458 -0.058774 0.056777 -0.09497 0.01017 0.018143 -0.082456 0.008638 -0.11967 0.032688 0.051878 0.1441 -0.055515 -0.088253 0.0030544 -0.011749 -0.010734 0.025651 0.045285 -0.11536 -0.24764 -0.10958 -0.050007 0.021577 -0.098375 0.16335 0.11308 0.15149 0.04127 0.028045 0.1305 -0.051815 -0.0041068 0.083784 0.17019 -0.016056 0.16837 -0.00028433 -0.0083312 0.059903 -0.03586 -0.073649 -0.18991 -0.27016 -0.080724 -0.02691 0.19388 0.22894 0.18526 0.13629 -0.10327 -0.047454 -0.081834 0.1319 -0.039999 -0.062487 0.080301 -0.16942 -0.08564 -0.091103 -0.12804 0.12263 0.053249 0.063101 -0.0047437 0.09835 0.11251 0.012041 -0.17145 -0.010043 0.10416 0.076194 0.016468 0.10218 0.056673 0.13819 0.11583 -0.046983 0.16253 -0.017758 -0.10529 -0.11323 -0.24074 -0.15081 -0.2181 -0.1493 -0.1875 -0.047629 -0.18498 0.12582 0.12821 0.047482 -0.17236 -0.04842 -0.06251 -0.057252 -0.15937 -0.19888 0.073391 -0.12361 0.015331 0.17836 0.032441 -0.0019029 -0.055947 -0.22047 0.075228 -0.01861 -0.021012 0.13476 0.082783 0.12312 -0.084806 0.12207 0.12795 -0.10092 0.12126 0.11532 0.07497 -0.019945 0.076441 0.074963 0.064759 0.038193 -0.073644 0.067645 -0.10165 0.18876 -0.0086268 -0.024265 -0.031168 -0.12397 -0.010853 0.12756 0.060796 0.33029 0.14487 -0.12874 0.15163 0.020066 0.11996 -0.17264 0.037069 -0.17863 0.017135 -0.055921 -0.13008 -0.012918 -0.013814 -0.19275 0.1684 -0.25764 -0.099562 -0.11416 0.19231 -0.14822 0.03687 -0.056391 -0.098163 0.059905 0.042791 -0.046242 0.018479 -0.37575 -0.065606 0.040146 -0.083781 -0.10594 -0.2115 -0.10432 -0.027817 0.16406
-0.0081212 0.089203 -0.023812 0.0057605 0.075878 -0.0025233 0.13081 0.11557 0.038177 0.020922 -0.01786 0.081783 0.032382 0.08614 0.18804 0.036983 -0.093786 -0.14341 -0.0068469 -0.11943 -0.43413 -0.26667 -0.15871 -0.23815 -0.1502 -0.07852 -0.025129 0.15373 -0.21485 -0.043394 0.040262 0.17839 0.028266 0.23686 -0.051641 -0.11174 -0.15339 -0.0032284 0.071396 -0.012038 0.28887 -0.10355 0.091187 -0.066067 -0.25665 -0.055896 -0.3466 -0.20762 -0.17146 0.097045 -0.1111 0.10763 -0.022977 0.034285 -0.011998 0.0509 0.090375 0.19066 -0.16484 0.10902 0.15286 0.039925 0.15248 -0.13982 0.046561 0.011374 0.080946 0.19899 0.093291 0.02899 -0.088782 0.077329 -0.038984 -0.13908 -0.027553 0.079004 -0.030313 0.054064 -0.10253 -0.059337 0.075189 -0.08353 0.087414 0.029315 -0.030274 -0.12872 0.03165 -0.078651 -0.06602 -0.047662 0.071923 -0.14054 0.031522 -0.020305 0.035965 -0.0083823 0.17942 -0.20128 -0.0082982 0.030236 0.0062273 -0.16876 0.061483 0.049681 0.01781 -0.0052569 -0.07428 -0.055524 -0.016652 -0.24066 0.010889 -0.21756 -0.0077276 -0.064387 0.11827 0.10214 0.11395 0.22621 0.17106 -0.12243 -0.09957 0.27472 -0.039398 0.11269 -0.14946 -0.0051611 0.091415 0.1866 0.18961 0.011799 0.16587 -0.012461 0.16613 0.047479 0.080388 0.18898 -0.21154 -0.010791 -0.023935 0.0060329 0.0053317 -0.11416 -0.029239 0.046366 0.026667 0.13224 -0.21234 0.054558 0.040142 0.46682 -0.03205 0.14062 0.024624 0.0064285 0.031418 0.019358 -0.066573 -0.0064003 -0.031525 0.11871 -0.11507 -0.3739 -0.21888 -0.019003 -0.06654 -0.24682 -0.30207 -0.17796 -0.31148 -0.22628 -0.11584 -0.01481 -0.039482 -0.030606 0.092716 0.029098 0.13567 0.004411 -0.074463 0.11944 -0.021835 -0.10282 0.019972 0.12724 0.049621 -0.13283 -0.092892 0.11174 -0.022343 0.13797 -0.03343 -0.0012911 0.047058 0.14127 -0.12903 0.11902 0.026843 -0.012349 -0.17896 -0.043743 -0.19823 -0.033047 0.073266 0.10066 0.29911 -0.22207 0.086497 -0.17345 -0.19771 0.079268 0.15244 0.07035 0.40891 0.29954 0.11672 0.028643 0.095755 0.018706 -0.079884 0.073711 0.19615 -0.082717 0.06028 -0.23609 -0.2067 -0.21861 -0.1212 -0.014842 -0.45392 -0.25036 -0.33693 -0.28052 -0.25545 -0.0046981 0.087852 -0.21777 -0.182 -0.0096267 -0.35772 0.053225 0.089855 0.052322 -0.13782 -0.064324 -0.25602 -0.072485 -0.072867 -0.0086659
-0.1957 -0.1456 -0.0073247 0.00013785 0.40031 0.22872 0.35139 0.05394 -0.093764 -0.18119 0.059442 -0.17044 0.049242 -0.21246 0.13114 0.084888 0.2023 0.029389 0.25994 0.057777 -0.25149 0.018875 0.13222 -0.17639 -0.30491 -0.12599 -0.43965 -0.082807 -0.16379 -0.19023 0.066394 -0.004768 -0.038147 0.040808 -0.07229 0.044092 -0.012643 0.11824 -0.083909 0.068079 0.11318 0.23861 0.048332 0.23276 0.20781 0.1739 0.082015 0.034398 0.26558 0.22239 0.029183 0.28442 0.047515 0.17756 -0.028363 -0.060618 0.0044004 0.2018 -0.18388 -0.11107 0.089466 -0.088617 -0.080153 -0.15 0.008399 0.11886 0.27575 0.10381 0.058023 0.33196 0.17535 0.096097 0.016171 0.26219 -0.10717 0.17087 0.16191 0.10199 -0.086205 -0.067531 0.24276 0.088173 -0.091302 -0.099482 0.016043 -0.17769 -0.3337 0.22496 0.1501 0.23986 -0.21786 -0.3134 -0.036426 -0.1733 -0.084553 0.14765 0.036758 -0.024531 -0.16489 0.45228 0.10583 0.19132 0.29375 0.11764 0.1657 0.10453 0.11706 0.2692 0.17229 0.16871 0.051789 0.091825 0.058336 0.22163 0.054854 0.082187 -0.11675 0.055959 0.032805 -0.10296 -0.22566 -0.020121 -0.10107 0.19709 0.21418 0.17404 0.19387 -0.085952 0.0051866 0.25852 0.24274 0.035051 -0.15774 0.074062 0.068773 0.12468 -0.023638 -0.16717 0.0028279 -0.0098726 0.0024577 0.062352 0.107 0.17598 -0.14636 -0.13463 0.069965 0.0026902 -0.031619 0.025311 -0.041174 0.23688 0.12792 0.32174 0.031703 -0.078999 -0.087295 -0.19774 -0.086292 -0.3462 -0.29522 -0.17834 -0.25267 -0.33382 0.098665 -0.24187 0.10364 0.095219 0.013116 0.037305 0.10639 -0.032957 0.055074 -0.10733 0.14184 -0.036883 0.31214 0.041979 0.20852 -0.035637 -0.28173 0.47036 -0.16968 -0.45847 -0.37133 0.173 0.073455 0.35278 0.051516 0.012677 -0.009344 -0.068272 0.022973 -0.28423 -0.11363 0.14918 0.013418 -0.25268 -0.26452 -0.23314 -0.15832 -0.057754 -0.064815 0.055618 -0.016304 -0.76036 -0.0096185 -0.00077949 0.03118 -0.074869 0.16827 0.44063 0.077842 -0.11599 -0.085926 -0.14933 -0.057055 0.020563 -0.0016564 0.05446 -0.13726 -0.042368 -0.1222 -0.33452 -0.16749 -0.036596 -0.30973 -0.026325 -0.068247 -0.10488 -0.2288 0.11161 0.13529 0.2081 0.17214 0.045915 0.00078773 0.10579 0.14975 -1.2674 0.0077721 -0.44502 -0.21018 -0.10414 -0.25529 -0.1279 -0.013397 -0.023914
0.10594 0.030116 0.018689 -0.11554 -0.17446 -0.13969 -0.11617 -0.023633 0.0086784 -0.17716 -0.015123 0.1019 0.019488 0.13992 0.045706 -0.016871 -0.034047 -0.098139 0.1876 0.099013 0.059439 -0.017524 -0.085913 -0.12153 -0.034852 -0.11692 -0.10458 -0.15238 0.094917 -0.13431 0.017645 -0.014391 -0.03588 -0.086545 -0.10329 -0.10369 -0.091951 0.048311 0.0020529 0.10084 0.19213 0.25225 0.26933 -0.0079261 -0.026723 0.15246 0.13218 -0.013554 0.0058485 0.093167 -0.036443 -0.089368 -0.23569 -0.18228 -0.16584 -0.12081 0.16189 0.092997 -0.015347 0.06343 0.030086 0.014318 -0.01344 0.026801 -0.00964 -0.039114 0.067974 -0.07412 -0.075021 -0.24366 -0.25003 0.11865 0.019362 -0.16427 -0.048995 0.078408 -0.12476 -0.21464 -0.038032 0.10328 0.12945 0.054532 -0.15558 -0.14303 -0.12999 -0.087485 -0.10894 -0.0038506 0.10785 0.062 0.096699 0.20331 -0.00097092 -0.061359 -0.12943 -0.14027 0.15049 -0.052449 -0.15097 -0.076865 -0.061106 -0.30392 -0.045862 0.019566 -0.0072042 -0.038901 -0.086966 0.11088 0.04707 0.14046 0.093409 0.031022 0.022551 -0.21953 -0.16999 0.020103 0.071741 0.071012 -0.029321 -0.1598 -0.21679 -0.14369 -0.34078 0.012529 0.0028904 0.0032813 -0.095108 -0.23206 0.1658 -0.05459 -0.0028807 0.13509 0.085405 0.23167 0.15105 0.077548 -0.051523 0.22702 0.18514 -0.02983 0.063445 0.11082 -0.092791 0.15387 -0.028472 0.21289 0.067573 0.079596 -0.14913 0.15421 -0.067234 -0.094441 0.22573 -0.0084468 0.023598 -0.073013 -0.17278 0.043295 -0.043604 0.098371 0.11094 0.1028 -0.03649 0.12338 -0.11271 -0.21526 -0.20216 -0.09363 -0.1464 0.038319 0.06684 0.032808 0.03956 0.058665 0.0273 -0.1045 -0.37582 0.089317 -0.094085 0.035053 -0.046015 0.068578 0.19613 0.17153 0.087423 -0.1361 -0.23018 -0.11703 -0.2818 -0.13404 0.05725 0.16922 0.060393 0.16361 0.11997 -0.016744 0.12586 0.064905 0.056996 0.13972 0.21617 -0.015518 0.16558 0.13277 0.42542 -0.081891 0.26755 0.17978 0.091833 0.2437 -0.10246 -0.27739 0.33984 0.11065 0.05844 0.027571 -0.18912 -0.058415 -0.36103 0.093915 -0.030936 -0.0046458 -0.19333 0.056262 -0.021734 -0.16336 0.065426 -0.21366 -0.15861 -0.28273 -0.2419 -0.046671 -0.081856 -0.095534 0.080688 -0.2077 0.071329 0.094957 0.2023 0.027298 -0.13341 0.16483 -0.066172 0.21151 0.12673 -0.15029 -0.1087 -0.11488
-0.10293 0.093296 -0.082905 0.14312 0.13638 -0.1127 0.11405 0.14457 0.13984 0.094798 -0.028636 0.0090994 0.053416 -0.13651 -0.12966 -0.098469 -0.022138 -0.05481 -0.0086258 0.11755 -0.092985 -0.13365 0.12915 0.0064872 0.052646 0.06879 0.1544 -0.050848 0.10845 0.017208 -0.091567 -0.0070537 0.028597 -0.044065 0.022902 0.14783 0.033557 -0.00075014 -0.091102 0.14223 0.076747 0.033425 -0.14609 -0.058085 -0.090034 0.092764 0.038204 -0.13151 0.13045 -0.098975 -0.09541 0.10733 -0.038213 -0.12845 0.14355 0.043797 0.039002 -0.090093 0.13055 0.067749 -0.048594 -0.1608 0.003036 0.085266 -0.026653 -0.14722 0.066643 -0.034119 -0.015167 0.13116 -0.10647 0.017884 -0.069837 0.13153 0.1261 0.02123 -0.042752 0.072335 0.16948 0.14136 -0.13323 0.11631 -0.021214 0.042593 0.11077 -0.083911 0.050699 -0.12514 -0.0087003 -0.041809 0.029215 -0.13835 -0.057664 -0.019516 0.0013948 -0.14086 -0.067423 -0.029853 0.143 0.083603 -0.067963 -0.094254 -0.024664 0.15836 -0.099423 -0.076252 0.070183 0.026654 -0.095672 0.058475 -0.062983 0.045932 -0.01933 -0.12353 0.13022 -0.14712 0.15075 -0.017674 0.11657 0.077121 0.076414 -0.0022715 0.026739 0.050627 -0.067626 -0.022972 -0.078645 0.057343 0.030597 -0.0054245 -0.11986 -0.084142 -0.13145 -0.11169 -0.11245 -0.036079 0.15581 -0.1187 0.058535 -0.011886 0.10315 -0.067567 0.048226 0.13041 0.067347 -0.077944 0.086584 0.062338 -0.061689 -0.06476 0.034575 0.12329 -0.16855 0.048087 -0.0134 0.045663 0.053045 -0.020709 -0.0055918 0.11234 -0.11282 -0.12675 0.10637 -0.046036 0.14787 -0.01059 0.10493 -0.14244 0.011684 0.063242 0.097763 -0.039343 -0.12461 0.031151 0.15082 0.0080839 0.14423 -0.086229 0.054574 0.11586 -0.13018 0.055648 -0.023245 -0.01656 -0.075232 0.013128 0.069509 0.00010496 0.042379 0.022154 0.075276 -0.00094977 0.082719 0.10352 0.061918 -0.03866 0.015195 0.058055 -0.061032 -0.090748 -0.1049 -0.10303 0.12316 0.0082598 -0.035163 -0.11085 -0.049633 0.079521 0.1371 -0.092689 -0.06917 -0.13293 -0.14901 0.10071 -0.064638 0.048277 -0.047397 -0.15543 -0.099451 -0.0032674 -0.017378 -0.078631 0.078883 -0.026687 -0.080384 -0.12308 -0.076078 0.08975 -0.0295 0.070871 0.011975 0.13262 0.015288 -0.016549 0.0033838 0.15919 0.15046 0.074826 0.05624 -0.12051 0.099331 0.086462 -0.11974 0.075602 -0.18757 0.044472 0.086616 -0.020218
0.13362 0.05883 -0.11037 -0.2476 0.033858 -0.034808 -0.0084974 0.14585 -0.052709 0.051032 0.0091511 0.15358 0.0052551 -0.079942 -0.18347 -0.12019 -0.16704 -0.24713 -0.14993 -0.16953 0.047142 0.12682 0.023438 0.49577 0.15212 0.067032 0.065439 0.057328 0.044089 0.29226 -0.041853 0.24711 -0.055854 -0.0012688 -0.10167 -0.03371 -0.42159 0.11073 -0.006976 0.096872 -0.10733 0.12723 -0.08279 -0.15964 -0.23636 -0.17454 -0.32496 -0.32474 -0.039398 -0.2266 0.060234 0.20609 0.359 0.09541 0.044877 0.043115 -0.0024081 -0.067717 -0.11706 0.13874 0.076014 0.19324 0.099585 0.059106 0.10734 0.027796 -0.10454 -0.060229 0.034805 0.002743 -0.16962 0.098508 -0.031865 0.08324 0.04949 0.083974 0.27646 0.3285 0.15981 0.04158 -0.048508 0.043187 0.35559 0.3275 0.23039 0.28561 -0.0047536 0.12419 0.0528 -0.016218 0.098089 0.016473 0.063401 -0.08862 0.055648 -0.1329 -0.034845 -0.11428 0.0083487 -0.31342 0.053038 -0.079567 0.034958 -0.22449 0.04531 -0.12413 -0.067277 -0.11618 -0.36267 -0.17991 -0.1714 -0.175 0.0063961 0.0064962 0.094705 0.28045 0.15833 0.21913 -0.0095023 0.26538 0.20049 -0.011687 0.064002 -0.16949 0.046755 0.046917 -0.20549 -0.11826 0.055398 0.15717 0.38212 0.005724 0.16229 0.065132 0.16511 0.16539 0.12203 0.36634 0.22711 0.29923 0.086722 -0.0049116 -0.10673 -0.36406 -0.24663 -0.24655 -0.10473 0.31391 0.33922 0.462 0.11424 -0.048753 -0.35338 -0.23002 0.14562 -0.11316 0.10624 0.015907 0.28822 -0.090108 -0.18042 -0.10937 0.28806 -0.15752 -0.14709 -0.051122 -0.21294 0.25185 -0.15791 -0.20665 -0.093123 -0.32177 -0.30094 -0.56932 -0.28346 -0.17659 -0.1427 -0.13577 0.1606 -0.008882 0.064978 0.13152 0.15015 -0.065429 -0.29044 -0.044534 0.08135 -0.11996 -0.071987 0.16662 -0.11869 0.11724 0.4308 0.29728 0.015736 -0.162 -0.11287 0.028771 -0.23402 -0.09523 0.0463 -0.14407 0.26575 0.12868 0.53452 -0.16054 0.34659 0.038969 -0.039997 -0.065879 0.2968 0.21732 0.1841 0.29866 0.21371 -0.12709 0.060279 0.09524 -0.057852 0.013075 0.16899 0.16477 0.24398 0.19559 0.17946 0.3072 -0.1147 -0.12166 0.12865 -0.17596 -0.32668 -0.37888 0.017853 0.0063909 -0.24454 -0.24088 -0.27767 -0.061855 -1.4235 1.1099 0.16928 0.080927 -0.037289 0.10983 -0.31377 -0.086738 0.28204 -0.18555
-0.073834 0.0021939 0.045376 0.18457 0.17401 0.1429 0.22492 0.043897 -0.019923 0.093674 -0.064485 0.050709 0.051222 0.054265 0.21505 0.053298 -0.06474 -0.081385 -0.042581 -0.081492 -0.19658 -0.076152 -0.14707 -0.19638 -0.10395 -0.13127 -0.043616 0.2422 -0.050249 0.093918 -0.058484 -0.033626 0.20462 0.22286 -0.10906 0.14003 -0.2181 -0.15894 -0.12193 -0.15566 0.082773 -0.099379 -0.037072 0.092619 -0.065045 0.12295 -0.23851 -0.05719 -0.24066 -0.037433 -0.13997 -0.015688 0.1162 0.09731 0.10694 0.20117 0.078454 0.13469 0.032925 -0.054818 -0.047109 0.058457 0.15143 -0.016917 -0.074763 -0.17327 0.083643 -0.083815 0.075024 -0.19661 -0.021858 0.090993 0.084087 0.0060784 -0.1424 0.037353 -0.29392 -0.21764 -0.013303 -0.10386 -0.12919 0.080366 -0.14368 0.021969 -0.017304 -0.17547 0.039256 -0.13224 0.027898 0.10513 -0.079822 -0.046467 -0.16928 0.069083 0.13679 0.025155 0.2908 0.13108 0.099637 -0.072813 -0.13331 -0.091968 -0.1337 -0.017122 -0.089898 -0.009545 -0.13604 -0.06996 -0.15788 -0.069216 0.028706 -0.076363 0.0059576 0.0051901 0.035279 0.28366 0.16164 0.16259 0.029347 0.071362 -0.38939 0.12857 -0.088729 -0.11606 0.050208 0.059141 -0.058174 0.20603 0.36182 0.13877 0.13497 0.11876 0.065957 -0.050928 0.34306 0.31705 0.10124 0.28239 -0.051067 -0.0020801 -0.038277 -0.035651 0.1068 0.0011456 -0.056307 -0.053113 -0.054641 -0.0017351 0.10106 -0.11688 0.062514 0.11778 -0.22247 -0.17044 -0.141 -0.19801 -0.091027 -0.058832 -0.09985 -0.15946 -0.042056 -0.021466 0.12581 -0.096801 0.28536 0.14945 -0.062643 -0.15878 -0.15241 -0.14948 0.12056 -0.2209 -0.16534 0.0064528 -0.025768 -0.058253 0.29118 -0.14676 0.15575 -0.18282 -0.19127 0.072321 -0.089072 -0.063514 -0.19276 0.17147 0.013409 -0.14618 0.072784 0.058934 0.16925 0.28794 0.22876 0.33544 0.11909 -0.19048 -0.0024906 0.092994 -0.072231 0.0078377 -0.058059 -0.024659 -0.095606 -0.13649 0.037362 -0.20286 0.17416 0.078996 0.17505 -0.078687 -0.0096792 0.041081 -0.25955 -0.025443 0.044497 -0.044506 -0.16773 0.18103 -0.011233 -0.17327 0.031375 0.024334 -0.23462 -0.10921 -0.018361 0.22704 0.016104 0.077983 -0.0179 0.17227 -0.12975 -0.014661 0.033628 0.23763 0.19254 0.27734 0.16332 0.019059 0.24252 -0.077575 -0.013513 0.20831 -0.10017 0.08879 0.167 -0.16387 0.25444 0.10199
0.0086785 -0.079881 0.12304 -0.12585 0.092792 0.070851 0.15892 0.15515 -0.13128 -0.15123 0.088969 -0.10482 -0.12768 -0.096472 -0.043306 0.025076 -0.067972 0.16139 0.036891 -0.0548 -0.023836 0.11578 0.13829 0.16838 0.04979 -0.094277 0.0037583 0.15607 -0.15503 0.10225 0.13077 0.05132 0.10701 -0.047382 -0.057927 0.1206 0.14309 0.11767 0.12051 -0.0071306 -0.038061 0.10556 0.039625 -0.023742 -0.14354 0.12663 0.11712 -0.025704 0.032603 0.16534 0.082541 0.041222 -0.09076 0.11265 -0.11194 0.12101 -0.10105 -0.094061 -0.058839 -0.15873 -0.1133 -0.13374 0.0026057 -0.16901 0.048489 -0.10374 0.021741 -0.034729 -0.10471 -0.011204 0.15436 0.080874 -0.0052841 0.12933 0.15067 -0.10371 0.047885 -0.036498 0.14033 -0.0041529 0.10063 -0.077236 -0.069692 -0.06216 0.052809 0.056381 0.1007 -0.069239 -0.076725 0.04296 -0.096037 0.016929 -0.1063 0.058484 -0.075943 -0.14462 0.13351 -0.07153 0.0043423 -0.0021636 0.13837 -0.013323 0.15641 0.042905 -0.085217 0.1051 -0.13724 -0.10861 0.14376 -0.10149 -0.019882 -0.091578 0.15292 -0.10867 0.010031 -0.031268 0.16418 -0.019766 -0.055017 -0.022484 -0.12779 0.087164 0.14591 -0.092595 -0.14159 0.17271 -0.030093 0.014141 -0.071239 0.027921 0.14778 -0.098167 -0.14225 -0.097025 0.12304 -0.17412 -0.0035314 0.055104 -0.039445 -0.091788 -0.094355 0.057715 0.042733 0.064525 0.069445 -0.043008 0.064332 -0.018277 0.096961 0.055144 0.093706 0.05879 0.0861 0.070582 0.019017 0.035352 -0.14774 -0.088016 0.051441 -0.16311 0.11264 -0.14679 -0.048049 -0.034652 0.092102 -0.0368 -0.0086415 0.15526 0.05094 -0.084767 -0.10103 -0.092456 0.018975 0.083056 0.074318 -0.077206 0.05213 0.09572 -0.11031 0.11658 0.079809 -0.016983 0.016155 -0.0043276 0.013573 -0.038714 0.096765 -0.073295 -0.089837 -0.12302 0.086303 -0.043183 0.014184 -0.12868 -0.081935 0.081589 0.026798 -0.012604 -0.048515 -0.03378 0.022017 -0.1067 0.038724 0.084915 0.026738 0.075556 -0.12259 -0.11151 0.06574 -0.10575 -0.1063 0.034985 -0.1199 -0.14631 0.066715 -0.12611 -0.074607 0.069983 0.12778 -0.11665 0.019034 0.13118 -0.010638 -0.18385 0.045019 0.021174 -0.021587 -0.031195 0.15248 0.031501 0.10604 -0.0094418 -0.05025 0.084466 0.15554 0.14204 -0.062054 -0.061631 0.0346 0.052573 -0.010032 0.0013829 0.025935 -0.045126 -0.15018 0.030551 -0.089498 0.012674
-0.01068 0.37912 0.10941 0.076353 0.045902 -0.020192 0.039324 0.015897 -0.29582 -0.0068551 0.039779 -0.20958 -0.21349 -0.19558 -0.13076 -0.25622 -0.22158 -0.13303 -0.17076 -0.20199 -0.18045 -0.10847 -0.18046 -0.23177 -0.089771 -0.060365 0.071925 0.17388 0.21858 0.10568 0.15104 0.11984 -0.10117 0.053473 -0.064059 -0.051517 0.07456 0.11813 0.054386 -0.0047556 -0.029039 0.070198 -0.12734 -0.039003 0.023376 -0.19832 0.11017 0.101 0.07173 0.11535 -0.091181 0.09029 0.050648 -0.11925 0.0061776 0.15391 0.23625 0.056762 -0.090204 -0.067826 -0.18971 0.029355 -0.23396 -0.16325 -0.06399 -0.089121 -0.067317 -0.0057242 0.05259 -0.28727 -0.27701 -0.21127 -0.195 -0.1281 -0.010936 -0.05154 -0.1005 0.0055146 0.10822 0.024459 -0.13107 -0.018826 -0.073263 0.02031 0.14452 0.12669 0.054145 0.021429 -0.046205 -0.28014 -0.14946 0.23355 0.0047172 0.15583 -0.14843 -0.1476 -0.083257 0.024743 -0.068365 0.1362 0.020443 0.19707 -0.18303 -0.005297 0.15094 0.15409 0.16165 -0.0036584 -0.20536 0.021295 -0.050898 -0.032403 -0.068325 -0.14241 0.064143 -0.093536 0.12158 -0.14262 0.1152 -0.30692 0.23077 0.091755 -0.15447 0.065085 0.029996 0.00038462 -0.13237 0.020199 0.152 0.08832 -0.018858 0.099503 -0.0025608 -0.11984 -0.10702 -0.16395 0.015692 0.17005 0.038191 0.020078 -0.032722 -0.13043 -0.02406 0.053302 -0.056645 -0.11179 0.13371 0.11139 0.11849 0.11846 0.049472 0.0078558 0.12288 -0.0024602 -0.17983 0.11544 -0.079286 -0.025257 -0.015511 -0.10961 -0.12601 -0.12269 0.10942 -0.030298 -0.18404 -0.18283 -0.17771 -0.10123 -0.28053 -0.11296 -0.1316 -0.3774 -0.1931 -0.20296 0.068314 -0.085586 -0.047293 0.27436 -0.071925 -0.10359 -0.019945 -0.11067 0.13154 -5.3506e-05 0.14487 0.15998 -0.10602 -0.23968 -0.20201 -0.14534 -0.12349 -0.057707 0.063256 0.032204 -0.0080449 0.010771 -0.012962 0.031799 -0.082772 0.164 0.072868 0.038106 0.017587 0.23827 -0.12029 -0.0094221 -0.024103 0.15166 -0.024886 0.12278 0.078246 0.33676 0.10308 0.023359 0.089093 -0.1534 -0.00038586 -0.19946 0.23488 -0.020399 0.12719 0.16371 0.1572 0.18305 0.086341 0.14759 0.19664 -0.12582 -0.084986 0.0081441 -0.063907 -0.10102 0.11712 -0.11784 -0.19094 -0.21369 -0.067007 0.093234 0.36999 0.12697 0.02026 0.3363 -0.040912 -0.016891 0.052552 0.10775 -0.12521 0.030922
-0.23866 -0.16854 0.063198 0.22689 0.058293 0.086391 0.22351 0.19331 -0.068738 -0.02037 0.12383 0.16024 -0.05883 0.008022 -0.14177 -0.2628 -0.27602 0.22787 -0.089904 -0.013402 -0.032066 0.01821 -0.29142 -0.26338 0.15551 -0.092683 0.065033 0.083218 -0.25934 0.018335 -0.1002 -0.010052 0.016702 0.10352 0.13758 0.0063767 -0.086896 -0.21526 -0.054831 -0.24513 -0.095356 0.1047 0.021779 0.24166 0.22392 0.2635 0.27611 0.26094 0.12446 0.031906 0.022355 -0.0993 -0.099532 -0.17289 -0.27304 -0.15268 -0.034814 -0.22462 0.15339 0.020735 0.28704 0.1046 0.14723 0.038181 -0.14772 -0.0156 -0.07198 0.42039 0.064958 0.33814 0.32491 0.25013 0.19239 0.10919 0.16965 -0.14983 0.070623 0.20678 -0.15242 -0.1064 0.028255 0.046153 -0.19496 -0.083159 -0.12702 -0.29052 -0.2056 -0.021341 0.1128 0.35351 -0.03094 -0.14724 0.15673 0.033405 0.041036 -0.041232 -0.047151 -0.078109 -0.0085043 0.056916 -0.13712 -0.21954 0.12303 -0.062295 0.14527 0.027357 -0.089971 0.022479 -0.053169 0.12018 0.16495 0.1511 -0.00044808 0.11417 -0.20119 0.0048787 0.0093484 -0.14618 -0.19502 -0.22835 -0.30978 -0.068973 -0.20469 0.32932 0.11839 0.17406 0.34919 0.008514 0.018677 -0.19915 -0.065909 0.061417 -0.097863 -0.23946 0.045972 -0.024888 -0.036359 0.36858 0.14794 -0.025328 0.32039 0.025307 -0.17604 0.22292 0.083326 0.54192 0.34823 -0.10865 -0.22791 -0.32979 0.031145 0.21428 0.24221 0.082762 -0.094352 -0.034647 -0.14386 -0.30329 -0.14953 0.0086801 0.09958 0.016568 0.16286 -0.020951 0.046248 0.24632 0.3647 0.33857 0.023922 0.16778 0.18071 0.44104 0.40158 0.47424 -0.075616 0.05173 -0.10593 -0.017171 0.088985 0.33966 -0.023706 -0.077896 -0.19041 -0.061847 -0.23027 -0.13457 0.028532 -0.054464 0.020512 -0.20994 0.018502 -0.018296 -0.0087757 0.045635 -0.23597 -0.077295 -0.13532 -0.081945 -0.021536 -0.063717 0.020647 -0.05651 -0.035497 -0.036781 0.25724 0.047585 -0.063237 0.20039 -0.11596 -0.089463 -0.0028504 -0.19456 0.16591 -0.055733 0.062641 -0.028575 0.24924 0.0093293 -0.22455 -0.22532 -0.18262 -0.11295 -0.087634 -0.0057706 -0.16928 -0.34778 -0.12909 -0.28946 -0.17117 0.027867 0.37203 0.042218 0.0666 -0.09091 0.23781 0.071053 0.29095 -0.18491 -1.2147 0.1315 -0.23357 -0.23299 -0.19084 -0.16337 -0.22908 0.0077328 -0.036175 -0.2045
-0.10609 0.13571 0.10138 -0.039467 -0.020789 0.076889 0.12361 -0.12748 0.086642 -0.089317 -0.10048 0.129 0.12421 -0.018542 -0.1327 -0.0057003 -0.10161 0.12894 -0.12043 -0.0059078 -0.15442 0.10816 -0.085513 0.14267 0.009982 0.14413 3.5773e-05 0.060088 0.11081 -0.091552 -0.061508 -0.088241 -0.079001 -0.087987 0.14448 -0.10852 0.042411 0.14655 -0.12515 0.12143 0.069278 0.0048871 0.14496 -0.056351 0.10857 0.090067 -0.017008 0.072132 -0.081223 -0.075322 0.13222 -0.060458 0.016139 0.15198 0.13206 -0.083763 0.010739 0.069746 0.10144 0.071384 0.084376 -0.1293 0.085473 -0.095953 0.10355 0.14138 -0.024201 0.1349 -0.086699 0.051142 0.019595 0.07974 0.072758 0.050345 -0.06979 -0.13728 -0.10907 0.13781 0.12057 -0.10187 0.056208 -0.05346 0.14296 0.02806 0.13316 0.1557 -0.08664 0.035834 -0.1361 -0.05079 -0.10878 -0.10564 0.14188 0.10627 -0.10046 0.12523 -0.13724 -0.086267 0.03511 0.10698 -0.025362 0.096197 0.12989 0.066152 0.060442 -0.10614 0.13241 0.07778 0.022529 0.11234 -0.1584 0.10801 -0.014716 0.12921 -0.0695 0.062506 -0.069404 -0.019001 -0.017106 0.04991 -0.033513 -0.012129 0.047769 -0.072048 0.091208 0.063686 -0.079924 -0.067573 -0.073592 -0.095609 -0.095877 0.0035404 -0.057651 0.12985 0.025063 0.093065 0.041476 0.024976 -0.0012765 -0.013703 -0.1027 0.14108 -0.10876 0.14973 0.03939 0.033494 -0.062458 0.035936 -0.00976 0.072853 -0.059815 0.07801 0.011924 0.033611 -0.034747 0.0057051 0.082005 -0.13883 0.14139 0.048335 -0.028325 -0.016015 0.12603 0.021675 0.061551 0.019659 -0.10712 0.039427 -0.10597 -0.011047 -0.060583 0.12233 0.095516 -0.074736 0.055547 0.099081 0.043903 0.0083306 0.011564 -0.090276 0.13689 0.032937 0.070297 0.11416 0.05149 0.12122 -0.14163 0.12169 -0.11295 0.021919 -0.072021 0.14524 -0.058766 -0.077947 0.090383 -0.057777 -0.093216 -0.082854 0.086639 -0.072591 0.017922 0.10575 0.026052 0.092995 -0.12429 0.090831 0.13988 -0.13957 0.14268 -0.074719 -0.020792 0.11363 -0.14314 -0.037586 -0.030246 -0.022117 -0.025723 0.055384 -0.012687 -0.014952 0.13259 -0.040667 0.095873 -0.021361 0.032103 -0.15022 -0.12357 0.044368 -0.018861 -0.089687 0.10419 0.12223 -0.056707 0.069351 -0.0078821 -0.077425 -0.0017982 -0.12548 0.03315 -0.083555 0.16439 0.060707 -0.0098459 0.064404 -0.05274 0.17094 0.080865 -0.0064837
-0.01802 -0.080277 0.15334 0.10703 -0.17804 -0.21144 0.066583 0.17652 0.46536 0.12038 0.11846 0.34428 0.26438 0.29524 0.23016 0.11943 0.25394 0.096328 0.13174 0.20671 0.057005 -0.18688 0.015816 -0.12393 -0.014328 0.15616 -0.051877 0.0093568 -0.27737 -0.078299 0.020738 0.12951 -0.10943 -0.012294 0.26471 0.090734 0.16013 0.11091 0.23272 0.29111 0.15424 -0.051331 -0.1406 -0.097257 -0.12345 0.11666 -0.057554 0.048971 0.045736 -0.025187 -0.058533 -0.15139 -0.1436 0.044312 -0.0010448 0.1272 -0.18451 0.018414 -0.059104 0.13579 -0.019999 -0.051155 0.051068 -0.15241 -0.013936 0.013279 -0.078382 -0.093619 0.038153 -0.089728 0.085973 -0.10068 0.054319 -0.15394 0.058607 0.075138 -0.10446 -0.086506 -0.16932 0.068279 -0.0073107 -0.04443 0.13717 0.092575 0.023574 0.11451 0.050762 -0.18157 -0.10453 0.042639 -0.097786 -0.083345 -0.06426 0.057668 0.016887 0.099918 0.12339 0.16183 0.019301 0.040633 0.059075 -0.057192 0.11597 0.14331 -0.039191 0.052254 0.039309 0.076856 -0.02089 0.15887 0.13856 0.078275 0.13498 0.20922 -0.11323 0.078404 -0.061307 -0.013573 0.2265 0.47333 0.0084674 0.19508 -0.22582 -0.16504 -0.13866 0.014175 0.07447 -0.22943 0.13778 -0.033283 0.043321 0.20945 -0.20627 0.075018 -0.13862 0.029444 -0.069009 -0.045136 -0.11524 -0.14395 -0.023692 0.15828 -0.060008 0.15477 -0.037471 -0.025828 -0.34752 0.16088 0.014387 0.27065 0.11662 0.20284 0.2551 0.036123 -0.15766 0.00055845 -0.124 0.23359 -0.15232 0.12653 0.11024 -0.12 0.032614 0.087251 -0.15153 -0.17403 -0.38951 -0.081348 -0.14265 -0.24384 -0.12928 -0.15217 -0.28775 -0.15152 -0.15568 0.065908 0.13214 -0.014448 0.28846 0.28209 -0.11127 -0.051942 -0.090152 0.033325 -0.29863 -0.12539 -0.1447 -0.1143 -0.12189 -0.10056 -0.19183 -0.12784 -0.086377 0.016354 -0.18463 -0.10252 -0.19954 -0.18703 -0.1448 -0.20296 0.013929 -0.029288 -0.22349 -0.14088 0.082288 0.10313 -0.0023145 -0.20431 -0.21626 -0.13722 -0.087258 0.13546 0.3183 -0.020709 0.31885 0.14106 0.14163 -0.11863 0.053575 -0.061171 -0.049074 -0.18081 0.080544 -0.14078 -0.0084619 -0.21176 -0.017334 0.0023343 -0.044846 -0.13684 -0.075793 0.025343 -0.11451 -0.032101 -0.17048 0.10965 0.064768 0.076751 -0.39839 0.38949 0.10349 -0.1271 0.070727 -0.045814 -0.052159 0.016945 -0.016323 -0.052264
0.094127 -0.024486 -0.13161 -0.10269 0.021914 -0.016767 0.08293 -0.10714 0.043763 0.02895 0.056821 -0.10565 0.040095 -0.066497 0.045547 -0.13294 0.093843 0.0034326 0.12246 0.11903 0.0020678 -0.1276 -0.031611 0.040148 -0.10458 0.046764 0.033221 -0.012498 -0.0087406 -0.14583 -0.051701 0.087012 0.11526 -0.0068184 0.12787 0.15463 -0.10726 0.13075 -0.063034 0.0075131 0.098239 -0.011522 0.10239 -0.040688 0.085513 -0.019124 0.11267 -0.041121 0.1099 -0.029698 0.045453 0.10346 -0.086466 -0.13185 -0.10632 -0.012677 -0.0005111 -0.093936 0.060011 -0.02677 0.068355 -0.076978 0.13258 0.060924 0.053771 0.082122 -0.14476 -0.019481 0.059355 0.010176 -0.002915 0.065109 -0.028288 -0.088676 0.06387 -0.089805 0.12889 0.087658 -0.13634 -0.001478 0.1537 -0.13827 0.14785 0.0073299 -0.10827 -0.10317 -0.083707 -0.10746 -0.13221 -0.10593 -0.09353 -0.12196 -0.15072 -0.13114 -0.14392 0.0096028 0.096198 0.10467 -0.028787 0.073048 0.14651 -0.11283 -0.088365 -0.068814 -0.10001 -0.012303 0.070885 -0.032714 -0.096691 0.13578 -0.024031 -0.11332 0.055865 -0.081517 -0.08602 0.0070679 -0.11929 0.055712 -0.010924 0.036094 -0.080871 -0.085845 0.037781 -0.074166 -0.02896 0.15019 -0.022142 -0.10753 0.11932 -0.074802 -0.055717 -0.12635 0.07335 0.049742 0.034748 -0.12644 -0.11089 0.087948 0.086899 -0.12828 0.107 0.093281 -0.039341 -0.054715 0.1162 -0.059107 0.039645 -0.013819 -0.084859 -0.13172 0.13391 0.086726 -0.061532 -0.10575 -0.10604 0.048177 -0.12281 0.14594 0.10574 -0.030374 -0.091904 0.14921 0.086543 0.14092 0.072917 0.0082728 0.10879 0.12763 0.054009 0.11403 -0.10611 -0.079264 -0.073915 0.145 0.0053508 0.017328 -0.080769 0.052539 0.055806 -0.13217 0.12565 0.062504 -0.13868 -0.085468 0.035736 0.073913 0.1505 0.045262 0.09757 -0.049677 -0.060951 -0.11273 -0.10304 -0.14537 0.10347 -0.077866 -0.0081827 0.073191 0.018308 -0.14096 0.062555 0.012364 -0.10403 0.09948 -0.098879 -0.065632 -0.017812 0.13439 0.15095 -0.079723 0.11723 0.031627 -0.077473 0.13794 -0.070297 0.031804 0.095008 0.088659 -0.074374 0.016466 0.058088 -0.082507 0.14255 -0.096271 0.037433 0.082325 0.08143 -0.13107 0.11609 -0.043895 0.14283 -0.11022 -0.10322 -0.13544 -0.042706 0.12905 0.037904 -0.061266 0.032784 0.057879 0.024576 -0.10425 0.13748 -0.11265 0.10248 0.086463 0.12805 -0.037586
-0.084512 0.14199 -0.12186 -0.016556 -0.069409 0.061845 -0.098529 0.098686 -0.099778 0.066719 -0.11057 0.11681 -0.066511 -0.14325 -0.11998 -0.037936 0.066748 -0.16062 0.1239 -0.01709 -0.029184 0.051299 0.14058 0.14602 -0.0058413 0.020749 0.030914 -0.12192 0.046306 0.044858 0.050717 0.068133 0.023017 0.056545 0.068535 0.043964 0.06021 -0.066628 -0.059815 0.052105 -0.065219 -0.088577 0.038192 0.10192 -0.10038 0.13735 -0.10705 0.099771 0.046948 0.050977 -0.054357 0.0033471 0.13717 0.1152 -0.0038776 -0.028824 0.14042 -0.034059 -0.026979 -0.056946 0.084785 -0.055494 0.11031 -0.046109 0.10065 0.079817 -0.060419 0.081579 -0.14518 0.080594 0.047846 -0.038113 0.090025 0.1025 0.034254 -0.13991 -0.091345 0.14172 -0.059688 -0.13361 -0.042798 0.076426 -0.026142 -0.048761 -0.066931 0.10143 -0.043561 0.13171 -0.13629 -0.053877 -0.00075582 -0.010935 0.11573 0.033667 -0.085396 0.02054 0.012564 0.091922 0.058928 -0.15182 0.085342 -0.1473 0.11403 -0.053317 0.018765 -0.082436 -0.0064974 0.055017 -0.00060449 0.12282 0.11364 0.1082 0.053649 -0.04591 0.12401 -0.083421 -0.15556 -0.11159 0.15506 0.14341 -0.056303 -0.066637 -0.054986 0.13657 -0.052667 0.11044 0.082703 0.082843 0.0030699 0.073754 0.13062 0.015425 0.020236 -0.045635 0.10885 0.13979 -0.027905 0.0044877 -0.097286 -0.11282 -0.052347 0.14322 -0.10437 -0.086908 0.056111 -0.057364 0.10415 -0.076039 -0.13572 -0.038239 -0.13061 -0.083266 0.027602 -0.034734 -0.10817 0.071146 -0.0029691 -0.043175 -0.14369 0.088495 0.044294 -0.042603 0.015818 0.10687 0.063916 -0.097057 -0.069363 0.068573 0.087963 0.011601 0.048712 0.06769 -0.14281 -0.12694 -0.091262 -0.066461 -0.036535 -0.057087 -0.01459 -0.099081 -0.00033532 -0.15078 0.087864 0.094518 -0.0063029 0.019258 -0.014889 0.12075 0.025998 -0.12629 0.012704 -0.042039 -0.066194 -0.16224 -0.084609 -0.082909 -0.14289 0.10933 0.090669 -0.041332 -0.033212 -0.077048 0.13869 -0.0068865 0.067051 0.13421 0.063805 -0.021236 0.047972 0.13127 -0.13031 0.029743 -0.051453 0.035175 0.025572 -0.12584 -0.13415 0.11502 0.05395 0.086409 0.1439 -0.044373 0.1271 -0.084572 0.053596 -0.14187 -0.15163 0.093055 0.022672 0.06126 0.1168 -0.081714 -0.12379 -0.091533 -0.13309 0.12773 0.042285 -0.12385 -0.15979 -0.036572 -0.053791 0.11438 -0.05445 -0.10227 0.12851 0.020652 0.0071923 0.16209
-0.14027 -0.13831 -0.068983 0.033966 0.062177 0.0056445 0.11608 -0.13653 0.1089 0.11257 0.10417 -0.093706 0.14152 0.12632 0.1215 -0.14262 0.056402 -0.12766 0.099678 -0.013873 -0.10787 0.11321 0.15773 -0.12397 -0.12297 0.071212 0.011105 0.12642 0.13814 -0.14855 0.00057051 -0.017975 -0.11316 0.066349 -0.11541 0.049698 0.11696 0.050068 -0.1403 0.057004 -0.048328 0.041283 0.060819 0.098606 0.037605 0.059321 0.038193 -0.078968 -0.026537 -0.0016693 -0.091983 -0.1185 0.11824 -0.11981 -0.0082721 0.11584 0.017316 -0.13326 0.02892 -0.055409 -0.046599 0.036259 -0.036537 0.046611 0.10778 0.074678 0.033199 0.011222 -0.1123 -0.016796 0.1347 0.013172 -0.13108 -0.027998 -0.077924 -0.033971 -0.0015097 0.044075 0.074094 0.10824 0.028181 0.061393 -0.069772 0.12875 -0.12155 0.15457 0.12374 0.012525 0.15034 0.13358 -0.074061 -0.10307 0.044629 -0.071629 -0.019769 -0.054334 0.12904 0.030711 0.026584 -0.11303 -0.14287 0.081081 -0.15144 -0.13796 0.076791 -0.1178 0.036881 -0.031775 0.02793 0.13451 -0.14201 -0.027606 0.016372 0.010589 -0.0068998 0.10671 -0.093444 -0.052247 0.033096 0.055112 -0.035757 0.10465 -0.089283 -0.10981 -0.051422 -0.051202 0.054539 -0.0096455 -0.033253 0.031488 0.1292 0.0094274 0.14931 -0.0019013 -0.016156 -0.0377 0.093904 -0.13433 -0.14112 0.050755 0.013684 0.12998 -0.029603 0.032224 -0.13284 0.093083 -0.057413 -0.14939 0.024174 -0.029491 -0.072485 0.042097 0.060098 0.025991 0.099391 -0.1326 0.072888 0.014492 0.092929 0.14959 0.023821 0.019712 0.13615 0.088837 -0.11448 -0.086509 -0.024905 -0.12642 -0.0086004 -0.041832 0.03139 0.0021989 0.1297 -0.069517 -0.080643 -0.014101 0.10078 0.019565 -0.086412 0.090988 0.14426 -0.016178 -0.073452 0.013186 0.039738 0.010525 -0.13529 0.12783 -0.14969 0.10506 -0.013447 0.13772 -0.059671 -0.0079763 -0.073818 -0.15056 0.078001 -0.047304 0.071719 -0.13738 -0.099803 -0.048801 0.13608 -0.14439 -0.10464 0.042378 -0.011205 -0.12175 0.13522 0.11841 -0.15286 0.031487 0.1408 -0.054031 -0.056005 0.011643 -0.020916 0.092756 -0.14918 -0.13744 -0.1222 -0.091027 -0.041169 -0.11528 0.11732 0.050204 0.10452 -0.031095 -0.038792 -0.0097034 -0.13505 -0.094066 0.15152 -0.062532 0.029224 0.01091 0.049971 0.088311 0.087999 0.14673 -0.13447 -0.15353 0.0973 0.053237 -0.061485 -0.041468 -0.017765 0.067713
2.1335 -0.016478 0.38383 -0.59109 1.1992 0.69976 -0.0577 0.30009 1.5538 -1.3488 0.74677 -0.93872 -0.099029 1.0328 -1.6746 -1.2091 -0.90824 0.93748 -0.26392 0.77 -0.98982 -1.8127 1.1649 -0.12193 -2.122 0.79939 -0.21696 1.1075 -1.4662 -0.26064 -1.1246 0.052386 -0.13168 -0.076713
-1.769
-1.3223
1.2648
-1.1801
-1.0337
0.94428
0.89261
-0.82957
0.6185
-0.47352
0.49412
0.66406
-0.4063
0.17944
0.42832
0.10752
-0.071626
0.054156
0.12681
0.1774
-0.27521
0.56365
0.49077
-0.59247
0.63593
-0.7611
0.79643
-1.0757
-0.76222
-1.1116
1.063
1.2349
-1.359
-1.4235
0.27496
t a n s i g
t a n s i g
