248 16260
37 248
1 37
37 1
1 1
315.34 216.74 284.33 187.07 163.37 236.13 369.27 320.37 156.01 36.169 38.002 84.798 42.14 69.913 23.183 56.506 37.094 50.486 60.771 39.97 53.038 30.566 47.836 46.613 55.273 30.679 23.27 324.37 373.56 353.63 394.96 244.98 227.74 280.69 496.33 425.54 131.9 34.685 37.803 64.178 43.513 58.446 33.671 43.318 34.378 44.536 47.841 37.541 43.069 27.374 43.12 39.823 67.756 28.914 35.208 405.93 839.17 510.79 160.39 176.69 60.256 26.194 66.55 38.942 200.78 184.77 38.194 12.586 10.424 135.16 65.333 64.134 24.662 41.348 34.834 13.958 48.576 64.646 35.668 43.599 28.987 32.76 21.233 26.717 10.568 11.355 329.73 92.483 212.55 403.41 217.99 283.35 284.98 306.53 191.51 243.28 251.87 466.34 359.04 108.15 34.473 22.551 54.756 35.004 48.983 28.645 37.748 27.358 35.457 40.595 30.673 36.316 21.83 34.894 31.179 52.653 25.264 27.607 373.59 360.35 384.99 312.47 274.7 331.74 226.03 308.38 309.14 197.44 49.459 45.719 115.26 45.331 64.752 50.27 51.804 46.767 61.823 69.666 49.153 67.219 38.583 43.696 33.939 56.023 48.658 56.021 325.69 455.74 472.15 391.11 239.75 357.93 291.03 534.27 439.27 151.63 38.902 48.889 123.42 29.889 67.503 40.028 62.951 41.734 54.155 56.675 43.758 54.007 37.196 48.059 30.573 76.201 51.523 84.712 465.39 864.25 614.83 285.98 262.74 104.76 39.329 82.752 56.077 234.2 288.53 35.668 16.858 18.723 127.72 54.377 102.9 28.934 67.431 59.647 13.74 26.62 42.521 47.004 76.765 52.94 58.4 35.008 38.803 23.658 28.134 396.68 132.57 382.73 387.27 208.08 372.56 493.15 310.29 185.42 290.6 281.31 532.05 322.93 137.53 32.802 34.513 82.129 26.866 58.582 33.281 40.019 34.257 51 54.982 52.348 54.853 42.246 47.265 31.266 67.238 47.959 68.869 452.29 0.087403 0.60691 0.97853 0.15786 1.1639 0.17192 0.084047 0.53668 0.14292 0.47967
2210.1 1560.5 1219.6 1100.8 1143.1 947.17 1277.3 1134.8 813.16 282.43 301.63 518.44 320.54 465.34 337.81 430.96 310.45 356.09 429.08 304.84 363.41 247.99 381.44 318.94 586.36 326.36 405.12 1685.4 2130.7 1491.7 1202 1098 1156.2 1034.3 1723.8 1140.9 576.72 199.21 229.73 362.61 223.19 355.16 209.73 318.52 209.4 323.11 362.39 259.69 316.53 209.22 326.88 267.75 446.84 256.66 313.18 2258.6 3586.3 1265.7 1159.7 796.1 548.95 379.19 323.15 418.33 816.59 601.87 348.26 162.67 173.57 933.36 411.85 335.84 201.2 361.26 247.36 193.17 227.27 370.39 222.75 321.19 225.42 250.95 180.86 221.03 105.11 108.67 952.07 594.33 1300.1 1718.5 1091.4 2163.6 1504.6 1236.9 1121.7 1299.3 1105.9 1901 1297.8 540.73 199.71 243.12 333.76 244.06 381.56 250.42 328.69 275.32 321.51 421.08 341.46 369.59 252.74 336.92 282.8 473.08 267.48 365.45 2607.9 1993.9 1445.3 1139.9 1023.6 1098.4 882.22 1641 1281.4 748.79 241.79 254.32 501.9 257.13 379.08 279.98 357.06 267.12 356.87 394.87 277.28 353.89 259.77 311.86 277.64 454.21 324.42 662.94 2041.9 2009.3 1310.8 1050.4 937.8 1061.6 906.97 2212.2 1336.3 540.4 189.31 197.23 314.71 189.84 254.55 184.76 256.3 197.01 235.9 292.97 253.9 264.98 202.27 218.03 162.83 283.84 219.59 424.61 2759.7 3664 1232.2 1069.7 818.74 527.92 362.08 312.04 370.26 975.62 658.39 319.42 136.77 146.05 855.58 372.94 334.63 196.26 357.54 242.4 161.19 170.5 261.43 176.75 273.58 199.47 250.48 140.96 206.08 123.5 161.67 1105.6 583.1 1169.7 1616.9 1014.5 2040.6 1378.1 1094 1001.8 1144.3 950.53 2623.5 1561.5 582.05 192.09 197.76 320.76 196.14 251.39 224.96 270.41 202.63 255.21 328.5 290.79 368.26 247.54 244.85 196.03 327.37 228.06 466.81 3248.4 1.6477 11.441 11.898 1.8633 6.9971 2.0847 1.0219 6.3347 0.85914 5.8168
0
0.46607
-0.19775 0.10828 0.11045 -0.17733 -0.12225 -0.14327 0.17801 -0.02266 0.14503 0.047829 0.040493 0.018857 -0.072241 0.043088 -0.075461 -0.0020232 0.021901 -0.011574 0.19911 0.14903 0.20352 0.11323 -0.088615 -0.079733 0.068536 -0.042269 -0.13541 -0.06982 -0.1641 -0.017517 0.02239 -0.15597 -0.2269 -0.1687 0.11952 -0.0022442 0.066756 -0.061995 -0.10905 0.08539 -0.068211 0.27114 0.01022 0.16081 0.11496 -0.024685 0.21829 0.11641 -0.006047 0.16679 -0.03021 0.034667 -0.16006 -0.068162 0.12004 0.20837 -0.010769 -0.010867 -0.15859 -0.1827 -0.24061 -0.11654 0.072988 -0.2228 -0.26583 -0.14847 -0.15619 -0.15362 -0.16115 -0.12445 -0.13256 -0.046408 0.11042 0.074916 0.13247 -0.09996 0.009941 0.017773 -0.082824 -0.015087 0.052455 0.090273 0.0083745 0.018841 0.24563 0.10506 -0.20055 0.17758 -0.096887 -0.11055 -0.21177 -0.031658 0.0092389 -0.012304 -0.10916 -0.081929 -0.013977 -0.040629 0.043623 -0.08378 0.12467 0.0401 -0.082229 -0.059381 0.08947 0.055723 0.22259 -0.025676 0.086805 0.18094 0.032277 0.063548 -0.03369 -0.010128 -0.11026 0.04214 0.029693 0.082956 -0.021811 -0.10573 0.15646 0.27315 -0.021641 0.038625 0.032345 0.024996 -0.1045 -0.072711 -0.028279 0.1395 0.086215 0.057628 0.046259 -0.076871 0.17998 -0.0036106 -0.03079 -0.1238 -0.11794 0.14835 0.1189 0.2411 0.12037 0.10763 -0.069058 -0.075751 0.15264 0.1575 0.15007 0.052351 0.045689 0.061881 -0.057227 0.12673 -0.0023946 -0.068425 -0.015267 0.0655 -0.0090851 -0.21479 -0.07103 0.15727 0.14698 0.093899 0.014568 0.068013 -0.063183 0.15981 0.17353 0.44004 0.053172 -0.058707 -0.055711 -0.081587 0.12854 0.19219 -0.12805 -0.087722 -0.17395 0.06621 -0.067307 0.35376 -0.092433 -0.34063 -0.20412 -0.073372 -0.072778 0.063341 -0.12033 0.23845 0.063675 0.14255 0.038573 0.075301 0.078804 0.07555 -0.082556 -0.11549 -0.13573 0.028575 0.071989 -0.01792 0.3028 0.28903 0.39 -0.05792 0.24903 0.12697 -0.14251 0.085226 0.081939 -0.033493 0.086716 0.17721 -0.11879 -0.13773 0.08145 -0.17202 0.16047 -0.094473 -0.12985 0.15602 0.21179 0.047942 0.20645 -0.053018 0.015777 0.1071 -0.14643 -0.096888 0.028046 -0.012117 0.092305 0.028683 -0.12478 -0.07988 -0.025079 0.083333 0.20706 -0.40266 0.15654 0.084902 -0.081825 -0.042112 0.41926 0.14508 0.26761 -0.07246
0.06272 -0.036523 0.17649 -0.076221 0.21093 0.082756 -0.020577 -0.053035 -0.17684 -0.22278 0.052274 -0.2096 -0.18085 -0.0078167 -0.14969 -0.006218 -0.087476 0.10287 0.13305 0.10149 -0.016951 -0.11139 -0.20456 -0.16038 0.063939 -0.22051 -0.20394 -0.17433 0.015954 0.26076 0.16858 0.011942 0.0088248 0.056104 -0.21452 -0.065955 -0.074525 -0.24135 -0.18125 -0.14285 -0.19495 -0.24418 -0.1668 0.057537 -0.10117 -0.14193 -0.092713 -0.057208 0.13166 -0.02835 0.072309 -0.1187 0.027544 -0.19462 -0.025738 -0.1627 0.043921 0.15227 0.19227 0.056257 0.043837 0.047999 -0.090082 0.22309 0.038186 -0.12951 0.055707 0.10153 -0.092579 0.095418 -0.044556 -0.13812 0.013351 0.067873 -0.20601 0.041805 -0.13811 -0.07242 -0.19345 0.012337 -0.020603 -0.19264 -0.047691 -0.17019 -0.17685 -0.14815 -0.048155 0.060671 -0.042232 0.1204 0.15548 0.060244 0.060735 0.1576 0.041687 0.076851 -0.15751 -0.034005 -0.2055 -0.095865 -0.073335 0.056344 -0.15099 0.067776 -0.029663 -0.093235 -0.065368 -0.043835 0.031037 0.028556 -0.096642 -0.058491 0.080944 -0.12689 0.011943 -0.0086071 -0.0092519 0.047865 -0.083069 0.1613 0.1679 0.22388 0.17446 0.20638 0.0051861 -0.077172 -0.046814 -0.14133 -0.24402 -0.055751 -0.1216 0.031901 -0.23304 -0.2772 -0.12528 -0.12976 -0.01095 0.18081 0.080905 0.21102 0.099361 0.031856 -0.14933 0.033529 0.086065 -0.18814 -0.12489 0.041169 0.033512 0.22733 -0.025149 0.019093 -0.027443 -0.050711 -0.32058 0.025087 -0.35719 0.047555 -0.19958 0.23026 -0.12691 -0.042055 -0.13408 -0.046017 -0.12733 0.13259 0.31142 0.31458 0.15906 0.14797 0.14433 0.045512 0.065615 0.1539 -0.088557 0.11206 -0.019128 0.19928 0.079027 0.11402 -0.024169 -0.25521 0.067891 -0.01691 0.024625 0.11638 0.08671 0.075885 0.010688 0.11648 -0.036707 -0.08901 0.11814 -0.07601 0.02424 -0.12816 0.13159 -0.13462 0.010349 0.032052 -0.026917 -0.11548 -0.22646 -0.18619 -0.15506 -0.080955 0.049319 -0.13956 0.21522 -0.028956 0.14494 -0.013018 0.074186 0.13891 0.11017 0.10507 -0.12991 -0.16994 -0.2114 -0.035834 0.087346 -0.05976 0.026606 -0.062807 -0.29191 -0.18483 -0.15662 -0.10811 0.1238 0.037704 0.22602 0.040812 0.19599 0.060929 0.088813 -0.11924 0.054332 -0.089982 -0.23696 -0.023882 0.0026572 -0.16305 -0.075497 -0.23658 0.093395 -0.091538 0.017791 -0.0015944
0.25042 0.020593 -0.033063 -0.050417 0.00077146 -0.20725 -0.11874 -0.19756 -0.19621 -0.012323 0.043487 -0.075428 -0.011746 0.02342 0.19392 0.085856 -0.002448 -0.081306 -0.13287 -0.011738 -0.063731 -0.014469 -0.023301 -0.0095993 0.13965 0.15687 0.080403 -0.019032 0.026774 0.11465 0.041872 0.078802 0.091529 -0.16465 -0.26663 -0.18983 0.0082969 -0.084163 0.046662 0.11235 -0.084679 -0.17863 0.079766 -0.09518 0.035964 -0.11775 0.096546 0.14534 -0.084364 0.1627 0.035845 -0.028326 0.17065 0.049819 0.087921 -0.078449 -0.20701 -0.099014 0.10552 -0.10519 -0.04583 -0.025494 -0.2994 0.069352 0.21076 0.18047 0.078019 0.17297 0.16447 0.18579 0.12714 0.10658 -0.17699 -0.035366 0.05622 -0.04566 0.077503 0.095821 0.18546 -0.040609 0.076212 -0.082005 -0.14981 -0.011178 -0.083702 0.080635 -0.0081826 -0.12629 0.017731 -0.078391 0.20067 -0.010584 0.097089 -0.080393 0.13519 0.043641 -0.12561 -0.16435 -0.22138 0.040899 0.025141 0.0036157 0.18231 0.13573 -0.023857 0.014913 -0.16308 -0.13859 0.068769 -0.086213 0.043754 -0.042209 0.010704 0.11448 0.037624 0.091607 0.007699 0.012251 0.038264 -0.026685 0.068967 -0.15699 0.029461 0.092426 0.1682 -0.081025 -0.11656 0.0061677 -0.15052 -0.072912 -0.235 -0.071623 0.15972 -0.070399 -0.1637 0.13478 -0.20376 0.10196 -0.16769 -0.072107 -0.15665 -0.15151 -0.086103 -0.05805 0.14434 -0.14989 -0.073775 -0.031529 0.11893 -0.029149 -0.10475 0.11 -0.044337 -0.18422 0.05774 -0.028022 -0.071308 -0.13695 -0.12751 0.10752 0.15287 0.14158 -0.1165 0.16636 -0.32499 0.074711 -0.040786 -0.046744 -0.27667 -0.35163 -0.031442 -0.21112 -0.17211 0.086177 -0.095799 0.045137 0.077472 0.014029 -0.016562 -0.13844 0.073266 -0.79364 0.48107 0.52398 0.15021 0.17783 0.19483 0.060957 0.11288 -0.034556 0.04491 0.0045463 -0.047001 -0.2594 0.014089 0.0047408 0.025991 0.088701 0.1779 -0.0063727 -0.038487 -0.15038 -0.22461 0.06489 -0.24494 0.20213 0.051674 -0.069778 0.21804 0.028319 0.12487 0.073116 -0.12311 -0.086385 0.026121 -0.085748 -0.1815 -0.038182 0.13886 0.062756 -0.096548 -0.030643 0.21516 0.12609 -0.10395 -0.077711 0.1974 -0.011114 -0.067071 -0.089037 0.0022013 0.0083442 -0.075793 -0.099447 -0.00084964 -0.07912 0.086085 -0.027891 -0.28157 0.6116 0.087035 0.047691 0.039825 -0.23977 -0.42527 -0.10984 -0.20695 -0.020261
-0.075173 0.00018634 0.027781 -0.12775 -0.042644 -0.20272 0.11606 0.066214 -0.1116 0.13005 -0.121 -0.092533 0.16334 -0.1425 -0.071752 -0.090075 -0.090016 -0.10964 -0.098521 0.047773 0.082983 -0.076027 0.075198 0.10389 0.068068 0.089237 0.11565 0.047306 -0.18823 0.078839 0.10503 0.13272 -0.011219 0.11869 -0.013566 0.097539 -0.043404 -0.093998 0.16702 0.074915 0.058024 0.0048879 0.028367 0.10755 -0.031324 0.0072378 0.14867 -0.017334 0.16222 0.13212 0.08458 0.058334 -0.083697 0.16887 -0.032993 0.11887 0.011433 -0.13665 0.039942 0.015236 0.048237 -0.0038223 0.018158 0.060089 0.20458 0.13706 0.056763 0.13296 -0.060853 0.074372 0.043594 0.18982 0.11624 0.064222 -0.037193 -0.0042645 -0.047801 0.049153 0.019622 0.089883 0.036543 0.10169 0.0042519 -0.063628 -0.040747 0.017323 0.099246 0.0052888 0.089051 0.017527 0.11575 -0.083099 -0.040197 -0.1122 -0.04687 0.080449 -0.092051 -0.024501 -0.13022 -0.054191 0.12923 -0.062879 0.15278 -0.021745 -0.077377 0.10067 0.11173 0.14926 -0.13452 -0.062646 -0.10952 -0.11224 -0.034826 -0.056705 -0.076915 0.14818 0.079495 0.14765 0.019644 -0.047921 0.1232 0.027686 -0.047218 -0.0036427 -0.064527 -0.10505 0.020066 -0.0085896 -0.06764 0.11202 0.040283 -0.052967 0.013525 -0.1076 0.032623 0.15291 -0.1747 0.15531 0.10891 0.16302 -0.0039088 0.033525 0.10047 0.11726 0.18696 -0.10096 -0.21766 0.13738 0.079633 0.021196 0.048304 -0.1224 0.11898 -0.0078728 0.037893 -0.021633 -0.20411 -0.12065 -0.21918 0.051042 -0.13308 -0.08155 -0.24767 0.16001 -0.039627 0.034143 -0.0058803 0.09162 -0.051387 0.092873 0.010917 0.075925 0.033556 0.11787 0.10932 0.13432 -0.067436 0.010313 -0.093643 -0.11132 0.16704 -0.29307 0.22132 0.030551 0.045829 -0.034233 0.098568 -0.10489 -0.088558 -0.0087538 0.065 -0.018374 0.084853 -0.071397 -0.11567 -0.017155 0.050578 0.040165 0.16561 -0.082638 0.089595 -0.1144 -0.095437 -0.12333 0.019775 0.14397 -0.14869 0.12043 0.04754 -0.131 -0.0011076 0.090993 -0.13929 -0.11741 -0.10706 0.010219 -0.10108 0.11054 0.040907 -0.19306 0.10506 -0.23218 0.1404 -0.16539 -0.11161 -0.069171 -0.085213 0.052524 0.12069 0.1365 0.18306 -0.095465 -0.0071959 0.119 -0.010981 -0.055913 -0.050638 -0.023489 -0.069936 0.012819 0.042831 -0.025132 -0.018773 0.10351 -0.017516 -0.099704 0.13799 0.081361
0.012622 -0.094036 0.1344 0.078206 0.093461 0.15851 -0.082287 -0.11046 0.1524 -0.030744 0.025913 -0.12197 -0.071886 0.023272 0.043766 0.11779 0.14954 0.12277 -0.041727 0.0051451 0.040719 0.13768 -0.0067558 -0.087047 0.074114 0.14895 -0.018091 -0.028352 0.13128 -0.09952 0.030526 -0.12839 -0.053657 0.038312 0.019326 -0.1086 0.092093 0.03292 -0.085462 0.034554 0.064259 0.17435 0.037764 -0.080358 -0.13472 0.080123 -0.002698 -0.11672 3.0486e-05 0.027955 -0.031161 0.076997 -0.056512 0.084767 -0.12193 -0.079629 0.11417 -0.13063 0.013026 -0.14894 -0.10574 -0.08173 0.10605 -0.03934 -0.023334 -0.12182 0.094627 0.15072 0.0044639 -0.11523 -0.0081091 0.057834 0.082823 0.055185 -0.014252 -0.054604 -0.025447 0.059305 0.063898 0.082502 0.058031 0.12771 -0.010637 0.10123 0.069947 0.046915 0.0054598 -0.065098 0.088586 0.016499 0.10656 0.046276 -0.043707 -0.10011 0.11201 -0.048616 -0.076888 0.053538 0.15917 0.15142 0.12442 0.11353 0.0078415 -0.06884 0.0074319 0.051733 -0.078435 -0.041113 -0.13288 -0.13229 -0.12508 -0.089508 0.059227 0.092553 -0.11867 -0.13056 0.11339 0.10422 0.0855 0.15144 -0.0031785 -0.15148 -0.14482 -0.1249 -0.034838 0.10226 -0.041264 -0.0025163 0.165 -0.078321 0.00372 0.15428 -0.083218 0.052462 0.07346 -0.069999 -0.12366 -0.033651 -0.028132 0.085184 -0.086284 -0.11698 0.063164 -0.028063 0.076465 0.035948 -0.098677 -0.10007 -0.013086 -0.15829 0.11416 -0.13958 0.13727 0.034441 -0.070474 -0.079212 0.099643 0.0015702 -0.087197 0.12582 -0.091494 0.08834 -0.059275 -0.1361 0.15615 -0.15195 -0.10597 -0.061018 0.049609 0.029649 -0.13892 -0.094165 -0.058474 0.065155 0.068506 -0.13014 -0.05248 0.033012 -0.14413 0.050816 0.10481 -0.086107 0.098792 -0.11835 0.032997 0.08678 -0.13933 0.051893 -0.10918 -0.06551 -0.14545 0.077081 0.064144 -0.076326 0.069504 0.0068189 -0.061315 0.083767 -0.042774 0.14309 -0.14533 0.070779 -0.11547 0.018077 0.13638 0.10038 -0.03419 0.13412 0.034758 0.034709 -0.088833 -0.12844 -0.022558 0.00049923 -0.13514 0.075936 -0.021264 0.11722 -0.13329 0.070132 0.13798 -0.021886 -0.049715 0.063864 0.16656 -0.082998 -0.10333 0.0050505 -0.14554 -0.056644 -0.00046576 -0.065602 0.082836 -0.13071 0.070242 0.068973 0.11115 0.10189 0.038292 0.090476 0.15622 -0.061802 0.024067 0.0046592 0.026137 0.024886 0.022 0.090231
-0.013165 -0.12243 0.038356 0.11592 0.046349 0.052546 0.17499 -0.068073 -0.028193 0.17988 -0.0031637 -0.12806 0.045787 0.14454 -0.081619 -0.042856 -0.15785 -0.12856 -0.070438 -0.054319 0.12245 0.032774 -0.039182 -0.0090323 0.10943 -0.15458 -0.033925 0.037827 -0.18704 -0.11934 -0.10796 -0.10273 -0.03064 -0.031926 0.057337 0.0054948 -0.076401 0.20393 0.062107 0.043174 -0.015945 0.025912 -0.034746 0.1657 -0.041954 -0.14278 -0.15638 -0.081104 -0.032368 0.040954 0.12693 -0.11602 -0.12824 0.049955 -0.00052046 -0.10985 0.017268 0.1364 0.077052 0.15292 0.013399 0.069115 0.13223 0.021106 -0.01542 0.095007 -0.010719 -0.079456 0.091928 0.051309 0.018191 -0.048321 -0.12776 -0.054091 -0.14061 0.11762 -0.13367 0.0025295 0.035702 0.037947 0.1515 -0.11638 -0.10268 -0.12102 0.091927 -0.13099 0.021718 -0.047402 0.12674 -0.13827 -0.0508 0.076544 0.10349 0.0071758 0.072866 -0.07991 0.10335 0.028059 -0.028679 -0.064969 0.070816 0.049821 0.070053 -0.068227 0.1587 0.19475 0.13386 0.046091 -0.087008 -0.001933 -0.12638 -0.042627 -0.11316 0.039497 0.056717 0.034602 -0.069065 -0.088238 0.020066 -0.13978 -0.23265 0.067927 -0.10423 -0.16448 0.039297 -0.026676 -0.056287 0.17825 0.27688 0.028789 0.14184 -0.020421 0.10267 0.15784 0.30279 -0.073795 0.20314 -0.063358 -0.10821 -0.22688 0.13848 -0.0044002 -0.14485 -0.092003 -0.17007 -0.0011636 0.23749 -0.07876 -0.041951 0.019853 -0.11161 -0.19606 -0.19715 0.025425 -0.023597 0.24197 0.33648 0.034305 0.38641 0.0022275 0.071188 0.09229 0.24521 -0.0057575 0.30753 -0.22296 -0.044767 0.014821 -0.02727 0.14487 -0.10931 0.11922 -0.14667 -0.16016 0.050354 0.16534 -0.055779 0.052643 -0.072411 -0.07008 0.021694 0.65567 -0.25502 -0.16164 -0.34055 -0.14361 -0.089313 0.073499 -0.0042069 -0.19938 -0.15868 -0.18616 0.098964 -0.047347 0.14281 -0.0070103 -0.16706 -0.017331 0.09492 0.020937 0.15504 0.13439 0.039047 0.10843 0.00057736 -0.21618 0.022972 0.15143 -0.039232 0.24475 -0.032346 -0.1893 0.035406 -0.0044351 -0.098959 -0.10383 0.12835 0.17445 0.1331 0.14469 0.20651 0.36462 -0.19962 0.092771 0.19058 0.23734 -0.10912 0.11914 -0.091607 0.057535 -0.17836 0.066973 -0.13928 0.14679 -0.017684 -0.14679 0.06668 -0.00043937 0.052805 -0.332 -0.015983 -0.11161 -0.10447 -0.0015537 -0.021985 0.013105 -0.095749 -0.052096
0.042971 -0.17394 -0.038412 0.071039 -0.17938 -0.073284 0.13583 -0.0083024 0.13303 0.15155 -0.012001 -0.088188 -0.0073268 0.02997 0.19034 0.079815 -0.046862 0.19514 0.20791 0.037308 0.0199 -0.011908 0.064709 0.19497 0.070782 0.12231 0.16257 0.20173 -0.094172 0.052812 0.055937 0.10212 -0.108 -0.14339 0.10727 0.13965 0.050653 0.020775 0.035602 -0.16095 0.11472 0.09418 0.13987 -0.097035 -0.070969 -0.032032 0.10306 0.0084695 0.074535 0.092663 0.11062 0.20343 0.14296 0.088459 0.00067244 0.025342 0.082057 -0.14718 -0.24999 -0.12675 -0.061917 -0.10801 -0.21392 -0.026634 -0.086826 0.15833 0.10631 0.0055305 0.10944 0.1618 0.18609 -0.055923 -0.05103 0.12659 -0.062924 0.15232 -0.040291 0.20696 -0.033247 0.11122 0.12858 0.19878 -0.011092 0.03982 0.16801 0.076129 0.0044049 -0.10383 0.21274 0.17167 -0.081457 -0.099455 -0.16057 -0.030618 0.019452 -0.085626 -0.016826 0.24229 0.12161 -0.21268 0.025786 -0.1183 0.12057 0.12391 0.15152 -0.074257 -0.053035 -0.051531 0.092623 0.020075 0.11487 -0.011544 0.041454 0.15838 0.049963 0.09421 0.011224 0.14465 0.063441 0.043899 -0.0056364 -0.19371 -0.025765 -0.089077 0.050489 0.18872 0.14249 -0.050262 -0.032993 0.11016 0.026821 -0.076172 0.11435 0.038463 -0.01782 0.19285 0.088048 0.094931 0.045094 0.10915 -0.062839 -0.025344 0.05916 0.22977 0.083803 0.24637 0.12724 -0.14822 -0.19654 0.070958 -0.18441 -0.015972 -0.001664 0.063081 0.17911 -0.13175 -0.3268 -0.14924 -0.28384 0.11154 -0.1269 -0.073887 -0.10039 -0.061075 0.036405 0.17017 0.17629 0.015939 0.023366 0.0061943 0.17091 -0.037771 0.060474 0.10592 -0.010834 -0.02543 0.019198 -0.038004 -0.092457 -0.041495 -0.12897 -0.38721 -0.13374 0.062755 0.14867 0.041108 -0.04715 0.0072283 0.061984 -0.034268 -0.036725 -0.042474 -0.11471 -0.11695 -0.088696 0.098548 0.14703 0.16801 0.094484 -0.080777 0.11041 0.027394 -0.037665 0.11511 0.18649 0.27752 0.14619 0.016456 0.069801 -0.27005 0.051153 -0.19448 0.019897 -0.097961 0.1193 -0.016371 0.067574 0.12834 -0.021569 -0.11534 -0.052086 -0.032373 -0.15368 -0.16579 0.080987 -0.08663 -0.12364 0.021076 -0.0017452 0.016772 0.20887 0.07858 0.1543 0.041103 0.11439 -0.065862 0.040432 0.18555 0.10103 0.13376 0.20073 0.13175 0.040678 -0.009135 0.0874 0.02804 -0.059399 0.10206
-0.1108 -0.013924 0.012634 -0.10135 -0.075183 0.18017 0.13005 -0.14046 0.060228 -0.04872 0.1099 -0.01412 -0.052748 -0.15597 0.021925 -0.0058276 0.10516 -0.13788 -0.076226 0.080119 -0.00060602 0.042982 -0.14123 0.060891 0.097668 -0.13535 0.056724 -0.0043649 -0.10581 0.11649 0.034683 0.082124 0.02692 0.1608 0.05935 -0.064854 0.12409 -0.10739 -0.068752 0.0026812 -0.015445 -0.12709 -0.059104 0.057025 0.045807 -0.15661 -0.033044 -0.098407 -0.026486 0.11319 0.081152 0.097907 -0.096114 -0.028403 0.0014276 0.095472 0.13178 0.1132 0.067723 0.017747 -0.093645 0.12303 -0.10745 -0.058241 0.026352 0.053616 0.064634 -0.13022 -0.11512 -0.087141 0.009935 -0.0017419 0.042699 -0.15917 0.047798 -0.10546 0.07175 0.032778 0.08183 0.084679 -0.18716 -0.14633 0.0036632 -0.095162 0.064508 -0.025584 0.034431 -0.061665 -0.11557 0.0092949 0.013534 -0.084225 -0.0016679 0.16661 0.044927 0.075478 -0.10848 0.018891 0.056302 0.022093 0.014448 -0.08422 0.018552 0.011431 0.06085 0.049915 -0.10502 0.0095498 -0.14324 0.089572 -0.08111 0.097048 0.043628 0.066877 0.0315 -0.092963 -0.1376 0.098469 -0.019667 -0.070029 -0.099029 0.074565 -0.079809 0.12937 0.051721 0.12638 0.098433 0.013696 0.1309 -0.05449 0.16399 -0.15827 -0.011892 -0.066512 0.14059 -0.076403 0.17397 0.03859 0.031728 0.10766 -0.0018935 -0.068532 -0.091481 0.051085 -0.032432 0.0037504 0.09121 -0.040149 -0.12024 -0.05636 0.092666 -0.1397 -0.094386 0.031798 0.078821 -0.069902 0.11628 0.16415 -0.028408 -0.047367 -0.096785 0.040897 0.071711 -0.13517 0.15081 -0.093615 -0.16523 0.12512 0.098222 0.12014 0.10443 -0.1619 0.033806 -0.17866 0.089113 0.090564 0.2045 0.16871 0.19599 -0.0094142 -0.1326 0.15296 0.024104 -0.12265 0.036538 -0.13288 -0.018731 0.14259 0.086932 0.066335 -0.091414 -0.10895 0.10216 -0.00714 -0.0044954 -0.11756 0.028826 0.078603 0.094336 0.022995 0.11203 0.064972 -0.14833 -0.11387 -0.083263 0.003395 0.09114 0.017046 0.06945 0.079265 0.068091 -0.02894 0.0059703 -0.055669 0.10877 -0.084049 -0.00059322 0.0091529 0.012148 0.17624 0.1397 -0.011553 0.055705 0.15338 0.13219 0.16278 0.060611 -0.050574 -0.12246 -0.11421 -0.16625 -0.13481 0.10479 0.038268 0.098503 0.081564 0.0039398 -0.093355 -0.046159 -0.22048 0.007455 -0.021993 -0.10729 0.049487 -0.025574 -0.10408 -0.13977 -0.071972
-0.090131 0.10322 -0.10717 -0.13463 -0.11573 0.097558 0.069765 -0.0479 -0.13431 0.13786 -0.12092 0.030526 0.0026517 0.014242 -0.077891 -0.05095 0.1211 -0.087047 0.0053083 -0.0077004 -0.075479 -0.10793 -0.14202 0.090338 0.064087 -0.05523 -0.094793 0.13052 -0.18417 0.083813 -0.01662 -0.12034 0.016849 -0.013026 -0.11441 0.19528 0.21742 0.087769 0.11286 0.12302 0.12384 0.23474 -0.050929 0.022289 -0.059667 0.025565 0.062532 0.056833 0.054109 0.10101 -0.11199 0.017753 0.087917 -0.069078 -0.028166 0.13774 0.10555 0.20122 -0.075673 0.033463 0.15373 -0.0075066 0.086272 -0.18754 -0.23693 -0.24973 -0.091642 -0.074485 -0.16693 -0.21472 0.049951 -0.11983 -0.0027288 0.029892 -0.081647 0.065993 -0.044385 0.045967 0.039077 0.11524 0.087211 -0.094571 -0.090192 -0.091605 0.14637 -0.14953 -0.074962 -0.040445 0.14163 -0.21449 -0.088862 -0.0091259 -0.12134 0.15874 0.1104 0.020589 -0.14761 -0.03986 0.18199 0.12653 -0.076557 -0.038861 -0.1263 0.15206 0.058081 0.10469 -0.059266 -0.14424 0.051124 -0.10586 -0.074978 0.073007 0.016288 0.037719 0.11293 -0.12799 0.010389 -0.081103 0.14301 -0.036572 -0.10537 0.085568 0.072177 0.017719 0.038676 -0.032336 0.13624 0.13654 0.22082 -0.15048 0.20866 -0.17417 0.092803 0.1709 0.33126 -0.055268 0.2419 -0.1969 -0.063542 0.0069233 -0.16804 -0.064639 -0.097016 0.03043 -0.042488 -0.20042 0.099928 -0.12706 0.026737 0.079168 -0.11089 -0.11508 -0.0096959 -0.049657 -0.014618 0.064891 0.31343 0.046646 0.37874 -0.010118 0.022096 0.086461 0.4651 -0.10444 0.23162 -0.2092 0.016276 -0.0056779 -0.15512 -0.054583 -0.0062444 -0.085464 0.0018784 -0.14374 -0.0397 -0.14101 0.073384 0.01769 0.19632 0.027003 0.014273 0.86577 -0.31471 -0.20177 -0.25521 -0.24426 -0.21878 -0.098142 -0.16555 -0.19251 -0.18088 -0.083052 -0.078889 0.07705 0.19467 0.16198 0.098427 0.051795 -0.00786 0.15709 -0.010523 0.033628 0.24303 0.22112 0.019513 -0.18309 0.042652 0.018958 -0.18408 0.12334 -0.01554 -0.13342 0.016685 -0.06362 0.056103 -0.012136 -0.0055008 0.1704 0.030326 0.097876 0.0011272 0.19426 -0.089453 0.2049 0.036052 0.078917 0.073637 0.029563 -0.17872 -0.16434 -0.09507 -0.22048 -0.087728 0.091227 -0.033828 0.11011 0.025087 -0.077155 -0.0029989 -0.28073 -0.15405 0.20116 0.1177 0.25259 0.023554 0.052692 0.022871 -0.13163
0.089544 -0.13234 -0.027608 -0.12596 0.15272 -0.098235 0.13471 -0.039089 0.12213 0.14802 0.062242 -0.034734 0.088205 0.15091 -0.053652 0.017018 0.010226 -0.14863 0.17666 -0.12063 0.070521 -0.10149 -0.039607 -0.060364 -0.11302 0.090364 -0.054608 -0.021815 -0.093644 0.028661 -0.16504 0.016798 -0.1207 0.067437 -0.0088825 0.076484 -0.0022693 0.15345 0.049715 -0.024611 -0.037545 0.025549 -0.11166 0.15434 0.045999 -0.10224 -0.03464 0.0083503 0.04524 -0.10005 0.12099 -0.066003 0.059224 0.029036 -0.018261 0.035846 0.013919 0.060659 -0.12991 -0.12136 0.027777 0.14464 0.00070053 -0.084482 0.13845 0.12554 0.074425 0.13384 0.036226 -0.031705 0.060326 0.11041 0.15526 -0.013468 0.059709 -0.0091973 -0.14967 -0.12742 -0.032827 0.0792 0.039718 0.08757 0.13426 0.090391 -0.076128 0.13269 0.019173 0.087654 0.037576 0.080934 -0.081791 0.089434 -0.15023 0.082215 -0.054398 0.0066642 -0.024806 0.12186 -0.0405 0.10591 -0.072439 0.1412 0.14143 0.10289 0.10073 0.0021947 0.036188 -0.010996 0.0052867 0.068667 0.15488 -0.076446 -0.11148 -0.079108 -0.12242 -0.13288 -0.00078512 0.11482 -0.048931 0.068019 0.081928 0.15811 0.12535 0.15172 0.077174 -0.084163 -0.13732 -0.093046 -0.074362 0.0041884 0.05573 0.15184 -0.13837 -0.017242 0.072072 0.10589 -0.13479 -0.02477 -0.066649 -0.065546 0.15132 -0.020976 0.0025905 -0.047696 0.061169 0.11909 0.099296 -0.039084 -0.10319 0.15151 -0.017702 -0.019376 0.12626 -0.13379 0.10751 0.029162 0.078166 -0.023125 -0.01525 0.16658 0.15291 0.097784 0.1057 0.13305 -0.15992 -0.10441 -0.076276 0.13338 0.019465 0.024198 -0.10517 -0.05285 0.10481 -0.12289 -0.14235 0.051298 -0.18022 -0.12188 0.082146 -0.11804 0.049859 0.11671 0.0039396 0.11669 -0.045323 0.012463 -0.0037767 0.010836 -0.017836 0.048078 -0.080035 0.0248 0.071836 -0.018395 -0.12366 0.12256 0.042592 0.070087 -0.097765 -0.032025 -0.05152 0.086327 -0.016557 0.078377 0.013289 0.087741 0.041676 -0.14758 0.1313 0.0051864 -0.073306 -0.075129 0.031201 0.018444 -0.11969 -0.093279 -0.14183 -0.11936 -0.076684 -0.062805 -0.094785 -0.0036851 0.16822 -0.041623 0.016789 0.0009754 -0.094666 0.11194 -0.042181 0.084467 0.074142 0.043522 -0.090653 0.051031 -0.14952 -0.033969 0.090308 0.061408 0.14852 0.096024 -0.10127 -0.031538 0.089211 -0.059604 0.11429 0.10303 -0.12133 -0.14144
0.024809 0.022966 0.026944 0.12534 0.097356 -0.087591 0.059305 -0.0083017 -0.11618 -0.087692 -0.08721 0.082385 -0.073988 -0.16186 0.045406 0.091795 0.055395 -0.10576 0.037917 0.11804 0.02863 -0.048328 0.086928 -0.04955 0.07714 0.1185 0.050116 -0.131 -0.071225 0.047077 0.10863 0.02483 -0.031508 0.1087 0.026015 -0.012842 0.074391 0.14638 0.083348 0.036558 0.032316 -0.068626 -0.059842 0.068149 0.11963 0.093134 0.071712 -0.10533 -0.014504 -0.08476 -0.09938 -0.14572 0.13401 0.13431 -0.13465 -0.025385 0.14784 0.070331 0.039997 -0.023241 0.12381 0.079771 0.022955 0.11477 -0.022971 -0.03851 0.083482 0.020792 0.10954 -0.14099 -0.12099 0.084798 -0.12481 -0.01085 0.0076079 0.17975 0.063742 -0.15561 0.1176 -0.038902 -0.1467 -0.11802 0.091288 0.16484 0.028633 0.10493 -0.031647 0.098478 -0.026418 -0.11935 -0.083418 -0.016515 -0.0010692 0.13833 0.041268 0.14405 0.06146 -0.075241 -0.11594 0.078659 0.13287 0.019522 0.042834 0.018917 0.16512 0.19282 0.0026454 0.058946 -0.096208 -0.009111 -0.12886 0.043241 -0.051597 -0.12222 -0.069642 -0.01843 0.063496 0.038726 0.033575 0.083588 0.20109 0.045669 0.022034 0.069307 -0.11019 -0.067773 -0.047725 -0.17749 -0.011944 -0.12715 -0.14604 -0.036156 -0.16216 0.044247 -0.059763 0.018388 -0.0711 0.15136 -0.0095689 0.019954 -0.19302 0.019809 -0.053163 -0.094879 -0.099144 -0.15942 -0.10456 0.036346 -0.10857 -0.11714 0.14025 -0.04883 0.14289 -0.1329 -0.19822 -0.013189 0.10386 -0.14256 -0.066514 -0.059291 0.025613 -0.11361 -0.17442 -0.11536 0.029334 0.14209 0.06022 0.14196 -0.032641 -0.20329 -0.088836 0.10649 -0.12502 0.0090259 -0.14708 -0.045333 -0.16655 0.064283 0.13101 -0.11132 0.031038 0.090081 0.021858 0.088215 -0.10314 0.053305 0.026449 0.020272 -0.0089243 -0.097404 0.051714 0.061538 -0.090311 0.00217 -0.022347 0.1817 -0.071801 0.11553 -0.076631 -0.1028 0.021046 0.0059048 0.071279 -0.0046402 0.070997 0.0035294 0.10244 0.10642 -0.15038 -0.085984 0.021781 0.048902 0.11633 -0.063258 0.077728 0.11977 -0.011167 0.0075985 -0.017811 0.036605 0.048638 0.023922 0.13359 -0.11639 0.074221 -0.040905 0.002991 -0.10959 0.011452 -0.0069957 0.11047 -0.029167 -0.061409 0.01144 -0.1309 -0.048148 0.059577 0.096207 0.14291 0.039137 0.011341 -0.029849 -0.086309 -0.062514 -0.10321 0.13827 0.10719 -0.0038055
0.0038831 -0.10155 0.035595 0.021363 -0.0083132 0.1024 -0.064504 0.10851 -0.028082 -0.12819 0.049375 -0.06831 0.080357 -0.088986 0.098197 -0.0056069 -0.1205 0.0013969 -0.080679 0.17068 -0.091994 -0.11231 -0.073655 -0.085717 -0.078866 -0.043193 0.063361 0.14519 -0.04028 0.0066427 0.0094579 0.046886 0.037944 -0.13326 -0.0080131 0.1668 -0.091994 -0.099963 -0.10138 -0.14181 0.14144 0.1073 0.05969 0.023989 -0.02686 0.020461 0.020214 0.037862 0.15145 -0.040068 -0.098367 0.13385 0.069669 -0.026148 0.12813 -0.11503 0.020233 0.057891 -0.10536 -0.1485 -0.0033301 0.14086 -0.11477 -0.019698 -0.043082 -0.080453 0.12456 0.057855 0.15274 0.13442 0.039663 -0.061218 -0.081466 -0.10567 0.11491 -0.050091 0.18147 0.12384 0.13893 0.045044 0.041783 -0.04085 0.17887 -0.050744 0.098574 0.061637 -0.079474 0.15455 -0.12058 0.048678 -0.024677 -0.1573 0.031143 0.081927 -0.13428 0.038159 -0.097547 0.11968 -0.0673 -0.15517 0.021875 -0.09705 0.0721 -0.071036 -0.037813 0.021897 0.044095 -0.064544 -0.11042 0.097362 -0.02325 0.058597 -0.0462 0.027898 0.15627 -0.10197 0.0090117 0.15916 -0.030042 -0.15021 -0.049078 -0.076128 0.075296 -0.039365 -0.12487 -0.013433 0.13673 0.11266 0.05133 -0.0038158 0.041309 0.16806 0.083542 -0.12649 -0.19049 0.043878 -0.15175 0.032831 0.078155 0.026953 -0.023495 0.074016 0.07064 0.050617 -0.022271 0.17787 -0.10661 -0.12837 0.013678 -0.040583 -0.12633 0.12472 -0.0024774 0.075216 0.079971 -0.044205 -0.011475 -0.09811 -0.029166 -0.036355 0.054037 -0.018641 -0.024803 -0.015651 -0.12894 -0.024635 0.030975 0.12694 0.18392 -0.047672 0.10325 0.14644 0.13528 0.18066 0.019729 -0.008067 -0.13197 -0.1227 -0.18918 -0.13449 0.076186 -0.30514 -0.045254 0.14411 -0.045871 0.04965 0.16727 0.14462 0.019879 0.0057662 0.095289 -0.10426 0.022151 -0.16436 -0.034726 -0.080029 -0.087019 0.1399 -0.020286 0.022545 -0.041886 -0.15398 -0.10055 -0.13268 0.11925 0.16858 -0.12344 -0.065402 0.16417 -0.062052 0.10042 0.087745 -0.097484 0.11481 -0.1429 0.14817 0.02788 0.15019 0.055473 -0.13506 -0.11187 -0.13984 0.14857 -0.021175 -0.042201 -0.030474 0.058315 0.00066518 0.15955 0.0028234 0.048578 -0.11718 0.087227 0.005099 -0.099924 0.017111 0.16899 0.11489 -0.12781 0.0079204 -0.10195 -0.025905 0.069816 -0.17404 0.025168 0.13027 0.059995 0.089117
0.037931 0.096092 -0.09689 0.12412 -0.091079 -0.012445 -0.17606 -0.060339 -0.16859 0.063764 -0.13664 -0.0092912 -0.021725 0.089725 0.076026 0.1531 0.040086 -0.068654 0.11106 0.088786 -0.059841 -0.052959 0.14078 -0.032442 0.00032173 0.039146 -0.085972 0.091626 -0.14589 0.11114 -0.05161 -0.08554 0.033939 -0.030949 0.09026 0.085122 -0.037699 -0.11787 -0.053264 -0.094511 0.13932 0.026131 0.13577 -0.099134 0.083721 0.066775 0.18901 0.099403 0.080768 -0.028824 0.037544 0.15374 0.085922 0.041727 0.1063 -0.13594 0.00085376 0.027967 0.027507 -0.038129 -0.093665 0.062947 -0.10632 0.13948 0.028688 0.020374 0.068718 0.045853 -0.12231 0.012307 0.23952 0.24515 -0.064433 0.19499 0.0028594 -0.020375 0.1427 -0.0078198 -0.0096696 0.17017 0.05825 0.085589 -0.08942 -0.064894 -0.013007 -0.060332 0.18038 0.11528 0.20617 -0.020334 -0.037164 -0.11297 0.088744 0.034258 0.014654 -0.087241 -0.10815 -0.093995 -0.0072105 0.01913 -0.1021 0.1506 0.0066108 0.0093792 -0.12639 -0.193 0.088445 0.141 0.087976 0.003149 0.12624 -0.067438 0.13093 0.093482 0.1342 0.13523 -0.033588 -0.1269 0.096213 0.11325 0.07651 -0.055544 0.11875 -0.12673 -0.020263 0.029133 -0.042718 0.06506 -0.21346 -0.10404 -0.22696 0.069224 0.11507 -0.19249 -0.11881 -0.039751 -0.13758 0.011629 0.16175 0.017609 -0.028446 0.0044503 -0.023808 -0.076624 0.11235 0.14209 -0.22522 0.1612 0.14009 0.062217 -0.03987 0.044998 -0.12555 0.15952 0.074743 0.083783 -0.1772 -0.15663 -0.20154 0.069109 -0.019579 -0.069997 -0.25235 -0.06998 -0.30922 0.10229 -0.0047987 0.046411 0.16906 0.021665 -0.022395 -0.089108 -0.061374 -0.0044128 0.037225 -0.084963 0.13385 0.056834 -0.051842 0.02204 0.026791 -0.56514 0.034462 0.23452 -0.048028 -0.054395 0.13957 -0.062461 0.041905 0.08989 0.080089 -0.018978 0.026529 -0.073924 0.095752 -0.087729 -0.097998 0.092535 0.018706 0.13125 -0.14965 0.090592 -0.036271 0.063347 -0.039005 0.24523 -0.0061125 0.018581 0.19311 -0.18797 -0.036108 -0.058553 0.01273 0.013438 -0.057611 -0.048951 0.042679 -0.10423 0.076428 -0.17127 -0.037603 -0.29147 0.10202 -0.11241 0.033057 -0.24698 0.080368 -0.056887 0.057407 0.14335 0.050196 -0.10955 -0.064931 -0.038181 -0.057782 0.017137 -0.12878 0.096742 0.027039 -0.23465 -0.1309 -0.17284 -0.018836 -0.17948 0.057557 -0.1188 0.031899 0.035982
0.13744 -0.071034 0.10817 -0.050452 0.030599 0.08104 -0.12721 0.072397 -0.10255 -0.01469 0.11468 0.034947 -0.062125 -0.00018834 -0.078167 0.10805 -0.18381 -0.071037 -0.025369 -0.075717 -0.1371 -0.17539 0.098976 -0.047449 -0.1283 -0.1478 0.032907 -0.038642 0.034191 -0.10835 -0.00078606 0.060755 -0.039332 -0.0478 0.075491 0.1152 0.0013903 -0.0009633 0.082046 0.093424 0.021227 0.023282 0.05651 -0.070319 0.11598 -0.040339 0.11224 0.080617 -0.11035 0.093738 -0.025751 0.044691 -0.1575 -0.1425 -0.053214 -0.013456 0.044656 0.10259 0.10417 0.13274 -0.086382 0.049205 0.20695 -0.074837 0.060906 -0.036278 -0.089512 0.0063837 -0.14476 -0.16808 -0.11121 -0.09274 -0.13328 0.13546 -0.11685 -0.10246 -0.073183 -0.17505 0.018747 0.044336 0.0020401 0.046011 -0.10819 0.012421 -0.1773 -0.17122 0.070847 -0.073795 0.0027092 0.094262 0.10236 0.12237 0.1528 0.16203 0.098039 -0.087419 -0.08093 -0.0059284 0.11177 -0.060643 0.11861 -0.012203 -0.091882 -0.051165 -0.1079 -0.11608 0.10085 -0.039161 -0.10609 0.066678 -0.12055 0.07232 0.10373 0.021279 0.094469 -0.18156 0.039036 0.032245 -0.086148 0.052991 0.081469 -0.0097231 -0.16715 -0.1107 0.026136 -0.12068 0.024384 0.013237 0.16801 -0.032957 0.038778 -0.14176 -0.015176 -0.017665 0.098134 0.025792 0.13695 -0.076597 0.071273 -0.030742 -0.028371 -0.067441 -0.078764 -0.11259 0.078922 0.071467 -0.11301 0.13266 0.01524 0.11702 0.060594 -0.029471 0.058651 0.017046 -0.056429 0.12013 0.13183 0.092413 0.14551 -0.14885 -0.05047 0.14939 0.10026 0.12879 0.21132 -0.084505 -0.15737 -0.20083 -0.14885 0.11811 -0.0093041 -0.038687 -0.15296 0.072381 0.070155 0.0041139 0.15136 0.024038 0.16999 -0.055708 0.071241 0.41477 -0.12118 -0.092331 -0.21152 -0.002452 0.03824 -0.077003 0.091919 -0.19451 -0.22974 -0.011667 0.1369 0.011841 -0.098449 -0.033838 -0.12732 -0.038071 0.049349 -0.14757 0.038462 0.081926 -0.0052105 -0.14333 -0.14944 0.0030807 0.14281 0.12572 0.10196 0.20431 0.13888 -0.013244 -0.15079 -0.069889 0.0062474 0.12274 0.07312 -0.064636 0.08325 0.11547 0.18744 0.29487 0.031675 0.12041 0.029518 0.073934 0.16486 0.14937 -0.089893 -0.077178 -0.076801 -0.0073205 -0.1112 0.14165 -0.056053 -0.16263 -0.16002 0.01997 -0.046203 -0.073943 -0.10972 -0.050393 -0.061298 -0.090033 0.032663 0.028064 0.092968 0.020656
-0.027714 0.038296 -0.038732 0.026163 -0.10567 0.052577 -0.015722 -0.12085 0.031013 0.10827 0.1586 -0.088046 -0.13185 -0.040844 0.1306 0.08814 0.11304 0.030158 0.18708 -0.042037 0.069848 -0.030264 -0.11902 0.097489 0.080272 0.18972 -0.036788 0.044948 -0.16351 0.093226 0.099857 -0.0088203 0.019352 -0.23917 -0.16953 -0.091362 0.12159 0.12639 -0.042889 0.033035 0.041071 -0.089559 -0.027666 0.064391 0.097873 -0.10994 0.0068309 0.21181 0.15131 0.056345 0.12316 0.02877 0.13838 0.1556 0.04945 0.11489 0.069999 -0.16556 -0.041375 -0.16477 0.12452 0.030602 -0.094841 -0.017761 0.13833 0.18457 -0.035376 0.10723 0.046265 -0.032751 0.040005 0.085284 0.10887 0.019915 -0.066803 -0.063978 0.21461 -0.0057016 0.1579 -0.012414 0.066494 0.013422 0.030482 0.13489 0.046078 0.07701 -0.11037 0.11826 0.0092306 0.12057 -0.14622 0.0028191 0.10036 0.15146 -0.13044 -0.024406 -0.082287 0.0058515 0.0060879 -0.080586 0.061916 -0.10661 -0.051148 0.13823 0.11534 -0.033424 0.060949 -0.0359 -0.057587 0.027649 -0.017255 0.066891 -0.002253 -0.02964 0.15527 -0.12536 -0.13815 -0.00013769 -0.046051 0.03074 0.074344 0.069537 0.027673 -0.012718 -0.0065713 0.070803 -0.15521 -0.038344 -0.045214 -0.15926 -0.14306 0.057068 0.022687 0.03958 -0.28708 0.028028 -0.21223 0.035397 -0.0018609 -0.088797 -0.13706 -0.11729 -0.024072 -0.15517 0.16633 0.10251 -0.068287 -0.025119 -0.044058 -0.099441 -0.077867 0.141 -0.14916 -0.048545 -0.14698 -0.014376 -0.2636 -0.05692 -0.24452 -0.059039 -0.055691 -0.050873 -0.069069 -0.11312 -0.13285 0.10365 0.21143 0.15822 -0.042813 0.034737 0.10157 0.14374 0.075502 0.06174 -0.098565 0.016171 -0.022451 0.098759 -0.20435 -0.18374 0.16525 -0.36256 0.24339 0.059837 0.018381 0.11419 0.15545 0.041195 0.18307 0.11691 -0.084022 0.1475 -0.066042 -0.11085 0.065163 -0.16244 -0.036948 0.11957 0.053835 0.018335 0.06 0.039416 -0.11992 -0.09267 0.050146 0.24185 -0.0016186 -0.06569 0.17147 -0.040241 0.082155 0.11192 0.098652 -0.15874 0.016967 -0.10701 -0.16327 -0.12406 -0.16003 0.039924 -0.051609 -0.2383 0.19404 -0.12204 -0.12245 -0.12272 0.0005459 -0.217 0.25771 0.032166 -0.0076531 0.01129 -0.092517 0.101 -0.00066599 0.089689 0.07325 -0.017038 -0.046458 0.12669 -0.12994 -0.067976 -0.088233 0.067796 0.034339 -0.039 -0.16668 0.071888
0.017337 0.16731 0.13986 0.13366 0.088955 -0.04411 0.065657 -0.022552 -0.12849 0.067499 0.1205 0.044057 -0.14431 -0.038509 -0.19076 0.096517 -0.049197 -0.025634 -0.010383 -0.083729 0.049252 -0.071405 -0.15502 0.12205 -0.082449 0.012085 -0.0019282 -0.16934 0.098708 0.040289 -0.087655 -0.13682 -0.035379 0.080351 -0.11925 -0.17932 0.092484 -0.031534 -0.12456 -0.076476 -0.080603 -0.10658 -0.12325 -0.15275 0.090498 -0.091323 0.13963 0.14495 0.15611 -0.15373 -0.066727 -0.14824 -0.10084 0.14131 -0.18161 0.070372 -0.085282 -0.082953 0.094797 0.10246 -0.061297 -0.0056161 0.10867 0.046536 -0.12647 0.036918 -0.092976 -0.093227 0.084604 0.17882 0.10884 0.060462 -0.033576 0.12794 0.032413 -0.11141 -0.054114 -0.072473 -0.10962 -0.04548 0.13496 -0.10544 -0.0049317 -0.082327 -0.1567 -0.063664 -0.07189 -0.11968 0.074325 -0.032777 -0.022739 0.053161 -0.11793 0.035775 0.020465 -0.018269 -0.0044307 0.050001 -0.14272 0.022998 0.12067 0.083111 0.15654 -0.13471 -0.027187 -0.079511 -0.11507 0.13594 0.15643 -0.10573 0.03003 0.011212 -0.0085695 0.014803 -0.1079 -0.12811 -0.020263 -0.11803 0.065762 -0.0039599 0.021853 -0.038409 0.054725 -0.093203 0.073263 -0.15992 -0.071587 -0.034635 -0.2383 -0.12417 -0.19651 -0.011309 -0.065397 -0.015095 -0.26428 -0.17165 -0.027403 0.079157 -0.090488 0.0057717 0.017678 0.037182 0.018517 0.035899 -0.10297 0.010722 -0.2472 -0.024545 0.048192 0.14913 -0.075043 0.084062 -0.037784 -0.12248 0.058692 -0.17514 -0.03603 -0.024879 -0.35755 0.18798 -0.16532 -0.14249 -0.31582 0.13707 -0.15336 0.10623 -0.048545 0.11308 -0.059172 0.11865 0.094592 0.024995 -0.0048382 0.011755 -0.11058 -0.089661 0.074479 -0.10209 -0.086167 0.021322 0.089164 -0.559 0.069379 0.12485 0.092195 0.063531 0.062518 -0.048577 0.12366 0.029224 0.070753 -0.067419 0.10841 -0.013058 0.091189 0.029101 0.026127 0.14551 0.0074744 -0.099226 -0.16007 -0.12347 0.00042532 -0.1318 0.013975 0.14693 0.073664 -0.032116 0.0077865 0.043987 0.030406 -0.050178 0.0073122 0.029405 0.066405 -0.0041975 0.094975 0.095431 0.079496 -0.25182 -0.066023 -0.027892 -0.025014 0.0058161 -0.078541 0.0060858 -0.062288 0.017637 0.058375 -0.068236 -0.10101 0.049207 0.018471 0.067824 0.0011831 0.0067809 0.032369 0.013981 -0.14356 0.059005 0.10137 0.097226 -0.020879 0.056401 -0.10264 -0.1438 -0.10508 -0.14763
-0.077665 -0.083539 -0.043302 0.11176 -0.14561 -0.18036 -0.043312 0.1066 0.14849 -0.033337 0.095741 -0.11744 -0.076903 -0.060611 -0.01654 0.098036 0.15552 -0.11894 0.050565 0.012812 -0.10908 0.077743 -0.099534 0.0033451 -0.14852 -0.1073 0.15303 0.11372 0.12546 0.0059081 -0.085584 -0.16059 0.11955 0.049195 -0.12913 -0.058349 -0.042949 -0.0051655 0.10488 0.14556 -0.098827 -0.026233 -0.031532 -0.025633 0.1642 0.036707 0.2135 0.16562 0.11764 0.071305 -0.056013 0.071862 0.04266 0.020542 0.015941 0.067487 -0.17483 -0.16063 -0.10598 -0.11528 -0.023477 -0.11555 -0.11043 0.027868 -0.039697 0.1403 0.00078905 0.13358 -0.10948 0.081931 0.10927 0.041584 0.019097 -0.032722 0.1749 0.026861 -0.070585 0.17771 0.13977 -0.042136 -0.010908 0.06836 -0.081513 0.007031 0.011836 -0.10566 0.060288 -0.039969 -0.037271 0.079763 -0.0071671 -0.15524 -0.031971 0.012646 0.16563 0.02298 0.041534 -0.10314 -0.0068143 -0.027605 -0.11965 -0.06039 -0.068903 0.057869 -0.098296 -0.13838 0.026584 -0.1258 -0.057946 -0.078015 0.022379 0.19153 -0.076195 -0.056111 -0.045931 0.052104 -0.055746 -0.064692 -0.064641 -0.11301 0.046708 -0.094618 0.099085 -0.081812 0.094496 0.05472 -0.15444 -0.0089625 0.018933 -0.060442 -0.24445 0.13402 0.063597 -0.068065 -0.11075 0.12209 0.0082371 0.083298 0.05842 -0.080399 0.17962 0.10723 0.10667 -0.032637 -0.014266 0.17891 -0.11879 -0.097241 -0.017364 0.069248 -0.14904 -0.10159 -0.091332 0.0063424 -0.026093 0.059076 -0.079553 -0.17989 -0.16243 0.049049 -0.15758 -0.14204 -0.15738 -0.060295 -0.16694 0.21899 -0.034129 0.17895 -0.036919 0.033521 -0.07734 -0.043694 0.089078 0.047465 -0.15424 -0.059534 -0.023149 0.08532 -0.038074 -0.093562 -0.070677 -0.4806 -0.0044348 0.060399 0.01976 0.15812 -0.1166 0.061246 -0.048813 -0.14598 -0.12034 0.0048481 0.065387 0.060609 0.020866 0.044921 -0.024628 0.070043 -0.070563 0.04572 -0.0189 -0.011024 0.039187 -0.020313 -0.084981 0.02358 -0.058717 0.10492 -0.08423 -0.041588 0.14971 -0.059855 0.041521 -0.14816 0.1339 0.086056 0.12289 0.060167 -0.15066 0.022681 -0.010955 -0.046717 -0.1206 -0.17964 -0.065357 -0.23303 -0.094696 -0.20285 0.18979 0.10511 -0.02617 0.12795 0.0032821 -0.027545 0.029909 0.0034965 -0.12244 -0.081999 0.10949 0.036386 0.09967 -0.034226 0.12718 -0.15075 -0.17993 0.025872 -0.00016003 -0.10787
0.076693 -0.10768 0.14558 0.13675 -0.093407 -0.0081193 -0.09002 0.052625 -0.081431 -0.18731 -0.14106 -0.072447 0.05577 -0.00011541 -0.021649 -0.10916 -0.082937 -0.018339 -0.1276 -0.12371 0.021593 -0.078837 0.10677 0.18937 0.1344 0.064202 -0.024102 -0.13481 0.028049 -0.017165 0.079494 0.13178 -0.032607 -0.017896 0.047148 -0.17381 0.073228 -0.02113 0.14181 -0.10323 -0.084366 -0.15933 -0.13239 -0.096509 -0.11006 0.095452 0.05965 0.0070189 -0.10498 -0.14043 0.077628 0.077143 0.12891 0.038977 0.17474 0.13553 -0.0057616 -0.023069 0.14084 0.053854 -0.010762 0.099505 -0.15329 0.18522 0.028348 -0.0031103 -0.066252 0.14587 -0.16398 -0.13712 0.14091 0.10771 -0.061754 0.14001 -0.097866 -0.073636 0.14741 0.17567 0.2381 -0.066823 -0.035651 0.077053 0.082724 0.070859 0.028669 0.15929 0.15998 -0.091421 0.09803 0.075502 0.056882 -0.066779 0.11328 -0.049644 0.014346 0.056663 0.09835 0.009066 -0.085536 -0.054193 -0.017413 -0.14325 -0.12634 0.059961 -0.014725 0.054314 0.09621 -0.071948 0.05297 0.077129 -0.05438 -0.14747 0.12069 -0.11532 -0.10745 -0.1401 -0.042137 0.029346 0.10164 0.19011 0.091359 0.057254 -0.022301 0.1741 0.037986 -0.026369 -0.14424 0.066732 -0.18419 -0.046625 -0.28981 0.052984 -0.1346 -0.17512 -0.38458 0.022019 -0.25305 -0.0659 0.067304 -0.23233 -0.043384 -0.092605 0.086034 -0.10845 -0.039708 0.17737 0.046595 0.054586 -0.086476 0.075208 -0.027139 0.17706 0.051131 0.011694 -0.033955 -0.26326 -0.1812 -0.21069 -0.31261 -0.070463 -0.11002 -0.16869 -0.30385 -0.12495 -0.261 0.114 0.079145 -0.017471 -0.15183 -0.046052 -0.11384 0.025853 -0.019429 0.24855 0.0028213 -0.11746 -0.073601 -0.15753 0.078625 0.049923 0.16271 -0.63092 0.25024 0.24017 0.066682 0.0096303 0.11765 -0.057692 0.073928 0.06143 0.099754 0.045522 -0.11369 -0.08128 -0.18772 -0.16487 -0.025865 0.08602 -0.13725 -0.15363 0.050865 0.0033242 -0.10045 0.11171 0.012322 0.33071 0.052648 0.051036 0.032226 -0.18871 -0.008919 0.012195 0.084459 0.20439 0.17117 0.089284 0.036351 0.037597 -0.11931 -0.13196 -0.19402 -0.14172 -0.10164 -0.10787 -0.050795 -0.18582 0.05901 -0.24161 0.12488 0.044742 -0.066402 -0.034051 -0.1279 -0.046818 -0.085581 -0.029387 0.12843 -0.12629 -0.020943 0.46158 0.041679 -0.12551 -0.0071254 -0.051121 -0.19201 -0.022476 0.13105 0.046281
0.13059 0.086349 0.0037741 -0.13115 0.088881 0.0072373 -0.070118 0.10527 -0.083496 0.043357 0.13045 -0.099636 0.086233 -0.033817 0.080451 0.095509 -0.042164 0.0087378 0.1487 -0.035233 0.07857 0.090513 0.17804 0.17264 0.14216 0.17522 0.18717 -0.1163 0.08374 0.1149 -0.11921 0.059613 -0.064954 -0.1655 -0.044506 0.065508 -0.0068748 -0.016145 -0.057822 0.082989 -0.070733 0.0082534 -0.013186 -0.14398 0.10069 0.17764 -0.013089 0.13494 0.11526 -0.057737 0.014317 -0.014871 0.12203 -0.068354 0.11102 -0.015194 -0.03592 0.03367 -0.16208 0.032666 -0.043597 -0.010851 -0.074761 0.031885 0.17354 -0.045499 0.071241 -0.11955 0.13559 -0.026955 0.15796 -0.11709 0.15491 0.0998 -0.03566 -0.036165 -0.0012591 0.18183 0.054945 0.18439 0.070925 -0.062439 0.12838 0.058808 0.065002 0.068292 -0.11068 -0.024906 0.082748 0.16468 0.13633 0.035305 0.03823 -0.14192 0.0027175 -0.1171 -0.11173 0.097657 -0.037851 -0.086206 0.035191 0.047923 -0.022065 0.035635 0.12877 -0.031638 -0.089705 -0.12578 0.090163 0.1418 -0.13005 0.1128 -0.084144 0.066759 0.0094962 0.022646 -0.13213 -0.048605 -0.10878 -0.040895 0.016818 0.11064 0.013551 -0.10017 -0.13995 0.019468 0.050919 -0.11316 -0.13144 0.11518 0.011291 0.08075 0.015935 -0.094187 0.0070175 0.050156 -0.15503 0.072947 -0.011868 0.12409 -0.073302 -0.044004 -0.073291 0.15408 0.18452 -0.00046922 -0.11858 0.10526 0.055581 -0.063993 -0.074204 0.1529 -0.057943 -0.080738 0.040742 -0.19118 -0.019523 0.018603 -0.2322 0.096365 -0.037759 -0.20138 -0.14088 0.12243 -0.12354 0.11398 0.12057 -0.0021769 0.04603 -0.025577 -0.03047 0.044137 -0.10881 -0.089007 0.062004 -0.0033035 -0.14983 -0.015904 -0.12946 0.065508 -0.039411 -0.073523 -0.049285 -0.04679 -0.019764 -0.050331 -0.0057084 0.019063 -0.082879 0.025907 0.030009 0.061364 -0.041419 0.017293 -0.081226 0.026976 0.099458 0.18295 -0.092247 0.12799 0.13221 0.12771 -0.036467 0.05837 0.16504 -0.087268 -0.019669 0.083914 -0.13424 -0.048652 0.10266 0.038013 -0.086338 0.06175 -0.13849 0.081489 -0.0044059 0.16222 -0.13569 0.062695 -0.15092 -0.017955 -0.14806 0.098045 -0.052446 0.1024 -0.15659 -0.1177 0.10975 -0.0025425 0.12272 0.11065 0.12766 0.09951 -0.046789 0.029478 0.045635 0.16669 0.15528 0.17656 0.051395 0.069387 0.057256 0.053095 -0.095636 -0.012207 -0.037224 -0.12109
0.13039 0.17504 -0.048429 0.071513 0.10146 0.12001 0.1387 0.16807 -0.16539 -0.10042 0.041879 -0.095531 0.023254 -0.090331 0.060546 0.048492 -0.073355 -0.060213 0.1696 0.14396 0.056777 -0.10318 0.11404 -0.0409 0.12754 0.15501 -0.087883 0.009558 0.053072 0.10341 -0.04155 -0.17716 0.025152 -0.21879 -0.029305 0.1878 -0.11649 -0.029591 -0.13634 -0.24 -0.19224 0.026249 -0.064514 0.0094625 0.028237 0.089492 -0.0318 0.083499 0.14369 0.12768 0.10501 -0.026707 -0.085566 -0.024265 -0.0071131 0.16083 0.20284 0.13773 -0.213 0.063472 -0.1099 0.060967 0.10458 0.061773 -0.21667 -0.19373 -0.14092 -0.1018 -0.1584 -0.06677 -0.21098 0.027215 -0.024516 0.091219 0.14079 -0.064119 -0.14633 -0.11333 -0.060878 -0.0075705 -0.079422 -0.035412 -0.099263 0.0028179 0.027133 0.10725 -0.081566 0.11846 0.010701 -0.011156 0.044584 -0.031601 0.060123 -0.068856 -0.19244 -0.16765 0.027403 -0.046067 0.039007 0.051917 -0.078026 -0.033609 -0.16773 -0.055179 -0.056696 0.22087 -0.075854 -0.0052156 0.014059 0.075445 0.18316 0.12796 -0.020124 0.014241 -0.1223 -0.035492 -0.13153 -0.11794 0.06455 0.11807 0.14295 0.073182 -0.094083 0.27923 0.12605 0.00065108 -0.11592 -0.007398 0.013444 0.040012 -0.14789 0.1205 -0.085714 -0.15832 0.012083 0.093677 -0.16889 0.35636 0.051755 0.21852 0.088204 0.043111 0.017114 -0.10962 -0.17581 -0.12816 0.17365 0.027902 0.069433 0.17479 -0.040561 0.17205 -0.05731 0.070533 -0.16618 -0.33765 -0.30804 -0.28613 -0.25128 -0.11256 -0.082595 -0.013461 -0.19676 -0.0453 -0.068542 0.12962 0.19319 0.12271 -0.039323 0.22254 0.034934 0.051618 0.068334 -0.20319 0.24802 -0.15088 -0.32208 -0.033393 -0.14373 0.028498 -0.12938 -0.11188 0.032049 -0.093208 0.23309 0.099049 0.13942 -0.018309 -0.15315 0.11596 0.074731 0.20736 0.27399 0.17456 0.02372 0.011213 0.085485 -0.12641 -0.16271 0.22953 0.012328 0.096051 0.22241 0.23027 0.31288 0.0014898 -0.022219 -0.11851 -0.10738 0.052352 -0.17277 0.068328 0.085963 -0.13664 -0.06902 -0.13565 -0.0054198 -0.026517 -0.088508 -0.21437 -0.23035 -0.00047602 0.058158 0.099801 0.020442 -0.082795 0.0080651 -0.075512 0.26352 0.074362 0.082824 0.015627 0.14318 0.062409 0.03802 0.06438 -0.1007 0.11159 0.056288 0.29694 -0.013423 0.17044 0.10829 0.021881 -0.028384 0.019686 -0.059926 0.029972
0.10567 -0.1279 -0.062222 0.052928 -0.092363 -0.044174 -0.09931 0.07478 0.032742 0.072155 0.041027 -0.032592 -0.13928 -0.0062651 0.070651 -0.099249 -0.068101 0.13683 0.18065 0.1698 0.01108 0.048568 0.053732 0.14188 -0.028438 0.10667 0.11957 -0.069702 -0.096721 0.17555 0.045127 0.018767 -0.16 -0.16568 -0.083616 0.054921 0.0082256 -0.052516 -0.088829 -0.078759 -0.097388 -0.03811 -0.055056 -0.15294 -0.055597 0.12839 -0.078287 0.080761 0.033338 0.094662 -0.050623 0.094915 0.13337 0.040263 -0.066373 0.04362 0.16513 0.12026 -0.087421 -0.14301 0.055408 0.084424 0.057162 0.013529 -0.14185 0.032539 0.092293 -0.062782 -0.035015 0.10463 0.11939 0.12695 -0.072511 -0.11605 -0.089279 0.057074 -0.020501 0.083428 -0.043806 -0.080617 -0.077593 -0.018561 0.063168 0.15022 -0.035587 -0.039692 0.12807 -0.079659 0.16408 -0.082443 0.12477 0.13984 -0.05129 0.048908 -0.15094 0.049599 0.096899 0.10492 -0.12516 -0.060685 -0.18928 -0.057749 0.077618 0.01153 -0.0995 -0.059425 0.031542 0.035026 0.10508 -0.030493 -0.075141 0.15256 -0.048128 -0.063197 0.14237 -0.072083 0.089887 0.094195 0.060431 0.038169 -0.11674 0.065758 -0.083058 -0.11179 0.016112 -0.088803 0.091936 -0.11379 -0.23859 -0.014964 -0.059741 0.090109 -0.13117 -0.046128 -0.18386 -0.098008 -0.17792 0.18022 0.27276 0.092264 -0.026712 -0.050656 0.093395 0.14756 0.18507 -0.0071132 0.11886 0.16496 0.028815 0.014249 0.1369 0.2116 0.0013132 -0.016837 -0.0066422 -0.061262 -0.058065 -0.21774 -0.096027 -0.042716 -0.16619 0.03844 -0.051738 0.08584 -0.14511 0.25017 0.26802 0.13874 0.17186 0.10848 0.1841 -0.084131 0.00858 -0.067797 -0.043891 -0.060154 0.11408 0.12042 0.0031568 -0.036388 -0.085328 -0.46802 0.10351 -0.05053 -0.057106 0.11351 -0.01119 0.055703 0.10013 0.12277 0.18855 0.14125 -0.039428 -0.078777 0.074877 0.059358 -0.00065385 -0.052867 0.15496 0.13777 0.0359 -0.13204 -0.049027 -0.063998 -0.018009 0.026771 -0.044933 0.17197 0.1198 -0.090606 -0.14964 -0.088056 -0.010687 -0.0018615 -0.12371 -0.09833 0.080278 -0.14916 -0.22522 -0.016071 -0.021694 -0.21317 0.13653 -0.071598 -0.046226 0.023278 -0.034946 0.10256 0.038376 0.097695 0.10026 -0.010283 0.028173 -0.093448 0.1827 -0.016598 0.085292 -0.11237 0.072693 0.27869 -0.047845 0.14632 0.063318 0.00062232 0.0090324 0.070503 -0.047562 -0.079049
-0.15127 0.1138 0.028755 0.07408 -0.03033 -0.099217 0.062482 -0.087398 0.047298 0.12442 -0.12287 -0.075718 0.10658 0.10416 -0.11706 0.043042 0.078975 0.039601 -0.066711 -0.04278 0.18378 0.12122 -0.028256 0.038454 0.082389 0.13113 0.10566 0.12487 -0.081166 0.025271 0.055008 -0.065831 0.022883 -0.13796 -0.037617 0.18805 -0.19122 -0.029583 0.0991 -0.078694 -0.13973 -0.18635 0.10914 0.038612 -0.032935 -0.11774 0.036489 0.12816 -0.099301 0.0070192 -0.095776 0.099471 -0.037893 0.099722 0.15095 -0.017573 0.062353 0.052918 0.010882 -0.048136 -0.068233 -0.11805 0.078402 -0.13488 0.17052 -0.021431 -0.052529 0.10703 -0.10624 0.14913 0.043469 -0.033747 -0.10174 -0.116 0.020226 0.01578 0.10753 0.173 0.051791 -0.029246 0.14806 0.066477 0.097309 -0.029313 0.027817 0.11131 0.17326 0.097592 0.017198 -0.083145 -0.0043254 -0.0018297 -0.13139 -0.037274 -0.069577 -0.016115 0.023774 0.046381 0.15198 0.095967 0.051964 -0.041069 0.070994 0.11152 0.0070692 -0.016341 -0.035697 0.078867 -0.089288 -0.044019 0.010684 0.18344 0.023512 -0.029337 -0.070556 0.1118 0.04167 -0.05948 0.018161 0.1161 0.030847 0.041614 -0.045448 -0.096785 0.057428 0.13259 0.074606 -0.11068 -0.17258 -0.065245 -0.034345 -0.083293 -0.12843 0.033445 0.078478 0.12079 0.082043 -0.011408 0.14089 -0.067375 0.11207 0.093666 0.0058659 0.14964 -0.06352 0.19367 0.037537 -0.13047 -0.093277 0.074311 -0.047993 0.078309 -0.039749 0.19935 0.04245 0.0042864 -0.24775 -0.014992 -0.25174 0.15331 -0.17469 -0.17378 -0.28121 0.14387 0.031478 0.12475 -0.060211 0.11165 0.013069 0.011857 0.18023 -0.10688 0.18584 -0.049138 0.072656 0.046835 -0.20252 -0.097389 0.061375 -0.00067407 -0.1142 -0.20654 -0.055994 -0.035687 0.12105 -0.13905 -0.017845 0.031141 0.084914 -0.049144 0.080022 -0.03507 -0.10128 -0.045681 0.11035 -0.14713 0.12347 0.042883 0.16844 -0.012225 0.17402 0.15607 -0.036693 -0.0098856 0.099169 0.1773 -0.046875 -0.042798 -0.021023 -0.13216 0.0030209 -0.081427 -0.15814 0.13492 0.063615 -0.13451 0.19072 0.11114 -0.12188 -0.25435 0.051012 -0.20232 0.11958 -0.20739 0.059602 -0.023528 0.095023 -0.13751 -0.036005 0.16522 -0.046214 0.039279 0.074293 0.15352 -0.083053 0.11811 0.16118 0.052498 -0.015471 -0.030677 0.17112 0.028363 0.11686 0.059504 -0.10334 0.11461 0.11658 0.19946
0.065532 -0.084115 -0.053494 0.12972 -0.039082 -0.057513 -0.021466 -0.14864 0.0088545 -0.0033452 0.074648 0.15729 -0.00045144 0.14181 -0.12573 -0.083206 0.067831 -0.16762 -0.092861 0.021761 0.15801 -0.034906 0.0021219 -0.098067 0.061313 0.064327 -0.050127 -0.10873 -0.058051 -0.01302 0.081469 -0.12813 -0.09776 0.11343 -0.028891 -0.099504 -0.01978 0.027886 0.13616 0.0099964 -0.1612 -0.056568 0.10942 -0.11394 -0.071185 -0.017807 -0.028265 0.12566 0.12312 -0.13502 0.030171 -0.10272 -0.15986 0.064645 -0.057908 -0.021487 0.037204 -0.14159 0.025823 0.11368 0.017289 0.0065224 -0.11774 -0.083849 0.10835 0.12274 -0.035297 -0.038352 0.08409 0.020263 0.0049332 -0.041318 -0.14502 0.015783 0.011812 -0.052208 0.0078972 -0.11554 0.057283 -0.10596 -0.076545 -0.012843 0.0028483 0.066063 -0.053802 -0.13421 0.13793 0.0033785 0.073116 0.11442 0.11004 -0.038136 0.14823 0.05377 -0.076951 -0.13279 -0.097699 -0.092451 0.099775 -0.10381 -0.054292 -0.059271 0.054371 0.023332 0.024684 -0.12652 -0.021018 0.11422 -0.035233 -0.10491 -0.14215 0.14164 -0.18232 -0.055373 -0.0071901 0.019166 -0.082203 0.12662 -0.15882 0.12179 -0.075743 0.1763 -0.10259 -0.11733 -0.15716 -0.11258 0.084684 0.020571 -0.082154 -0.12112 0.011297 -0.1007 -0.13349 0.049348 -0.10829 -0.14089 -0.083603 0.15482 -0.048913 -0.069498 0.068176 -0.060318 -0.0089796 0.060827 -0.12869 0.14342 -0.16143 0.15227 -0.097942 0.16059 -0.041744 0.11713 -0.064837 -0.072464 -0.089986 -0.051126 -0.109 -0.14935 -0.14703 0.13995 -0.08758 -0.0041817 -0.18091 0.025549 -0.15381 0.08424 0.20603 -0.064603 0.011311 0.030315 0.090022 0.00053249 -0.0060502 -0.076471 -0.016263 0.0090291 0.020921 -0.13625 -0.089709 -0.11439 -0.11378 0.026213 -0.1001 0.055398 0.053489 0.032958 0.063519 0.058005 -0.1289 -0.076394 -0.075259 -0.077533 0.1082 -0.088787 -0.018331 -0.04641 -0.10546 0.0056418 0.036041 0.072755 0.061148 0.077832 -0.1508 -0.16892 -0.0032512 -0.097887 0.075335 -0.011473 0.055931 -0.060537 -0.076333 0.019137 0.13713 0.023442 0.0061421 -0.079852 0.11975 -0.17338 0.04131 0.011526 0.091074 -0.069341 0.039076 0.074272 -0.019379 0.066237 -0.076205 0.002396 -0.07314 -0.13033 0.011019 0.10702 0.0079139 0.0033178 -0.093138 -0.15806 0.071919 -0.04163 0.048913 0.032571 0.10886 0.17114 0.082326 0.13048 -0.10221 -0.089203 0.0643 0.013501
-0.05491 0.046344 0.099479 0.10559 -0.042612 -0.01868 0.081362 0.12778 -0.087668 0.1471 -0.018054 0.14018 -0.079258 0.035059 -0.11405 0.093221 0.20045 0.079644 0.00012024 -0.080406 0.22236 0.050932 0.14157 -0.024392 0.018882 -0.038334 0.15373 0.028432 0.08971 -0.07433 -0.070314 -0.022284 0.14411 0.03155 -0.080765 0.15627 -0.10015 -0.08758 -0.10631 0.093143 -0.14397 -0.17728 0.097539 -0.063438 -0.10272 0.17168 -0.08796 -0.031759 0.030125 0.075763 0.14748 0.13701 -0.084214 0.11547 0.17963 -0.00023433 0.056679 0.0468 0.058264 -0.11257 0.049369 -0.072014 -0.13761 -0.10059 0.047427 -0.040432 -0.10205 0.076425 0.03935 0.14453 0.046813 0.16579 0.15407 -0.0076972 0.11774 -0.034018 0.12066 0.17201 0.12423 0.07611 0.16587 0.0055253 -0.05288 0.030647 0.19523 -0.048102 0.11417 0.010375 0.058198 0.05168 0.033349 -0.058433 -0.14766 -0.16712 -0.076452 -0.054836 -0.089113 -0.046469 0.063153 -0.13569 0.095683 -0.039909 -0.014712 0.05605 0.054083 -0.049827 -0.03343 -3.9957e-05 -0.032909 -0.068079 -0.052042 -0.052846 0.18763 -0.0060116 0.036267 0.11838 -0.033068 0.086878 0.010443 0.030904 -0.16063 -0.1664 -0.010036 0.08653 0.11422 -0.087041 -0.037608 0.095372 -0.073535 -0.18506 -0.080726 0.10481 -0.08245 -0.041673 -0.085706 0.025983 -0.04768 0.18857 -0.014389 0.16259 -0.072125 -0.039826 0.17901 0.15602 0.12707 0.23942 -0.043382 -0.047301 0.046453 -0.099729 -0.00016368 -0.011264 0.068982 0.12245 0.15492 0.016077 -0.27256 -0.12857 -0.13424 0.12975 -0.0011002 -0.12159 -0.16623 -0.11672 -0.14958 0.17302 0.035453 0.19777 -0.026892 0.039967 -0.0066145 0.04888 0.14954 0.14558 -0.035834 -0.15137 -0.19214 -0.10383 0.007357 -0.034409 0.022766 -0.42812 0.12772 0.22991 0.10809 0.14007 -0.088237 0.18867 0.0722 0.1292 0.24551 0.13076 0.14088 0.11976 0.10575 -0.12537 -0.034715 -0.036258 -0.053942 0.040444 0.1239 -0.12809 0.056468 0.016829 0.16564 0.029163 0.017343 0.18148 -0.018815 -0.13379 -0.094718 -0.16693 -0.14875 -0.0064394 -0.021382 -0.044948 0.032152 0.088784 -0.15358 -0.15892 0.05897 -0.24944 -0.05048 -0.1683 -0.14416 -0.039896 0.12079 -0.19721 0.041841 -0.068755 0.20609 -0.086221 -0.089853 -0.024213 0.14299 0.055929 0.19817 -0.039243 0.02436 0.28979 -0.025689 0.15409 -0.098497 -0.014928 -0.056139 0.084885 0.14503 0.088867
-0.083804 0.16278 0.012398 -0.033931 0.020012 -0.096642 -0.069255 -0.21168 -0.20464 0.15871 0.045358 0.021903 0.064769 0.19426 0.017799 0.081476 0.018192 0.11589 -0.10775 -0.082223 0.030779 0.0088183 0.12538 0.13644 0.10514 -0.029501 -0.024342 -0.06821 0.050805 0.079371 -0.049436 -0.00093436 -0.24474 -0.094316 -0.020711 -0.055294 0.0050315 -0.089805 0.001049 -0.10297 -0.080896 0.099891 0.12037 0.10934 -0.091928 -0.0044039 -0.12161 0.054703 -0.0060483 -0.07397 -0.030513 0.13828 0.047258 0.014662 -0.16785 -0.11671 0.37524 0.035982 -0.022005 0.19739 -0.0082751 -0.21562 0.16692 -0.25889 -0.30937 -0.14771 -0.034988 -0.12537 -0.20881 -0.25234 -0.20315 -0.30567 0.050598 0.028413 0.11691 0.17863 0.10102 -0.069978 0.079167 0.068733 0.11709 -0.075262 0.23489 0.17046 0.16426 0.21262 -0.36201 0.11543 -0.048623 -0.28835 0.084023 0.11755 0.21045 -0.0020371 -0.013879 -0.093256 -0.24751 0.07829 0.23498 -0.087968 -0.049119 -0.13617 -0.0067833 -0.050927 0.15546 0.05056 0.029288 0.099586 0.0719 0.047032 -0.033572 -0.084561 -0.10566 -0.009768 0.086747 -0.053675 -0.13913 -0.023011 0.03547 0.016048 -0.08448 -0.087278 -0.014992 0.061332 0.04676 0.18553 -0.20431 -0.025037 -0.081226 0.081224 -0.079426 -0.058582 -0.016622 -0.15104 -0.042252 -0.15103 0.085611 0.077754 -0.11483 -0.16379 -0.05489 -0.14924 -0.0071275 0.0033893 0.15275 -0.048 0.48204 0.29075 0.18796 -0.0095277 0.10887 0.2192 0.064784 -0.078469 -0.18859 -0.14369 0.12299 0.013887 0.064598 -0.23037 -0.18917 -0.087977 -0.056127 -0.12971 0.19085 -0.14953 -0.010987 -0.0095612 -0.10409 -0.2301 -0.10739 0.06324 -0.0022058 0.045508 0.13646 0.11872 0.10452 0.35849 0.14696 0.28894 -0.24324 0.80912 -0.31433 -0.67533 -0.42599 -0.06203 -0.17206 -0.057785 -0.18655 0.10831 -0.099999 0.0483 -0.21532 -0.049028 0.22326 0.28269 -0.041271 0.17111 0.089784 0.32272 0.12026 0.13963 0.11652 -0.048725 0.10831 -0.53312 -0.02936 0.17475 -0.31039 -0.057501 0.10443 0.1614 -0.011527 0.074011 0.15249 0.03956 -0.17419 -0.2581 -0.015117 -0.09809 0.097994 -0.11942 -0.13484 -0.16825 -0.17689 0.023853 -0.053383 0.042907 -0.034217 0.0018124 -0.087874 0.0010499 -0.15859 -0.056448 0.018724 -0.02708 0.076654 0.15716 0.063063 0.23145 -0.11997 0.051241 0.17865 -0.014728 -0.027147 -0.071402 -0.27019 0.11347
0.051451 -0.13268 -0.16982 -0.090827 -0.0052606 0.11556 -0.016223 0.2473 -0.022822 0.10855 -0.015696 0.15131 -0.13981 -0.066606 -0.010846 0.11489 -0.18359 0.055224 -0.13492 -0.084985 -0.13693 -0.036785 -0.096093 0.042556 0.25896 0.093617 0.062858 0.076912 0.093238 -0.00093222 -0.080796 -0.11125 -0.0043381 0.035351 0.12336 -0.025239 -0.10485 -0.098561 -0.085595 -0.22391 -0.26086 0.023766 -0.075424 0.13719 -0.042616 0.062029 -0.18614 -0.21952 -0.17508 -0.096765 0.10478 -0.11837 0.013733 -0.15382 -0.035463 -0.074711 0.17429 -0.16077 -0.15263 0.14481 0.072908 0.004947 0.49053 0.00069403 -0.08358 0.019852 -0.056895 -0.079193 0.10316 0.020019 0.048844 0.0015869 -0.099148 -0.14006 -0.072299 -0.06825 -0.10593 -0.33023 -0.084948 -0.13392 -0.30575 0.068896 -0.17049 -0.16677 0.095905 -0.22552 -0.04777 -0.087755 -0.060278 -0.20115 0.031005 0.064509 0.04453 -0.26802 -0.15954 -0.051071 0.088702 -0.049922 0.25151 -0.047201 -0.02517 -0.026075 0.061099 -0.038655 0.018138 0.037894 -0.078923 -0.094675 0.031257 -0.081618 -0.089474 -0.19259 0.0018876 0.0080822 -0.16088 0.12658 0.1152 -0.072916 -0.080077 -0.21192 -0.11188 -0.167 -0.064775 0.096716 0.14474 -0.05042 0.10287 -0.074651 0.10115 -0.28327 0.3288 -0.10571 0.20465 0.23998 0.5553 0.37952 0.38667 -0.044308 -0.1158 -0.39114 -0.072355 -0.072732 -0.040962 -0.042283 -0.077898 -0.063901 0.37268 -0.010476 0.14888 -0.055686 -0.051604 -0.1272 0.0665 0.14379 -0.0096627 -0.0035557 0.21377 0.0083475 0.27526 -0.36994 0.20784 0.37389 0.67166 0.26106 0.61745 -0.29306 -0.28695 -0.28179 -0.1824 -0.1676 -0.13418 -0.15805 -0.14277 -0.17365 0.10711 -0.10392 0.096171 -0.044804 0.25365 0.29158 -0.16696 1.2202 -0.4277 -0.48224 -0.068382 0.045642 0.038845 0.056148 -0.20149 0.072258 -0.024019 0.010687 0.21045 0.11631 0.25826 0.25435 0.093682 -0.092186 -0.12253 0.12341 0.2096 0.089569 0.13539 0.049398 0.039232 -0.31322 0.24603 -0.037456 -0.07051 0.071973 -0.22023 -0.017325 0.026057 0.047448 0.0058456 0.042476 0.08278 -0.04956 0.078928 0.23268 -0.060732 0.23704 -0.072025 0.24095 0.13844 0.38617 0.064122 0.26498 0.017776 -0.11066 -0.13412 -0.011428 0.013593 0.012931 0.19225 -0.0074082 0.1653 0.23632 -0.114 0.38851 -0.15951 0.13634 -0.015735 -0.067083 0.34923 -0.068832 -0.0876 0.017642
0.08171 0.041768 -0.063352 0.10503 0.014836 0.048979 0.088175 -0.11058 0.11535 0.018732 -0.054255 0.016213 -0.13903 -0.17387 -0.16861 -0.095491 0.067951 -0.011999 -0.12157 -0.039098 -0.066432 -0.1887 -0.08548 0.13589 -0.059954 -0.094108 0.10455 -0.0098223 -0.0245 0.17429 -0.16596 -0.034017 -0.054533 0.063181 -0.046772 0.15179 -0.0093167 -0.08656 -0.17203 -0.01114 -0.086618 -0.022279 -0.10903 -0.041502 -0.19022 -0.17116 -0.20834 -0.10155 -0.087427 0.029393 -0.10061 -0.011246 0.096791 -0.035354 -0.046016 0.20304 0.12108 0.048417 -0.1501 -0.07705 -0.13327 -0.11058 0.0047384 0.047777 -0.055339 0.070538 -0.10822 0.032713 -0.10788 -0.087544 -0.20351 0.053539 -0.12681 -0.056965 -0.12083 0.064805 0.091232 -0.16762 -0.093193 -0.11248 0.10181 -0.11311 0.057718 -0.046033 0.11977 0.0027908 0.16562 -0.08271 -0.1455 -0.20042 -0.03141 -0.0045663 -0.048809 0.038146 -0.10931 -0.12464 0.0028278 0.10153 0.18821 -0.11255 -0.02782 0.0032195 0.066107 -0.031999 0.023444 -0.038715 -0.0027506 -0.061924 0.11637 -0.17271 -0.12674 0.077089 -0.16351 -0.15596 -0.065683 0.07335 0.026718 -0.1059 -0.0060444 -0.18736 0.014331 -0.0086624 -0.092682 0.092274 -0.10624 -0.028204 0.058791 0.028698 -0.0098568 -0.047083 0.21855 0.25667 0.057461 0.16431 0.048586 0.078928 0.11199 0.14826 0.039354 -0.14012 0.019294 -0.0034898 0.0070317 0.0043874 -0.045324 -0.13707 0.14267 -0.15081 0.031168 0.12938 0.055156 0.18833 -0.010914 0.0079029 0.11773 -0.068642 -0.070856 -0.00052772 0.23649 0.079406 0.071748 -0.0064692 0.17178 0.055742 0.13077 0.012313 -0.0026453 -0.023184 -0.021175 -0.15323 0.079042 -0.011052 -0.061812 -0.18985 -0.081012 -0.040908 0.11446 -0.15136 -0.088355 0.0058517 -0.023749 0.23704 -0.26823 -0.22606 0.034972 0.11053 -0.13057 0.13657 -0.10666 0.14748 -0.10925 -0.064495 0.057332 -0.10232 0.015667 -0.092703 -0.13972 0.07741 0.039309 0.028858 -0.098992 -0.0015286 -0.12139 -0.11554 0.075563 -0.22054 0.13624 -0.17487 -0.12831 0.08466 -0.018606 -0.094175 0.094249 -0.0079514 0.018122 0.17179 0.0064046 0.14215 0.15717 0.13021 0.10324 0.072852 -0.16194 0.16898 0.11179 0.092478 0.067028 0.12829 -0.030859 -0.058808 -0.044683 -0.051679 -0.040209 -0.012337 0.071775 0.061144 0.056729 0.060653 -0.084721 0.17185 -0.02182 0.1839 -0.048174 0.071335 0.16633 -0.0030507 0.036587 -0.038347
-0.076906 0.14588 -0.022742 0.077318 -0.010768 0.11997 -0.057545 -0.0035305 0.026687 -0.093585 0.051888 -0.0019073 -0.0029657 0.017864 -0.090985 -0.11455 0.072112 -0.041089 -0.025306 -0.10615 -0.1253 -0.06113 0.08082 -0.11141 -0.0177 0.18184 0.057641 -0.12769 0.0091195 0.058781 0.073261 0.046969 0.084864 0.065639 0.13975 -0.12358 -0.24005 -0.15962 -0.24711 -0.22151 -0.1602 -0.024982 -0.15353 -0.11432 -0.247 0.14423 0.050767 -0.13087 0.020824 0.14148 0.0076904 0.13985 -0.12501 -0.017623 0.030584 0.17935 0.15613 -0.066626 -0.033829 -0.02522 0.030015 0.088046 -0.1232 -0.0021937 -0.14969 -0.10942 -0.062507 -0.070715 -0.031037 0.09763 -0.02809 -0.12809 0.037491 0.10505 -0.0704 -0.074684 -0.10876 -0.030518 -0.24125 -0.13602 0.049854 -0.057406 -0.10635 0.084837 0.024291 0.098407 -0.051603 -0.077073 -0.0033336 -0.11896 0.088974 0.088875 0.068556 -0.14186 -0.066165 -0.016549 0.032733 0.14878 -0.059104 -0.015779 -0.050602 0.076419 -0.043881 0.019001 0.070683 0.15803 0.015731 -0.11644 0.094307 -0.14434 -0.089299 0.030426 0.12267 0.084096 -0.059326 0.065449 -0.068396 -0.01279 0.14342 -0.081506 0.099645 0.24986 0.047245 0.060598 -0.12394 0.059087 -0.11058 0.031243 -0.021158 0.088236 -0.13741 0.053698 -0.077553 -0.11398 -0.13237 0.010459 -0.096054 0.041879 0.1073 0.28359 -0.041825 0.08253 -0.090859 0.17236 -0.10435 0.06939 0.04784 0.026066 0.20794 -0.028958 0.12321 0.237 -0.0046746 0.084715 -0.026275 0.0096005 -0.089685 -0.17025 -0.15899 0.1779 0.10009 -0.12596 -0.32243 0.00045471 -0.20712 0.13653 0.2772 0.092842 -0.01137 0.072628 0.14665 -0.056982 -0.067239 0.12632 0.042066 -0.10724 0.020656 0.10888 0.12927 0.017155 -0.098214 -0.26749 0.043156 -0.03318 0.17925 0.11295 0.12856 0.18899 0.049894 0.28579 0.023463 0.048493 0.069923 0.031747 -0.12222 -0.12944 -0.19012 -0.11588 -0.26315 -0.18566 -0.17218 -0.13213 -0.1307 -0.096795 -0.031875 -0.17323 0.10856 -0.038104 0.00076005 -0.24091 -0.16103 0.0034252 -0.12707 0.066366 -0.14943 -0.12809 0.10405 0.072726 -0.016541 -0.10645 -0.039145 -0.13392 0.20429 -0.0099574 -0.13871 -0.16583 0.16553 -0.031314 0.22063 0.032187 -0.035123 -0.065925 0.16792 0.03132 -0.073419 -0.04865 0.035551 -0.048398 0.045031 0.4884 0.09245 0.17523 -0.059149 0.085768 0.16697 0.16963 0.15715 0.17938
-0.0019977 0.036254 -0.11756 0.085669 0.161 -0.1332 -0.22075 -0.15633 0.035517 0.22251 0.1523 0.079615 0.15484 0.033628 -0.075633 -0.050354 0.023329 0.0056287 -0.14408 -0.24979 -0.24231 0.083308 0.027395 0.0018557 0.17257 -0.041023 0.15323 -0.050958 0.051683 0.10616 0.075607 0.038941 0.12762 0.11861 -0.082602 -0.030485 0.11287 -0.13986 0.023478 0.088297 0.075901 -0.14944 -0.079663 -0.0093788 0.13334 -0.024963 -0.037637 -0.14987 -0.097287 -0.1648 0.0045787 -0.075342 0.027903 -0.050311 -0.019929 -0.042118 -0.18764 -0.025288 0.19114 0.01413 0.29337 0.22038 -0.17856 0.31939 0.40739 0.31833 0.17107 0.10592 0.1989 0.18578 0.23819 -0.010194 -0.039794 -0.082228 0.0089491 -0.017636 -0.03288 0.21429 -0.00031606 -0.14312 -0.0052124 -0.13479 -0.068816 -0.15471 -0.037725 -0.19035 0.13496 -0.084827 -0.16166 -0.001727 0.23716 0.078287 -0.20546 0.084791 0.14269 0.15831 0.08903 -0.28088 -0.02677 -0.09191 -0.086627 0.014039 0.018855 -0.12215 -0.077467 -0.067517 -0.067303 -0.18229 -0.017378 0.067434 0.071734 -0.16819 -0.1379 0.022794 0.05409 0.10616 0.11584 0.082312 -0.021266 -0.11075 -0.27184 -0.14631 0.023029 0.19298 -0.027646 0.071529 0.070155 0.18134 0.13847 0.14449 -0.050625 0.44805 0.096691 -0.068573 0.050309 0.32905 0.015867 0.58449 -0.046381 -0.0046774 -0.28649 -0.078855 -0.12774 -0.15256 -0.10381 -0.052101 -0.19469 -0.39982 -0.023909 -0.27808 0.050111 0.30345 0.14406 -0.14228 0.22446 0.22522 0.14308 0.21819 -0.026818 0.38931 0.057488 0.17865 -0.17181 0.32716 -0.12914 0.53911 0.1017 -0.24897 -0.22244 -0.34034 -0.27452 -0.23239 -0.21839 0.044764 -0.24608 -0.26861 -0.31133 -0.12774 -0.041619 -0.00077495 0.46176 -0.99044 0.50381 0.51383 0.63996 0.47102 0.36593 0.14963 0.2268 0.10293 0.46878 0.20014 0.047636 -0.0037017 -0.16884 -0.025549 0.1889 0.24208 0.25909 -0.14331 -0.072959 -0.15294 -0.3306 -0.20119 -0.44715 0.52613 0.072158 0.095827 0.17233 -0.051973 -0.5206 -0.12202 -0.17259 -0.10117 0.022604 0.15329 -0.13748 0.13323 0.2561 -0.024851 0.065108 0.072254 0.11904 0.12005 -0.087753 -0.006794 0.13557 0.11619 0.14344 0.078294 -0.13726 -0.10456 -0.08104 0.056141 0.15665 0.079451 0.21008 -0.11649 -0.32865 0.62317 -0.23141 0.071001 -0.18027 -0.1121 -0.25969 -0.20216 -0.0093866 -0.035073
0.11866 -0.11571 -0.079281 0.096497 -0.021837 0.17091 0.16261 0.055555 -0.10447 0.20288 -0.073551 -0.13447 -0.077193 -0.0063927 0.12219 -0.13078 -0.11309 0.081733 -0.1127 -0.0066388 0.024704 0.082997 -0.049037 0.081718 0.089121 0.041562 0.019619 0.046544 0.093427 0.081153 -0.040195 -0.092678 0.090188 -0.0060152 0.11222 -0.13382 0.045227 0.064879 0.097059 0.076601 0.14745 -0.041007 0.08099 -0.086653 -0.015463 -0.15546 -0.1804 -0.027443 -0.00015729 0.10486 -0.14657 -0.14909 -0.16106 -0.001511 0.076565 -0.11489 -0.049905 0.013362 -0.15816 0.15478 -0.016042 0.084549 -0.030319 0.025947 -0.031974 0.047986 0.041286 0.12365 0.10203 -0.11428 -0.072455 0.038685 -0.15996 0.0082536 0.10628 -0.036192 -0.10317 0.082048 -0.082893 -0.17552 0.058318 0.009482 -0.11494 -0.099214 0.097328 -0.21382 -0.11435 -0.062504 -0.20323 0.11213 0.020498 0.18796 -0.080084 0.099723 -0.02105 0.19576 0.15699 0.073614 -0.10517 0.06678 0.17157 0.16054 -0.012247 -0.094456 0.055897 0.16673 0.070662 0.095716 0.06553 -0.0089145 -0.13333 0.074704 -0.14662 0.059915 -0.12585 -0.15718 -0.14527 0.057822 -0.024747 -0.087002 0.028098 -0.068336 -0.037558 0.082897 0.14624 0.031028 -0.10682 -0.066947 0.13995 0.16543 0.15856 0.071113 0.091508 0.14928 0.082953 0.15571 -0.0097366 -0.064565 -0.0091706 -0.036846 -0.029052 -0.027002 -0.11776 -0.036498 -0.03117 -0.069222 0.056108 0.18337 -0.020779 0.072213 -0.1091 0.036446 -0.078814 -0.065002 -0.093535 0.042236 0.24793 0.20956 0.14798 0.022953 0.19207 -0.045124 0.19067 0.15328 0.11876 0.084312 -0.16685 -0.060333 -0.070104 -0.050248 0.13668 -0.046499 -0.16174 0.05426 -0.15622 0.0038389 0.029362 -0.10591 0.11406 0.17519 -0.045915 0.23661 0.097637 -0.21508 -0.075828 0.092962 -0.016277 -0.079514 0.064149 -0.064099 -0.13718 -0.065841 0.055242 -0.038667 0.062089 -0.021344 -0.10967 -0.18518 -0.20313 0.062555 -0.09994 0.014043 -0.1245 -0.030276 -0.073546 -0.0102 0.045702 -0.011773 0.12603 0.11223 0.18604 0.10595 -0.084511 -0.11227 -0.16421 -0.10288 0.016647 -0.017256 0.19394 0.22595 0.053493 0.081048 0.050506 0.058591 0.04011 0.13943 -0.033126 0.055462 0.057826 0.08252 -0.1146 -0.051422 -0.018032 0.053584 -0.16965 -0.073477 -0.011065 0.013119 -0.057367 -0.034193 -0.12739 0.029032 -0.18007 0.14714 0.15747 -0.17957 0.15636 0.022428
-0.087404 -0.019069 -0.11757 -0.002269 -0.024828 -0.11086 0.057024 0.072127 0.12523 -0.018567 -0.057215 -0.10431 0.024484 -0.053595 -0.0017999 -0.0051467 -0.010648 -0.043461 -0.068651 -0.023595 0.18437 -0.095558 0.17441 0.12555 0.17031 -0.11273 0.085642 -0.080195 0.039415 0.088679 0.0090317 -0.11813 0.13277 -0.13395 -0.034635 0.0038518 -0.1223 0.016737 -0.043034 -0.027531 -0.045365 0.039228 0.0067971 -0.15347 0.12521 0.16945 0.16582 -0.030071 0.17116 0.15198 -0.11599 0.063136 -0.054004 -0.10628 -0.082323 0.079955 -0.17271 0.036541 -0.17667 -0.062583 -0.10544 -0.11659 0.0070694 -0.10456 0.18151 0.10236 -0.0094806 0.05632 -0.057254 -0.03178 0.072679 -0.06301 -0.0063899 0.0096191 0.10704 0.012227 -0.13356 0.12957 0.010316 -0.12724 -0.093247 0.082711 0.1666 -0.12593 0.067952 0.040982 0.0025337 -0.050596 0.0044527 -0.026357 -0.025375 -0.11362 0.08555 0.075876 0.035928 0.064604 -0.074497 -0.066688 -0.0018429 -0.11949 -0.0030757 0.075325 0.0655 -0.091166 -0.083546 0.015937 0.12018 0.0092312 0.1348 -0.066694 0.060095 0.14937 -0.0040101 -0.054148 -0.028787 0.10026 -0.079567 0.13145 -0.1231 -0.045357 0.10075 0.011727 0.070868 -0.13444 0.10599 -0.11014 -0.061547 -0.027384 -0.26633 -0.04556 -0.12415 -0.080313 -0.093423 0.036192 -0.016439 0.12507 -0.15906 0.22952 0.051597 -0.05653 0.072777 0.17946 -0.067631 0.00029331 0.044722 -0.079777 -0.093316 0.057333 0.13068 0.058339 -0.1414 0.14714 -0.0015132 -0.062314 0.0083445 -0.043794 -0.093769 -0.02736 -0.11642 -0.058612 0.061628 -0.12469 -0.24331 0.12252 -0.23019 0.029084 0.10344 0.18982 -0.10728 -0.049336 -0.0051765 0.13469 0.047529 0.027754 -0.13474 0.095296 0.11495 0.060244 -0.13508 0.01071 -0.073253 -0.33562 0.16012 0.16585 -0.049316 0.013172 0.011986 0.12277 -0.10416 -0.013474 -0.066053 0.081704 0.14868 0.039547 -0.087103 0.0046226 -0.14875 -0.035921 -0.056438 0.016563 -0.10631 -0.11877 -0.07468 -0.066797 0.11651 0.18174 -0.024039 0.1602 -0.056839 0.085851 0.067651 0.10159 0.089496 0.094293 -0.12277 0.014618 -0.039951 -0.057666 0.084326 -0.02931 -0.16584 -0.031935 0.014035 0.028561 -0.013847 -0.2317 -0.13283 -0.010374 0.14627 0.1776 0.11677 0.068586 -0.12478 0.049669 0.034987 0.12256 0.076223 0.12756 0.083202 0.037334 0.15133 0.029927 -0.02485 -0.0063532 0.065022 -0.02525 -0.14073 0.10215
-0.0073312 0.050098 0.14031 0.021126 -0.005981 -0.057116 0.021283 -0.031095 0.13247 -0.075977 0.075133 0.094429 -0.066824 0.055625 -0.15044 -0.076516 -0.12946 -0.020524 0.13154 -0.039536 -0.088441 0.08019 0.080936 0.0082925 0.056623 0.12888 -0.11047 0.048273 -0.12352 0.052682 -0.12348 0.0062369 0.17168 0.00031961 -0.090886 -0.025566 0.0017164 -0.013269 -0.076534 0.14484 -0.13009 0.075888 0.072954 0.017208 0.062638 0.017496 0.083119 0.041956 -0.069702 0.076751 -0.12635 0.054389 0.1735 0.032167 0.043878 -0.052812 -0.025952 0.050649 0.15473 -0.0090062 0.080426 0.098993 -0.19261 0.086213 -0.032536 0.048044 0.11187 -0.12043 0.044055 0.021908 0.16614 0.16066 0.14376 0.1124 0.0053989 -0.091963 0.052154 -0.017148 -0.09033 -0.11377 -0.028996 -0.034939 -0.0064264 0.13438 -0.093018 -0.096827 -0.1048 0.087037 0.055709 0.14771 0.075787 0.13252 0.059559 -0.13695 0.14194 0.056112 -0.051719 -0.015305 0.0040803 0.12208 -0.098491 0.047736 0.17657 0.052011 -0.10729 0.11439 0.066147 -0.12195 -0.11212 -0.13711 -0.14267 -0.086706 0.0094988 0.12505 -0.10835 0.05761 -0.076578 0.082607 0.0010201 -0.054269 -0.035463 0.10666 0.1448 0.10107 -0.083159 -0.13359 -0.0095371 -0.087168 0.15145 -0.16655 -0.19771 0.15395 -0.0069992 -0.035354 0.090546 0.029796 -0.17852 0.12086 -0.011275 -0.066317 0.1315 0.075825 -0.012262 0.13571 0.14843 0.10025 0.0097735 -0.1662 0.10439 -0.054989 -0.068499 0.0080392 -0.046715 -0.012243 0.019553 -0.084232 -0.04227 0.0069803 0.059305 0.060797 0.013662 0.05216 -0.15054 -0.01064 -0.23126 0.011535 0.091298 -0.075567 0.18277 0.061469 -0.053822 -0.10958 0.098556 -0.035608 0.039024 0.084071 0.13109 0.10787 -0.074842 0.0056463 -0.078894 -0.16777 0.18509 0.02914 -0.010663 0.12353 0.060123 0.031714 0.21487 0.16099 0.13797 -0.13885 -0.024401 -0.15592 -0.025477 0.019398 0.048973 -0.0022114 0.12962 -0.089384 0.11258 -0.1906 0.076129 -0.024646 -0.041382 -0.0039639 -0.090027 -0.0091336 0.039303 -0.0051505 -0.022655 0.13166 0.091272 0.091141 -0.13627 0.12943 -0.12075 0.10561 0.13744 -0.12817 -0.035233 -0.033831 0.001983 0.071084 0.14146 -0.0060109 0.070323 -0.12173 0.15509 0.0064404 0.058617 0.11753 0.022403 -0.028922 -0.029711 -0.014031 -0.023518 -0.068824 0.015063 0.13766 -0.09489 0.073612 -0.059015 -0.025626 -0.058228 -0.13587 0.095713 0.082355
0.10215 0.12938 -0.019504 0.028919 -0.11285 -0.11754 -0.057186 -0.11462 -0.15725 -0.0091242 0.081516 0.061903 -0.026476 0.049341 0.061848 0.061266 -0.045179 0.18484 0.097163 0.049929 0.11497 -0.040142 0.12527 0.030194 0.057441 0.11125 -0.080303 -0.16282 -0.03321 0.17244 -0.0419 0.040596 0.020864 -0.17325 -0.015001 0.047329 -0.015362 -0.15169 -0.14636 0.034552 -0.1503 0.032387 -0.026747 -0.084847 0.18226 0.13638 0.071402 0.00023319 0.2118 0.025013 0.026932 0.089378 0.12419 -0.10589 0.040451 -0.20139 -0.14089 0.058278 0.14516 -0.11074 -0.023692 -0.117 -0.23479 -0.050889 0.0089589 -0.11668 -0.08603 -0.081865 -0.12765 0.06838 -0.001235 0.034138 0.019832 -0.12931 0.092977 -0.043671 0.028541 -0.014193 0.14247 -0.08607 0.12104 0.10339 -0.10311 -0.13639 0.1463 0.14446 0.080827 -0.11217 0.09756 -0.013273 -0.17235 0.20453 -0.0075156 -0.08866 0.1394 -0.091678 -0.15949 0.0029188 -0.092063 -0.17039 -0.020793 0.052867 -0.11382 -0.089136 -0.072038 -0.019303 -0.093001 0.17236 0.067119 -0.020375 0.0098678 0.10019 -0.015218 0.014278 -0.056704 -0.028974 0.069247 -0.13719 -0.011114 0.15835 0.24248 0.10725 0.026187 0.27848 -0.052022 -0.11693 -0.028514 -0.25194 -0.28799 -0.016903 -0.37744 -0.068104 -0.21735 -0.031643 -0.052476 -0.076017 -0.13244 0.24389 0.18063 0.14004 -0.050775 -0.13928 0.068985 -0.0056186 0.11739 0.023313 -0.053282 0.069917 0.15764 0.095877 0.14066 0.033868 0.0035889 -0.086738 -0.17423 -0.17161 -0.31704 -0.061548 -0.49193 0.19559 -0.30017 -0.24621 -0.394 0.17943 -0.16712 0.081381 0.15088 0.12535 0.015377 0.078154 0.098308 0.091349 0.060816 -0.03422 0.030877 -0.12782 -0.059437 -0.042348 -0.20086 -0.14297 0.10133 -0.49282 0.064834 0.10368 0.042131 0.18933 0.10143 0.10063 -0.0089204 -0.001709 0.08889 0.042329 0.090087 -0.13079 0.087867 -0.1637 0.0034232 0.039135 0.088338 -0.011429 -0.19272 -0.19207 0.075711 -0.060722 -0.11997 0.031167 -0.090154 -0.056588 0.1762 0.050638 0.018756 0.19743 -0.049589 0.18359 0.10162 -0.14361 0.0040282 -0.16432 0.071927 -0.24823 -0.019345 -0.12147 -0.053727 -0.18469 -0.23725 -0.0014382 -0.014807 -0.029622 0.11286 0.14713 -0.05876 -0.068832 0.08594 0.0020704 -0.18742 0.018548 -0.011782 0.0043385 -0.14165 0.26668 0.10824 -0.055874 -0.073809 -0.14767 -0.010378 0.10504 -0.12935 0.075881
0.010888 0.11897 -0.03099 0.086469 -0.11595 0.094036 -0.14218 0.059843 -0.0073093 0.0050639 -0.13399 0.14864 0.09142 0.061022 -0.047056 -0.029684 -0.024723 0.022572 0.03063 0.0041525 -0.054358 0.036589 0.15174 -0.0047395 -0.039003 -0.12044 -0.073211 0.043906 -0.089993 -0.057336 -0.10116 -0.020485 0.14173 0.17197 -0.011986 0.038404 -0.082942 -0.011049 0.1539 -0.12949 0.044374 -0.088811 -0.02117 0.058316 -0.056915 0.016064 0.16005 0.099606 0.16234 -0.12508 -0.1385 0.0095758 -0.059715 0.052141 0.026915 0.011117 -0.21516 0.0076872 0.10717 0.014556 0.081324 0.051299 -0.21836 0.061711 0.10557 -0.063368 0.14817 0.19335 0.077799 0.17918 -0.0024143 0.0072082 0.12514 0.13892 0.12058 -0.12185 0.081085 0.17376 0.1265 -0.051766 -0.13098 0.11141 -0.11219 -0.11594 -0.018537 -0.012832 0.13866 0.050457 -0.090995 0.049509 0.070896 0.035834 0.080334 -0.096804 0.12464 0.058671 0.055993 -0.088024 -0.078335 -0.017734 -0.065746 -0.009163 -0.051269 0.093767 0.086756 -0.086035 0.048087 -0.067062 0.08004 0.20608 -0.12227 -0.087359 -0.027971 0.13239 -0.032084 0.047936 0.15723 0.12593 -0.035852 -0.13436 -0.041695 0.15492 -0.039933 0.065952 -0.038062 -0.00075938 0.10054 -0.21153 -0.16837 0.013114 -0.16188 0.040317 -0.19216 -0.15665 -0.10725 -0.10461 -0.29638 0.12964 0.037905 0.12059 0.17026 0.095149 0.02729 0.12889 -0.048897 0.019574 -0.20491 -0.032313 0.16253 0.080044 -0.056035 0.1106 -0.20255 -0.084677 0.08589 -0.078021 -0.291 -0.11178 -0.3475 -0.0048887 -0.05004 -0.081016 -0.22457 0.10593 -0.38401 0.11259 -0.0054053 0.043769 0.20253 -0.020599 -0.10737 0.092463 0.067992 0.24694 0.0671 0.038307 0.0061947 -0.12501 -0.24621 -0.013567 -0.12202 -0.7275 0.0037089 0.015536 0.13759 0.16182 -0.078738 0.049278 0.11316 0.013092 0.11457 0.19544 -0.087577 -0.13318 0.074211 -0.096232 0.004779 0.021751 -0.064734 -0.035193 -0.10704 -0.24845 -0.24194 -0.18282 -0.11537 0.29315 0.14004 -0.2442 0.15956 -0.027167 0.16042 0.12026 0.041634 0.17316 -0.0075062 -0.1269 0.028392 -0.12821 -0.1403 -0.068682 -0.12577 -0.33892 -0.030316 -0.021233 -0.17633 -0.11854 0.070601 -0.17121 0.11892 -0.079352 0.062148 0.021308 -0.027989 0.017826 -0.12772 0.083571 0.050105 -0.1686 -0.011745 0.088835 -0.055759 -0.22421 0.11102 -0.071695 0.075673 0.070497 0.14321 0.18156
-0.040138 0.14681 -0.15866 0.010015 -0.018276 -0.21616 -0.17814 -0.036206 -0.033184 -0.046329 -0.094796 0.079047 -0.060679 0.034893 0.11265 -0.00087976 -0.0039324 0.052234 0.019063 0.072977 0.060273 -0.085446 0.080926 0.1202 0.15774 0.18616 0.22702 -0.11327 0.1087 -0.12148 -0.00071408 0.060211 -0.14617 0.018199 0.077498 -0.11375 -0.16538 -0.24148 0.02457 -0.079342 0.042982 0.082712 -0.0022085 -0.044696 0.098463 0.16515 0.0033629 -0.058312 0.00050945 0.21311 0.16889 0.15263 -0.0026676 -0.10291 0.0067645 -0.007669 -0.19643 0.061322 0.042042 -0.044662 -0.05631 -0.011379 -0.22206 0.13365 0.10879 -0.10162 -0.10141 -0.16206 0.037744 -0.09969 0.037043 0.021896 -0.052686 0.0029579 -0.098148 0.18782 0.14743 0.16991 -0.039061 0.073957 0.035631 0.18479 -0.092123 0.10798 0.1009 -0.037444 0.045165 -0.0034426 0.015073 -0.039758 -0.11336 -0.034119 -0.0063774 -0.06623 0.089874 0.023814 -0.066921 -0.10442 0.014126 -0.065228 0.074852 -0.14395 -0.11493 -0.046352 0.016135 -0.01504 0.03484 -0.1032 0.19625 0.22682 0.010454 0.084131 0.20025 -0.07166 0.17738 0.088162 0.092168 -0.084109 -0.030227 -0.083244 0.1128 0.055918 -0.030858 0.19427 0.011643 -0.14813 -0.098677 -0.15645 -0.094392 -0.006402 -0.26835 0.13783 -0.076219 -0.26477 -0.25913 0.13871 -0.19492 0.32958 0.068663 0.22473 -0.14006 0.12775 0.12723 0.088626 0.024534 0.22029 -0.035621 0.1198 0.18031 0.11487 -0.021054 0.089704 0.022784 -0.07357 -0.17416 -0.20151 -0.37342 -0.16541 -0.20513 -0.0050855 -0.20501 -0.25001 -0.41778 0.065068 -0.13183 0.024626 0.074708 0.22724 0.0062814 -0.11071 0.065232 0.05077 0.076614 0.085706 -0.096277 -0.076267 -0.24673 0.069982 0.01551 -0.22487 0.052743 -0.68491 0.071303 0.060864 0.17423 -0.069102 0.10367 0.074384 0.082032 -0.023027 0.056178 -0.098202 0.086626 -0.043052 0.092827 0.0932 0.0077286 0.19994 0.054273 -0.014428 0.078975 -0.047792 -0.1496 -0.029343 0.18578 0.13623 0.033725 0.095536 0.025894 -0.095455 -0.099114 0.022708 0.15143 0.023385 0.026022 -0.0095851 -0.039318 0.013384 0.046007 -0.12681 -0.14452 -0.33136 0.065251 -0.0054751 -0.18028 -0.069706 0.11675 -0.20565 0.11119 0.096125 -0.020949 0.026621 -0.078979 0.07434 -0.14651 0.17362 -0.050591 0.056111 -0.16534 0.19141 0.16671 -0.087003 0.077138 -0.12112 -0.009834 0.0054792 -0.047294 0.071606
0.19626 0.046717 -0.019003 -0.091617 -0.11531 0.012635 0.10394 -0.089454 -0.15767 0.051033 -0.16128 -0.12243 0.081235 -0.11354 0.095673 -0.028964 -0.12935 0.015283 0.033671 -0.064383 0.10862 0.088284 0.0684 -0.15622 -0.10277 -0.089781 0.10461 0.008372 0.18477 0.0051663 0.014846 0.062618 -0.12254 0.0078158 -0.20994 -0.12856 -0.019488 0.070094 -0.14713 0.10661 0.001837 -0.19866 0.079798 -0.18466 0.072244 -0.016043 0.077754 0.12902 0.020294 0.14039 -0.16169 0.057989 -0.095582 0.019721 -0.014263 -0.19098 -0.02825 0.14439 0.01311 0.0056962 0.16794 0.065193 0.1103 -0.029759 -0.069738 -0.0088086 0.122 -0.08785 0.045204 -0.11026 0.14576 0.14693 0.034863 0.0095882 -0.15441 0.10571 -0.084244 0.067798 -0.076795 0.021187 0.0021979 -0.19669 -0.10533 0.013263 -0.097477 -0.071186 0.055043 -0.14569 -0.074882 -0.089312 -0.12019 0.053359 -0.090695 0.14781 0.11234 0.1243 -0.045972 -0.16409 -0.080089 0.042068 -0.020098 -0.14214 0.090218 0.089413 -0.079698 -0.027653 -0.080428 -0.023441 -0.027903 -0.13301 0.081943 0.11657 0.10932 -0.089682 0.093777 0.118 -0.1251 0.079932 -0.12912 0.15068 0.084147 -0.002856 -0.080463 -0.095485 0.12029 -0.089853 -0.017007 -0.10292 -0.085105 0.013388 -0.061208 -0.11118 -0.081735 0.055617 -0.027192 0.013931 -0.016521 -0.014746 0.11172 -0.084337 0.040456 -0.010824 -0.10366 -0.16812 0.076555 0.071609 0.046207 0.15731 0.095845 0.11733 0.056501 -0.072027 0.051964 0.0078157 -0.13455 -0.089727 -0.063888 -0.03804 -0.079882 -0.02564 0.097299 -0.14834 -0.091095 -0.091202 -0.0041495 0.090131 0.11745 -0.011842 0.018869 0.14856 0.12162 0.016768 0.013102 0.076464 0.083914 -0.001732 -0.1066 0.095264 -0.04206 0.081371 0.13209 -0.16005 -0.072548 0.11461 -0.062591 0.088524 0.033649 0.01045 0.01607 0.094325 0.057416 0.038188 0.1573 -0.13529 0.069847 -0.09624 -0.095443 0.080565 0.06523 0.058477 0.023682 -0.096872 0.039463 -0.11005 -0.14538 -0.03162 0.10388 -0.14344 0.11176 -0.14188 0.064626 -0.1006 0.13511 0.13914 -0.0057958 -0.1496 -0.040203 -0.16395 -0.12683 0.02651 -0.14587 -0.081065 -0.066469 0.10462 -0.091567 -0.12184 -0.0148 -0.077143 0.20496 -0.047578 0.095295 -0.11674 -0.1241 0.020873 -0.15879 0.069963 0.0070166 0.0046502 0.013962 0.053552 0.066318 -0.17239 -0.20255 -0.045904 -0.066364 -0.16795 -0.00664 -0.17853
-0.004099 0.12698 0.10518 -0.14217 -0.12047 0.047222 0.1402 0.023122 -0.034075 0.058121 0.052135 -0.12259 0.11961 0.0066616 -0.14144 -0.10468 0.093206 -0.073079 -0.12403 0.039175 0.0034885 0.013833 -0.070247 -0.16107 0.10483 0.1479 0.10205 -0.062224 -0.14305 0.13518 -0.10638 -0.12625 0.043438 0.091824 0.091209 0.060332 -0.14674 -0.12361 -0.086031 0.025486 -0.16934 0.041272 0.064085 -0.015939 0.01704 -0.041335 -0.098018 0.095856 -0.023923 -0.065211 -0.10822 0.085681 0.085754 -0.1153 -0.039345 0.026539 -0.018625 0.064393 0.09658 -0.16922 0.066647 -0.098702 0.064484 0.12089 0.012053 0.065166 0.05972 -0.10773 -0.1305 -0.13845 -0.10629 -0.10533 0.014647 0.135 0.001895 -0.014352 0.082045 0.16321 0.11315 0.052109 -0.033693 0.033236 -0.0035882 -0.10659 0.10865 -0.12413 -0.02948 -0.072002 0.17788 0.14308 -0.17607 -0.012769 0.043762 -0.031516 0.078682 -0.025948 -0.12987 -0.074711 0.023497 0.10143 -0.028061 0.0089469 -0.03481 -0.083492 -0.070555 -0.07825 -0.042752 0.075361 0.00028609 -0.053198 0.14813 -0.00359 0.16121 -0.031322 0.0040424 0.060236 0.1408 0.059378 0.034096 0.10677 0.060042 0.11252 -0.10099 0.012037 -0.084359 0.00092323 0.084109 0.038498 0.0027901 0.044603 -0.031324 0.077716 -0.031034 -0.11842 0.097732 -0.13155 0.028205 -0.087717 -0.0017532 -0.1673 -0.12828 0.064344 0.066789 0.095414 0.0036103 -0.1779 -0.04434 0.11349 0.029268 0.039545 -0.059625 0.12918 -0.081618 -0.040293 0.041552 0.014009 0.02664 -0.014114 -0.10088 -0.13999 -0.16005 0.091252 -0.11558 -0.07932 -0.054117 -0.149 0.09403 0.0088023 -0.18507 -0.16823 0.040311 -0.15762 -0.18996 -0.19457 0.029427 -0.074643 -0.046782 -0.13934 0.047496 0.091261 -0.043037 -0.32573 0.13849 0.21694 0.13649 -0.024909 -0.15886 -0.10196 0.026195 -0.067822 -0.12535 -0.085039 0.090806 -0.16043 -0.13184 3.6017e-05 0.087805 0.15511 0.19519 -0.041276 -0.056124 0.079218 0.019636 -0.08179 -0.11947 0.040774 -0.061715 0.135 -0.015241 0.027951 -0.158 0.11126 -0.10293 0.035756 -0.0072832 -0.047232 0.16105 -0.06447 0.0042451 -0.11871 0.063231 0.020118 -0.005624 0.060352 -0.16767 0.085615 0.016944 0.027792 -0.066658 -0.067759 -0.023977 0.063342 0.093869 -0.15185 -0.071868 -0.17336 -0.038669 -0.019538 -0.0054254 0.095255 -0.15158 0.019877 -0.038632 -0.12907 -0.10379 -0.071147 0.099384 0.052401
0.78855 -0.045856 -0.57012 -0.22814 0.11652 -0.14879 0.15688 -0.14343 0.15391 0.17653 0.11359 0.10751 -0.18517 -0.076585 -0.18989 0.077288 -0.15772 -0.35835 -0.22824 0.74284 0.18798 -0.045999 0.1326 0.43722 1.0034 1.5912 0.4578 0.59125 -1.2301 0.49475 0.093088 -0.074344 -0.60397 -0.37043 -0.17898 -0.077975 -0.30498
1.3406
1.4956
-1.2009
1.1461
-1.1496
-1.0194
-1.0895
0.92269
0.80094
-0.70745
-0.66758
-0.58441
-0.42645
-0.36307
0.37119
0.27802
0.19382
-0.071644
0.022489
0.038914
0.14306
-0.29535
0.32856
-0.44692
-0.44829
0.52753
0.51854
-0.80778
-0.66018
0.88746
-0.96159
-1.0171
1.1305
-1.197
-1.3042
1.4193
1.4369
0.068381
t a n s i g
t a n s i g
