248 16260
33 248
1 33
33 1
1 1
315.34 216.74 284.33 187.07 163.37 236.13 369.27 320.37 156.01 36.169 38.002 84.798 42.14 69.913 23.183 56.506 37.094 50.486 60.771 39.97 53.038 30.566 47.836 46.613 55.273 30.679 23.27 324.37 373.56 353.63 394.96 244.98 227.74 280.69 496.33 425.54 131.9 34.685 37.803 64.178 43.513 58.446 33.671 43.318 34.378 44.536 47.841 37.541 43.069 27.374 43.12 39.823 67.756 28.914 35.208 405.93 839.17 510.79 160.39 176.69 60.256 26.194 66.55 38.942 200.78 184.77 38.194 12.586 10.424 135.16 65.333 64.134 24.662 41.348 34.834 13.958 48.576 64.646 35.668 43.599 28.987 32.76 21.233 26.717 10.568 11.355 329.73 92.483 212.55 403.41 217.99 283.35 284.98 306.53 191.51 243.28 251.87 466.34 359.04 108.15 34.473 22.551 54.756 35.004 48.983 28.645 37.748 27.358 35.457 40.595 30.673 36.316 21.83 34.894 31.179 52.653 25.264 27.607 373.59 360.35 384.99 312.47 274.7 331.74 226.03 308.38 309.14 197.44 49.459 45.719 115.26 45.331 64.752 50.27 51.804 46.767 61.823 69.666 49.153 67.219 38.583 43.696 33.939 56.023 48.658 56.021 325.69 455.74 472.15 391.11 239.75 357.93 291.03 534.27 439.27 151.63 38.902 48.889 123.42 29.889 67.503 40.028 62.951 41.734 54.155 56.675 43.758 54.007 37.196 48.059 30.573 76.201 51.523 84.712 465.39 864.25 614.83 285.98 262.74 104.76 39.329 82.752 56.077 234.2 288.53 35.668 16.858 18.723 127.72 54.377 102.9 28.934 67.431 59.647 13.74 26.62 42.521 47.004 76.765 52.94 58.4 35.008 38.803 23.658 28.134 396.68 132.57 382.73 387.27 208.08 372.56 493.15 310.29 185.42 290.6 281.31 532.05 322.93 137.53 32.802 34.513 82.129 26.866 58.582 33.281 40.019 34.257 51 54.982 52.348 54.853 42.246 47.265 31.266 67.238 47.959 68.869 452.29 0.087403 0.60691 0.97853 0.15786 1.1639 0.17192 0.084047 0.53668 0.14292 0.47967
2210.1 1560.5 1219.6 1100.8 1143.1 947.17 1277.3 1134.8 813.16 282.43 301.63 518.44 320.54 465.34 337.81 430.96 310.45 356.09 429.08 304.84 363.41 247.99 381.44 318.94 586.36 326.36 405.12 1685.4 2130.7 1491.7 1202 1098 1156.2 1034.3 1723.8 1140.9 576.72 199.21 229.73 362.61 223.19 355.16 209.73 318.52 209.4 323.11 362.39 259.69 316.53 209.22 326.88 267.75 446.84 256.66 313.18 2258.6 3586.3 1265.7 1159.7 796.1 548.95 379.19 323.15 418.33 816.59 601.87 348.26 162.67 173.57 933.36 411.85 335.84 201.2 361.26 247.36 193.17 227.27 370.39 222.75 321.19 225.42 250.95 180.86 221.03 105.11 108.67 952.07 594.33 1300.1 1718.5 1091.4 2163.6 1504.6 1236.9 1121.7 1299.3 1105.9 1901 1297.8 540.73 199.71 243.12 333.76 244.06 381.56 250.42 328.69 275.32 321.51 421.08 341.46 369.59 252.74 336.92 282.8 473.08 267.48 365.45 2607.9 1993.9 1445.3 1139.9 1023.6 1098.4 882.22 1641 1281.4 748.79 241.79 254.32 501.9 257.13 379.08 279.98 357.06 267.12 356.87 394.87 277.28 353.89 259.77 311.86 277.64 454.21 324.42 662.94 2041.9 2009.3 1310.8 1050.4 937.8 1061.6 906.97 2212.2 1336.3 540.4 189.31 197.23 314.71 189.84 254.55 184.76 256.3 197.01 235.9 292.97 253.9 264.98 202.27 218.03 162.83 283.84 219.59 424.61 2759.7 3664 1232.2 1069.7 818.74 527.92 362.08 312.04 370.26 975.62 658.39 319.42 136.77 146.05 855.58 372.94 334.63 196.26 357.54 242.4 161.19 170.5 261.43 176.75 273.58 199.47 250.48 140.96 206.08 123.5 161.67 1105.6 583.1 1169.7 1616.9 1014.5 2040.6 1378.1 1094 1001.8 1144.3 950.53 2623.5 1561.5 582.05 192.09 197.76 320.76 196.14 251.39 224.96 270.41 202.63 255.21 328.5 290.79 368.26 247.54 244.85 196.03 327.37 228.06 466.81 3248.4 1.6477 11.441 11.898 1.8633 6.9971 2.0847 1.0219 6.3347 0.85914 5.8168
0
0.98884
-0.15149 -0.15635 0.084998 0.025339 -0.090497 -0.046718 -0.024872 -0.0050513 0.12315 -0.091577 -0.011723 0.075003 -0.10355 0.045743 0.018763 -0.015639 -0.10313 -0.041056 0.07646 -0.025483 0.085679 -0.1391 0.11904 -0.093598 0.10902 -0.11133 -0.064646 -0.011566 -0.038741 -0.15124 -0.06953 0.14483 -0.15444 0.098244 0.12519 0.020334 0.13579 0.072806 -0.12599 0.15824 -0.11084 0.11333 0.046465 0.0013479 0.051884 -0.0071309 0.11192 0.0027279 0.012905 -0.14837 0.1454 -0.077581 -0.10589 -0.030365 0.10492 0.039142 0.10612 0.018757 0.13983 0.11142 -0.028224 -0.053762 -0.043113 -0.1417 5.3287e-05 -0.045984 0.020032 0.012355 0.13005 -0.0062287 -0.046779 0.12406 0.0010667 0.1193 0.072718 0.00051828 0.13257 0.076594 -0.029883 0.03034 0.0079513 -0.14021 -0.054327 0.091252 -0.0011213 -0.09189 -0.12978 0.14294 -0.12377 0.083006 0.047638 -0.068755 -0.045141 -0.10587 -0.00080833 -0.14315 -0.13716 0.070585 0.072721 -0.061659 0.014717 -0.10143 -0.13552 0.015626 0.1497 0.089554 0.041731 0.12956 -0.14759 -0.11183 0.023775 0.047721 0.025345 -0.14687 0.0751 0.091147 0.068103 -0.053385 -0.033868 0.024584 0.0037256 -0.029305 -0.033542 0.008671 -0.10034 -0.023683 0.016783 -0.008079 0.036126 0.083295 0.051873 0.0034054 -0.06126 0.10627 -0.11822 -0.0504 -0.061613 0.071241 0.049392 -0.0713 0.020943 0.098431 0.090802 -0.0055158 -0.0098937 0.13991 -0.046805 -0.14231 -0.11368 0.064805 0.095269 -0.0037513 -0.13378 -0.14655 -0.033431 0.13231 0.14759 0.00046922 -0.093931 -0.097502 0.13817 -0.11294 0.10221 -0.073533 -0.046621 -0.047634 -0.062569 -0.077205 -0.046412 -0.079356 -0.15345 3.5314e-05 -0.10533 -0.096568 0.021518 -0.049178 0.13629 0.087961 -0.082692 0.016176 -0.051428 -0.035863 0.029273 0.12483 0.10448 0.1213 -0.11024 -0.059303 0.02393 -0.14637 0.11539 0.086274 0.01131 -0.12018 -0.13986 0.067579 0.12015 -0.14772 -0.12667 0.059372 -0.0040323 -0.14601 -0.1261 -0.027103 -0.073808 -0.085602 0.15388 0.12624 0.084669 0.071041 -0.14946 0.0070953 -0.023911 0.15054 0.072673 0.11079 -0.11231 -0.066391 0.054216 0.02127 -0.10205 -0.048797 -0.10017 0.054699 0.060614 -0.0075605 0.078507 0.13702 0.11758 0.07676 -0.13876 0.038057 -0.015433 0.13622 -0.13571 0.10123 -0.08531 -0.152 0.15505 0.10562 -0.016352 0.13188 0.08604 -0.031278 0.0063754 0.10254 -0.12843 -0.028143
0.0042903 -0.13412 -0.0261 0.069097 -0.10585 0.019286 0.026674 0.10105 -0.12419 0.14614 0.14071 -0.11159 -0.060463 -0.05903 0.003967 0.16094 -0.16653 0.067707 0.035959 -0.11643 0.047724 0.083366 -0.049852 0.15221 -0.041335 -0.016573 0.074742 -0.088905 0.056467 -0.17354 0.093573 -0.11927 -0.16972 -0.013923 0.071454 -0.02996 0.025111 -0.11093 0.08842 -0.10233 0.1688 -0.011082 0.14751 0.15793 0.12094 -0.13978 0.0922 0.078526 0.12934 0.022883 0.054062 0.070396 -0.075332 -0.04072 0.13646 -0.049603 -0.030372 0.03113 0.10032 -0.14511 -0.11835 -0.073236 -0.031698 0.075899 -0.011119 0.089844 -0.099165 0.14125 0.1603 -0.048734 -0.12479 -0.067465 0.060267 0.054178 0.13498 -0.10295 -0.11911 0.11637 0.10353 -0.16191 -0.062397 0.098759 0.04313 0.019708 0.070667 0.12234 -0.086537 0.032853 -0.052113 0.064634 0.067747 -0.029421 0.12462 0.01937 -0.075375 -0.11033 0.053594 -0.094674 0.0072268 0.070302 -0.067177 0.032435 0.024512 0.063661 0.055137 0.021172 -0.027976 -0.10401 0.058572 0.026809 -0.038612 -0.040267 0.0078981 -0.10683 0.12535 0.10973 0.15027 -0.14329 0.0069846 -0.062399 0.077283 0.068816 0.098269 -0.0057711 0.10764 0.02075 0.13134 0.055879 -0.14698 -0.14183 0.096782 0.15083 -0.089598 0.14074 0.10764 -0.035953 0.15006 0.1484 -0.061338 0.0063204 -0.029927 0.050211 0.10961 -0.032406 -0.058059 -0.12043 0.011954 0.10934 -0.058769 -0.07577 -0.048926 -0.10476 0.024146 0.16246 -0.14263 0.068923 -0.15287 -0.039867 -0.13289 -0.08712 0.16307 0.13767 0.0048817 -0.075884 0.0065395 -0.0080879 -0.041378 -0.15572 -0.12976 0.030195 0.010202 -0.033849 0.14647 -0.017385 -0.015291 0.14204 0.10791 -0.11347 0.11403 -0.024453 -0.075472 -0.0025707 0.085672 0.064115 0.067281 -0.015509 0.098072 0.16641 0.0019241 -0.055395 -0.12193 -0.017055 -0.0098974 -0.047449 -0.09215 -0.018968 0.035263 -0.086614 -0.10182 0.079497 0.12008 -0.16183 0.067236 -0.12022 0.015993 -0.0045593 0.060482 -0.035217 -0.11296 0.042941 0.16152 -0.023558 0.0081218 0.00083817 -0.022894 -0.020983 0.043072 0.028697 -0.030119 0.10143 0.12412 0.0305 -0.013827 0.13192 -0.045879 -0.12248 0.024909 0.13762 0.051527 0.15296 -0.063077 -0.071533 -0.0055587 0.0088231 -0.092438 0.072499 -0.17503 0.076995 0.12746 0.091801 -0.088549 0.0085855 0.11846 0.017551 -0.0095199 0.10769 0.047212 0.056222
-0.053356 -0.17945 0.084976 -0.23082 -0.20996 -0.059028 -0.035027 -0.027171 0.066992 0.05487 -0.090672 -0.10923 0.067653 -0.083171 -0.050932 0.15534 0.2346 0.095851 0.22867 0.0066966 0.048261 -0.060435 0.13518 -0.087688 0.061159 0.15137 0.11234 -0.03376 0.15155 -0.10317 -0.096311 -0.17958 -0.0076615 -0.027209 -0.019367 -0.078982 -0.078211 -0.13798 0.11629 -0.05129 0.11691 -0.040557 -0.039255 0.16656 0.068449 -0.056699 0.039149 0.086522 0.087161 -0.012254 -0.022167 0.059076 0.15123 -0.049601 0.12702 -0.060299 -0.04648 0.15619 0.0087823 0.05445 0.14191 0.18153 -0.2516 0.0047957 0.13095 -0.037428 -0.074502 0.038283 -0.070643 -0.023911 0.038979 0.049735 -0.10772 -0.028295 -0.028385 0.0092696 -0.047704 -0.13951 -0.021786 -0.10672 -0.11264 0.0023671 0.032832 -0.05056 0.022417 0.051718 0.058946 -0.081043 -0.0090904 0.060455 0.010904 -0.066136 -0.15248 -0.13569 -0.1559 -0.16322 0.042743 -0.11827 -0.044916 0.0074604 -0.073184 -0.03434 0.076315 -0.03088 0.080335 -0.11421 0.026572 -0.14984 -0.040231 0.11238 0.16423 -0.074196 -0.094603 -0.073216 -0.080223 -0.086117 0.027075 0.071721 0.069298 -0.012796 -0.080959 -0.09765 0.0411 0.10439 0.0044456 -0.017552 0.019664 0.080819 0.064107 -0.093763 -0.18299 -0.065742 -0.18771 0.13086 0.031363 0.26341 -0.0016096 0.19176 0.034725 0.04865 -0.027052 0.10754 -0.073411 -0.17899 0.10054 0.052843 -0.14779 -0.24203 -0.10669 0.055762 0.024994 -0.021657 0.010206 0.044137 0.16728 0.14177 0.037533 -0.049698 -0.054767 0.013675 -0.10867 0.096387 -0.028539 0.068122 0.11512 0.20222 0.27383 0.069781 0.075951 0.14278 0.2064 0.28003 0.2059 0.28298 -0.024249 -0.092498 -0.15613 -0.038831 -0.094735 -0.034282 0.14297 -0.11699 0.25421 0.33311 0.16607 0.12846 -0.020162 0.13512 0.18563 0.027573 0.10678 0.26148 0.14161 0.0725 -0.14263 -0.070048 -0.2276 -0.18255 0.036645 -0.014781 -0.019061 -0.18951 -0.1069 0.14064 -0.082999 0.20187 0.1768 -0.18777 0.264 -0.10603 -0.10644 -0.13802 -0.17026 0.099272 -0.18683 0.022078 -0.046703 0.02864 0.059342 -0.034957 -0.06354 0.11266 0.027748 0.04661 -0.069942 -0.093437 0.044111 0.027728 0.16696 0.045862 0.27031 0.2542 0.24048 0.22587 0.12501 0.078727 0.2383 -0.052077 0.062898 0.071149 0.091474 -0.042637 -0.015438 -0.015904 0.1984 -0.13803 0.22126 -0.023157
-0.11553 0.15755 0.11051 0.10264 0.11491 0.11578 -0.096329 -0.047996 -0.094109 0.11311 0.01534 -0.075293 -0.0020516 -0.062801 -0.15929 -0.11636 0.089614 -0.054405 -0.070458 0.0084399 -0.14973 -0.14349 -0.12154 0.10038 0.1238 0.11036 0.14875 0.0077948 -0.12106 0.07745 -0.10668 -0.08122 -0.045807 -0.1564 0.06564 -0.0045419 0.067438 -0.04866 -0.064008 -0.078894 0.14914 0.049213 -0.03591 -0.034223 -0.15575 -0.10086 0.11492 -0.05608 0.13373 -0.051464 -0.039579 -0.044786 0.11869 0.098721 -0.11018 0.040871 -0.065316 0.14273 0.008134 -0.13798 0.14976 0.02524 0.13833 -0.018886 0.10623 -0.085873 -0.016069 0.0055662 -0.044921 -0.067999 0.026461 -0.085244 -0.090125 0.079389 0.12461 -0.14715 -0.053579 -0.025515 0.095733 -0.035388 -0.019116 0.13177 0.08255 0.10466 -0.13388 0.13072 -0.018547 0.060278 -0.051439 -0.090276 -0.14847 0.13906 -0.011169 0.1601 -0.056948 -0.12492 -0.11125 -0.086636 -0.11786 0.042293 -0.04902 0.11512 0.045709 0.098277 -0.035184 -0.089574 0.014458 0.01003 0.029193 -0.067621 -0.1432 0.040361 0.0077867 -0.075482 0.10747 -0.11117 -0.11698 -0.0063096 -0.12827 -0.063925 0.10977 0.067768 -0.0042517 0.020823 0.0049605 -0.035014 0.015463 0.086844 0.13847 -0.011147 0.14206 0.097167 -0.076406 -0.074314 0.013161 0.013739 -0.091999 -0.014312 0.073635 -0.096002 -0.011926 0.11686 -0.026358 -0.083809 -0.1016 -0.065608 0.10189 0.00013669 0.13962 0.12594 0.030138 -0.084758 -0.029162 -0.13531 0.14283 0.13065 -0.058463 -0.033938 0.08066 0.091922 -0.078133 -0.13125 0.025103 -0.1194 0.12243 0.073126 0.045753 0.0034709 0.010535 -0.092069 -0.11061 -0.12155 0.068081 0.11664 -0.020762 0.021872 -0.092372 0.014075 -0.08968 0.11303 0.03066 0.12152 0.080445 -0.049652 0.10375 0.051016 -0.13176 0.11028 0.096629 -0.1423 -0.13044 -0.12493 -0.042253 0.12211 0.14353 -0.078147 -0.13247 0.105 0.041607 0.007478 -0.12276 0.097423 -0.048822 0.051435 0.10474 0.019679 -0.13992 0.095315 0.049781 -0.02811 -0.080048 -0.12269 0.097007 0.064288 0.1115 0.026408 -0.0053628 -0.15038 0.043265 -0.027797 0.14253 -0.07069 -0.1303 0.030467 -0.12025 -0.13695 -0.033386 0.13508 -0.082298 0.14257 -0.10485 -0.048689 0.032233 0.04854 0.056055 0.13099 0.044418 -0.052935 -0.086917 0.024378 -0.1079 -0.13143 -0.015236 -0.043123 -0.073339 -0.043744 0.12024 -0.0026657
0.12881 0.14821 -0.083484 -0.11639 0.12881 -0.05344 0.03938 0.15671 -0.05327 -0.093307 0.053959 0.0077344 0.069681 0.11284 0.034769 0.017212 -0.11896 -0.10397 0.016734 -0.11476 0.085072 0.1045 0.096106 -0.046965 0.1573 0.103 0.14602 -0.0036367 0.092312 0.13829 -0.056379 -0.10449 -0.011361 -0.14171 0.021218 0.075348 0.055466 -0.054425 -0.099932 -0.021727 0.086682 0.040347 -0.012647 0.084191 0.16192 -0.0044899 -0.056417 0.075061 -0.038449 0.026321 0.094861 0.083599 -0.081227 0.11343 0.12468 0.073385 0.1088 0.11778 0.15476 0.16924 0.0086198 -0.057437 0.093851 0.053251 0.095178 -0.14539 -0.043057 -0.074188 0.13013 0.0056909 0.034789 0.14479 0.13409 0.098222 0.048066 0.064353 0.040317 0.038759 0.16332 0.028181 0.095714 0.15585 0.06534 -0.029098 -0.053085 -0.10719 0.093394 -0.043751 0.0093101 -0.11491 0.028015 0.04145 0.038343 0.1807 -0.11992 -0.13018 0.10617 -0.10938 0.13767 -0.019524 -0.071637 0.040915 -0.008688 0.079723 -0.067009 -0.02621 -0.088797 -0.088137 -0.030219 -0.042235 0.10424 0.16938 0.090185 0.11246 0.17188 0.18508 -0.12954 0.0037845 -0.051894 0.0033291 0.040071 0.043674 0.14505 0.0075673 0.078506 0.12507 -0.093666 -0.054863 -0.011927 -0.06922 0.038535 -0.031988 -0.10931 -0.00064477 -0.1384 0.016057 0.16241 -0.049907 0.06307 0.087268 -0.091109 -0.10392 0.05469 0.066651 -0.091558 -0.13546 0.10891 -0.06451 0.04552 -0.00074593 -0.14253 -0.11458 0.02762 0.12391 -0.0367 -0.074954 -0.032011 0.10934 0.067669 -0.095441 -0.14755 0.012467 -0.15704 0.12786 0.026323 0.032389 -0.1173 0.035527 -0.087751 0.0187 0.051399 0.057001 0.0092425 -0.065326 -0.10166 0.073724 -0.045792 0.068005 0.051832 -0.006787 0.004425 -0.14249 -0.0064312 -0.095483 0.11501 0.037585 -0.069915 -0.11682 -0.15234 0.058201 0.05623 0.12614 -0.091159 0.16281 -0.050433 -0.036032 0.06937 0.079676 -0.064613 -0.015703 0.11803 0.10088 0.10077 -0.11443 0.13765 -0.046205 0.12435 -0.12324 -0.12991 0.054163 -0.0028606 0.03516 -0.15792 -0.010635 0.036824 -0.1619 0.13962 0.14858 -0.15477 -0.034626 -0.15031 0.012173 0.1212 -0.081611 0.0065368 0.0042182 0.025635 -0.022348 0.076078 -0.13605 -0.099538 -0.016717 0.092066 -0.041667 -0.042511 0.093358 -0.068227 0.16191 0.048073 -0.15961 0.067691 -0.17553 -0.10418 -0.044881 -0.00060717 0.11605 0.0047372 -0.12973
0.089163 0.064767 -0.10494 -0.11549 -0.16473 0.060205 0.071981 0.049346 0.0099418 0.13464 0.10314 -0.15764 -0.033465 -0.088626 -0.074774 -0.17501 -0.1629 0.088076 -0.072402 -0.044317 0.048969 -0.16769 -0.034506 -0.059703 -0.12606 0.15976 0.15037 0.018917 0.059237 0.10028 -0.14518 -0.054566 0.11816 -0.14751 -0.013562 -0.14775 0.0004125 -0.024518 -0.0721 0.067894 -0.014416 -0.10561 0.074041 -0.053175 0.21289 -0.030812 0.005673 0.081518 -0.11888 -0.12056 -0.023365 0.041067 0.01241 0.045767 -0.080546 0.079796 -0.046273 -0.0066964 0.12614 0.029537 -0.098564 -0.047632 0.0081203 0.10923 0.17214 0.1488 -0.069463 -0.11846 0.064792 -0.055753 -0.025288 -0.073808 0.073816 -0.17335 -0.086894 -0.055708 -0.068332 -0.058638 0.11591 -0.10702 -0.0013333 0.092208 -0.093096 0.087095 0.096528 -0.096036 -0.10239 -0.0874 0.038404 -0.068582 -0.10857 0.068996 -0.017236 -0.099207 0.028344 0.031721 0.002078 0.063318 -0.054203 0.14023 -0.032183 0.023549 -0.024219 0.15504 -0.15492 -0.027515 0.038725 -0.09563 0.092038 -0.078101 -0.066881 -0.054859 0.075815 0.022505 0.043985 0.10655 0.021028 -0.013595 -0.19955 -0.0098373 -0.098899 -0.12579 -0.089471 0.077595 0.055308 -0.10349 0.081899 0.15334 0.014955 0.056868 0.039961 0.019455 -0.024309 -0.15993 0.01571 0.010639 -0.12282 -0.068072 0.045912 0.033283 0.015843 -0.091852 -0.17135 0.020018 -0.15763 -0.097571 -0.061912 -0.18769 0.1082 -0.055855 0.13228 0.15981 0.016023 0.10301 0.085421 0.11747 0.1524 0.10671 -0.093468 0.061909 0.21375 0.059078 -0.042559 0.17125 0.045792 0.16735 -0.11872 0.066347 -0.12498 0.062808 0.087448 -0.17347 -0.13193 -0.00049318 0.0094345 -0.030239 -0.039254 -0.077737 0.11343 -0.016006 0.023763 -0.12127 0.28786 -0.016301 0.23257 0.18031 0.031035 0.062025 0.10534 0.0043027 0.067828 0.14668 -0.073706 -0.12988 0.034869 0.085059 0.084683 0.19728 -0.034676 -0.11196 0.14447 -0.0066184 0.087483 -0.15438 0.053334 0.25833 -0.041809 0.10131 0.1049 0.052426 -0.15634 0.13369 -0.11197 0.021624 -0.018459 -0.023451 -0.042433 0.10324 0.060289 -0.0037414 0.025471 -0.084115 -0.045978 0.20789 0.068935 -0.042638 0.1125 -0.025375 0.055633 -0.026887 0.077759 -0.095159 0.10482 -0.067942 0.034315 -0.022284 -0.12362 -0.10519 -0.065833 0.1224 -0.14982 -0.13855 0.088313 -0.096616 0.15055 -0.12577 0.027299 0.061851
0.025382 -0.14037 -0.11179 0.13715 0.065492 0.1619 -0.082563 0.093354 -0.10218 0.02916 -0.078148 0.16399 0.084634 -0.028267 -0.081296 -0.012125 0.14325 -0.0035024 -0.21912 0.045187 -0.078805 -0.030446 -0.092161 0.058575 -0.030992 0.027629 -0.081371 -0.048168 -0.026937 -0.14465 -0.023586 0.14377 -0.0036387 -0.049167 -0.057328 0.084548 -0.13665 -0.025729 -0.061641 -0.10438 -0.18561 0.039864 -0.12109 0.13151 -0.12262 0.1308 -0.16177 -0.092796 -0.12434 0.02489 -0.083638 0.034393 -0.11196 -0.16392 -0.071029 -0.011421 0.022222 0.022673 0.090304 0.059533 -0.086558 -0.1462 0.00097744 0.0021114 0.018207 -0.20495 0.01807 -0.11045 -0.18552 0.066467 0.040044 -0.077774 -0.097491 -0.041895 -0.062001 -0.016813 0.13814 0.21854 -0.059531 -0.045968 0.0082859 0.052816 -0.070115 0.050555 -0.052894 0.039263 -0.11647 -0.10174 0.18417 0.02528 -0.10723 0.11214 0.11776 -0.11458 -0.14611 0.12682 0.054352 -0.03902 0.039757 -0.085293 -0.26631 -0.21984 -0.10546 -0.10063 0.010492 -0.089839 -0.078616 -0.13306 0.034208 -0.079347 0.087181 -0.090487 -0.012124 0.033707 0.066312 -0.12709 -0.0093618 -0.13334 0.15043 0.055058 -0.056289 -0.04293 -0.20281 -0.039183 0.09426 -0.14257 0.14119 0.072869 -0.018713 0.12213 0.12935 -0.1503 -0.089781 0.022563 -0.030966 -0.044198 0.12482 -0.066938 0.069684 0.1441 -0.057089 -0.14913 0.17124 0.032634 -0.022979 0.16599 0.064433 -0.17397 -0.034985 0.078997 -0.062497 0.21327 0.18269 0.15066 0.065802 -0.16778 0.16714 -0.014682 -0.13467 -0.1656 -0.23174 -0.035018 0.075661 -0.011409 -0.079214 0.090209 -0.064711 -0.044284 0.075829 -0.084603 -0.10981 0.17339 0.094679 0.041783 0.10301 0.04872 0.066583 0.22532 -0.071702 0.041477 0.033343 0.201 -0.03642 -0.1748 0.0037445 -0.31553 -0.15433 -0.17122 -0.15736 -0.19908 -0.14483 -0.17271 0.028243 -0.1833 -0.043919 0.12833 -0.015283 0.04574 0.038139 -0.035459 -0.073407 0.11175 0.13372 -0.051512 -0.085539 -0.098262 -0.0637 -0.069619 -0.14938 -0.17402 -0.064008 -0.060257 0.10902 0.046672 0.029687 -0.022398 0.078186 0.033183 -0.16 -0.16153 -0.01587 -0.12619 0.0025161 0.057182 -0.0735 -0.2397 0.12366 -0.15146 -0.085201 -0.044037 -0.10629 0.0077798 -0.078787 -0.042754 0.16673 0.084331 -0.06997 0.03606 -0.23283 -0.051806 0.0004295 -0.0047806 0.014944 0.12243 -0.36149 -0.022042 -0.25602 0.011536
0.055407 -0.027344 0.0021739 0.0033852 -0.015779 -0.079962 0.066078 0.17899 0.0091784 0.18311 -0.029039 0.092289 0.11934 0.049085 -0.055408 0.020921 -0.043701 -0.028006 -0.076806 0.077093 0.14484 0.17277 -0.12831 -0.019839 -0.082241 0.15772 0.1325 0.071407 0.098251 -0.11322 -0.021165 -0.055137 -0.10888 0.090419 0.18969 0.050994 0.13786 0.082845 0.0070935 -0.070275 -0.073285 0.084919 -0.037903 0.1467 0.13709 0.11521 -0.082358 -0.0014169 0.0035766 0.0082281 -0.085036 -0.04802 0.055379 0.13145 0.034719 0.085635 0.096362 -0.12603 -0.0026931 0.083464 -0.18306 -0.072338 -0.10233 -0.036376 0.11755 -0.14768 -0.02937 0.15277 0.1417 -0.11727 -0.098489 0.10678 -0.065305 0.09529 -0.13362 -0.074288 -0.047433 0.082034 -0.0060931 0.005851 -0.077988 -0.001933 0.14335 0.086016 -0.10629 0.17707 -0.030238 0.018282 -0.1022 -0.12656 0.068717 0.013709 -0.052915 0.037704 -0.0026022 0.010889 -0.12117 0.17748 0.11873 -0.010859 0.14331 -0.10628 0.029953 0.082438 -0.089348 -0.0059015 0.12731 0.031708 -0.050037 -0.099944 -0.049057 -0.040661 0.11175 0.081021 -0.041786 -0.094448 0.15659 0.022449 -0.055736 -0.04765 0.12018 -0.15977 0.0085285 0.065355 -0.091197 -0.075196 0.049242 -0.080362 0.10914 0.1123 0.14348 0.062677 0.11399 -0.067277 -0.10343 0.087076 0.12768 0.066326 0.0095543 -0.11624 -0.011231 0.0019728 0.077964 0.035039 0.15107 -0.073544 -0.0031027 -0.15444 0.0021328 0.058843 0.081265 0.037472 0.13303 0.011954 -0.045349 0.10807 0.1416 0.11237 -0.048111 0.049853 -0.11284 0.084357 -0.055591 -0.14215 0.14742 0.039346 0.091358 -0.03495 -0.034219 -0.053326 -0.024598 0.051178 -0.17416 0.050198 0.083454 -0.058106 -0.12353 -0.10289 0.094489 0.0098837 -0.049143 -0.015471 -0.066896 0.12438 -0.0090739 -0.16503 -0.049119 0.10229 0.13232 -0.15675 0.13307 -0.099946 -0.089555 -0.070705 0.10038 0.021337 0.096981 0.050315 -0.11603 -0.13214 0.068253 -0.11348 0.008921 -0.11641 -0.053169 -0.091991 0.0043127 0.044094 0.0029435 0.0027252 0.059101 -0.028099 -0.072574 -0.034872 -0.026565 -0.116 0.089029 0.12219 0.077472 -0.099073 0.073265 0.072988 0.070417 0.12521 0.14858 0.033108 -0.10826 -0.12972 -0.080361 -0.12366 0.048685 -0.085043 0.092407 -0.09985 -0.14589 -0.14522 -0.16401 -0.055324 -0.033068 -0.16357 0.11881 0.14252 0.11651 0.044794 -0.00083737 0.097705 -0.085356 -0.078298
0.062808 -0.078164 -0.0062379 0.080833 0.063254 0.016647 0.12597 0.078429 -0.021503 0.10484 0.046176 0.090471 -0.052477 -0.11399 0.097656 -0.054915 -0.054157 -0.081482 -0.15133 0.1215 0.062725 -0.057389 0.059238 0.092281 0.10594 0.1493 -0.083464 -0.12728 0.08637 -0.15993 -0.0056821 0.073282 0.06542 0.022249 -0.010292 0.12431 0.099879 -0.060631 0.094274 -0.061882 -0.10557 -0.065267 -0.094036 -0.0080235 0.1108 -0.034978 0.085576 -0.039354 -0.02475 0.15823 0.14055 0.0067749 0.12256 0.14365 0.12123 0.13263 -0.10242 0.0065733 -0.15496 -0.017864 -0.053596 0.025158 -0.0074733 0.12154 -0.1031 0.064659 0.039762 0.14892 -0.091901 0.16378 0.059067 -0.13141 -0.096529 -0.047371 0.072084 -0.051254 0.15038 -0.019532 0.09639 -0.11781 0.011736 0.059947 0.073585 -0.053204 0.014656 0.023314 0.046933 0.16302 0.0028133 0.024251 -0.057367 -0.0029426 0.047177 -0.11819 -0.084136 -0.073324 -0.041005 0.10225 -0.066113 -0.13663 -0.095836 0.049767 -0.022919 -0.11449 -0.088142 -0.078029 0.067188 -0.1221 -0.091567 0.11055 0.093766 0.061039 -0.10067 -0.12205 0.070723 -0.14216 0.13908 0.1338 -0.087451 0.065544 -0.12213 0.12599 0.025744 -0.074893 0.059849 0.16835 0.0097056 -0.052015 0.1369 -0.068839 0.15638 -0.091859 -0.12422 0.13322 0.17201 0.095117 0.016762 -0.11118 -0.067963 -0.12735 -0.077073 0.023335 0.059241 0.13053 -0.042139 -0.13888 0.058849 0.08146 0.14775 0.13367 0.078517 0.021425 -0.094475 -0.012118 0.011724 -0.032747 0.089585 -0.033438 0.023013 -0.094744 0.14939 -0.089209 -0.061391 -0.11436 -0.036551 0.1184 -0.030676 -0.047498 -0.10182 -0.080778 0.042362 -0.061554 0.07902 0.070885 -0.019741 -0.019192 0.051068 0.083168 0.014842 -0.10907 0.032366 0.020739 0.11363 -0.039499 -0.11213 0.024768 0.10024 -0.17122 0.12224 -0.10725 0.14225 0.10293 -0.015241 -0.11081 -0.13158 -0.0045663 -0.073426 -0.14392 -0.09146 -0.027296 0.12807 0.077269 -0.13868 0.0026067 -0.064205 0.080186 -0.080397 0.12629 -0.10417 0.10255 -0.02189 -0.0040662 -0.075972 0.038352 0.0873 0.027232 0.015023 -0.023303 -0.051776 0.17645 -0.048256 0.12727 0.082915 0.15524 0.017997 0.1171 0.07246 -0.074388 0.025496 -0.014632 -0.032239 0.13183 -0.031418 0.10454 -0.030966 -0.1366 0.083645 0.0073096 -0.10317 0.06602 0.044126 0.047241 0.036171 -0.13959 -0.040839 0.044985 -0.16657 -0.094007
-0.070684 0.00074838 0.10095 0.018179 0.038975 -0.12869 -0.1853 -0.014589 0.071585 0.049608 0.081921 0.021909 -0.041654 0.17186 -0.049053 0.015201 -0.037804 -0.038143 0.043669 0.03029 -0.054921 -0.012599 0.058047 0.074797 0.082828 -0.18776 -0.00084071 0.10196 -0.0363 -0.072957 -0.14384 -0.11669 0.076438 0.18098 -0.043828 0.025954 0.0034919 0.034285 0.13463 0.042678 0.042443 0.076289 -0.097358 0.025573 -0.073678 -0.026988 -0.13852 0.1001 -0.063805 -0.14354 -0.040819 -0.11899 -0.068693 0.069238 0.066433 0.016337 0.1519 -0.1214 -0.13896 -0.037078 0.026295 0.12956 0.13954 0.051619 0.0027999 -0.002759 0.053698 -0.08616 -0.096293 -0.051589 0.11743 -0.1695 0.1116 0.068644 -0.11649 -0.032561 0.11429 -0.14427 0.098031 -0.12385 0.088554 0.09566 0.10717 -0.11055 -0.14065 0.012068 -0.072941 0.022862 -0.052168 -0.049572 0.12168 -0.082842 -0.080275 0.12382 -0.13711 -0.06013 0.01238 0.058962 0.13034 -0.021648 0.040887 0.14254 0.15946 0.19116 -0.065893 -0.069526 -0.097636 -0.034046 0.043939 -0.10545 -0.073211 -0.011207 -0.16651 -0.0071246 -0.11548 0.055005 -0.081437 -0.059401 -0.10737 0.18898 0.0020036 0.015674 0.090984 0.11641 -0.18873 -0.12438 -0.079807 0.21563 0.23352 0.073224 0.1584 0.21959 -0.040676 0.0038345 0.10839 0.059173 0.10946 0.1511 -0.1541 -0.19473 -0.29815 -0.03126 -0.12847 -0.34496 -0.21499 -0.241 0.11601 0.06171 0.14172 0.043881 -0.11248 -0.09219 -0.061599 0.077777 -0.01812 0.087772 0.082021 0.17912 0.21039 0.053774 0.014848 0.11127 0.23452 -0.044636 0.087223 -0.082836 -0.074878 -0.27115 -0.14755 -0.074187 -0.12684 -0.15156 -0.25874 -0.083395 -0.077488 0.14279 -0.10792 0.10988 -0.15058 0.1328 -0.069089 0.30749 -0.1294 -0.2349 0.058891 -0.047939 -0.10141 -0.072317 -0.030415 0.14277 0.044361 -0.12333 -0.090726 -0.10229 0.086741 -0.010019 0.15815 0.058574 0.13863 0.10799 0.19482 -0.08162 -0.12831 -0.086404 -0.11533 -0.1479 0.1228 0.1812 0.096439 -0.030787 -0.014671 0.22368 0.073627 -0.1008 -0.03252 0.096854 0.012438 -0.014064 -0.0068078 0.21572 -0.06273 0.2466 -0.089002 0.079529 0.15597 -0.0064397 -0.028653 -0.076825 0.10367 0.094928 -0.11772 -0.024991 -0.093946 -0.038437 0.013803 -0.052341 -0.11488 0.057033 0.090444 -0.21311 0.12988 0.099051 -0.086463 0.038935 0.0038458 0.12466 -0.030056 0.02681
-0.049307 -0.11706 -0.0055217 -0.067045 0.1262 -0.032984 0.11409 -0.10212 0.062689 0.064515 0.11763 -0.0043618 -0.08316 -0.17881 0.11003 0.10925 0.012787 -0.025857 0.073871 -0.033924 0.022829 0.031009 -0.13335 0.064982 0.053043 0.049679 -0.064104 -0.044747 0.17 0.18721 0.14703 -0.083792 0.0056399 0.14421 0.075308 -0.12412 -0.14932 -0.18264 -0.09733 0.044162 -0.0052659 0.0054055 -0.071145 -0.14233 0.13642 -0.094229 0.033527 0.026777 0.1371 0.14357 -0.11733 0.054186 -0.084515 -0.046958 -0.063909 -0.14535 0.029703 -0.12727 -0.10252 0.071793 0.15979 -0.097045 -0.065127 -0.0021542 0.060032 0.14221 0.12809 -0.083213 0.115 0.0099667 0.09898 -0.14693 -0.14848 0.12994 -0.041801 -0.10265 -0.094034 0.034682 -0.15816 0.078678 0.14073 0.11754 0.10701 -0.15388 0.075284 -0.11626 0.017528 -0.0072293 0.021266 0.1048 0.16573 -0.044885 -0.089942 0.014313 -0.021007 0.1287 0.11384 0.037091 -0.018078 0.076221 -0.14322 -0.19705 0.0067593 0.017013 -0.027091 -0.16812 0.082496 -0.034059 -0.02473 -0.0312 0.062146 0.0081346 0.10307 -0.1855 0.057041 0.038579 -0.10266 -0.012755 0.066514 0.12403 -0.14231 0.047096 0.015178 0.042919 0.054534 0.10792 0.024968 -0.072319 0.058661 -0.11 -0.16298 -0.055796 -0.020638 0.094404 -0.1233 -0.064924 0.060032 -0.057696 0.18509 0.1389 -0.061045 0.046237 -0.0082401 -0.082251 0.032095 0.071394 -0.11865 0.10959 -0.017514 0.0023576 0.040136 -0.043583 0.028711 0.073395 0.055425 -0.086347 -0.040343 0.059569 -0.014153 -0.10232 -0.18681 -0.049511 -0.01253 0.026547 -0.081682 0.02362 -0.0095488 0.16659 0.086083 -0.13145 0.045734 -0.0022446 0.066318 0.086912 -0.065607 -0.073652 0.14569 0.12487 0.083883 -0.095873 -0.14018 -0.061858 0.20267 -0.090422 0.1062 0.10477 -0.06632 -0.059583 -0.015474 0.028109 -0.041415 -0.080884 0.13851 0.053042 0.12834 -0.043538 0.092872 0.16822 0.16047 0.061543 0.15707 0.15479 -0.020175 0.039674 -0.028868 -0.060407 -0.07924 0.025172 -0.094492 0.068875 -0.085039 -0.019421 0.1458 0.070107 0.075586 0.060438 0.08799 -0.031789 -0.12318 -0.12873 -0.12897 0.050481 -0.12195 -0.10926 0.011298 -0.14723 -0.083881 0.021138 0.21283 0.20278 0.010941 -0.040453 0.11187 0.050855 0.085648 0.087914 0.21644 -0.054148 0.044431 0.14627 0.064079 0.080599 -0.13436 -0.094133 -0.030216 -0.079496 0.064047 -0.034757
0.10876 0.079645 -0.093159 -0.13057 -0.010929 0.085409 -0.062484 -0.041195 -0.030174 0.10964 0.10446 0.10548 0.091082 -0.063587 -0.061294 -0.11986 0.048106 0.07882 -0.028799 0.030828 0.12377 0.017479 -0.10132 0.026184 0.025758 -0.16057 0.079946 -0.11806 -0.047115 0.13643 -0.030713 0.077786 -0.12862 0.13574 -0.058458 -0.061413 0.088715 -0.0089799 -0.085509 0.13753 -0.009415 -0.062738 0.055477 -0.10302 -0.013956 0.018138 -0.051002 -0.12846 -0.1536 -0.10201 -0.17744 -0.12558 -0.11962 -0.049312 0.10118 -0.0053817 -0.084165 -0.091512 -0.073885 -0.076591 0.14938 0.054745 -0.079916 0.033372 0.02592 0.18273 0.095539 0.081933 -0.025553 0.12073 0.0013839 0.17014 0.055624 -0.10084 -0.14091 -0.012768 -0.020169 -0.098949 -0.10933 -0.23032 -0.051324 -0.23062 -0.19654 0.049605 0.059625 -0.093857 0.25275 0.066021 -0.16807 -0.010729 -0.076105 -0.1352 0.067208 -0.07711 0.015582 -0.12828 0.16189 -0.089459 0.14189 -0.17648 0.1122 -0.0083527 -0.12055 0.030092 -0.17246 -0.070755 -0.0090023 0.10018 -0.088955 -0.011767 -0.15839 0.064504 -0.02935 -0.070359 -0.18151 0.043561 -0.035723 0.039076 -0.074103 -0.040128 -0.22238 0.090088 0.008435 0.001658 -0.045651 0.061527 0.092297 0.16012 0.12469 0.032325 0.17911 0.032637 0.093886 -0.014274 -0.035064 0.074169 0.14189 0.087646 0.001729 0.043578 0.028245 -0.096809 0.021508 -0.025185 -0.13168 -0.12013 -0.21946 -0.16086 -0.045575 0.00024648 -0.059274 8.7784e-05 -0.11159 -0.0092953 0.029255 -0.11961 0.045806 0.11833 0.024111 0.17233 0.021899 -0.008063 0.13987 0.063593 0.052807 -0.032492 -0.0083729 0.012037 -0.11067 0.022437 -0.056529 0.085834 -0.1851 -0.10429 -0.15071 -0.03816 -0.31252 -0.15616 0.038532 -0.12312 0.16992 0.0030164 0.27236 0.077435 0.34959 0.13841 0.13944 0.15003 0.24614 0.048913 0.18887 0.15904 0.071362 0.19934 0.16065 0.090088 0.17007 -0.097161 0.00055682 0.012617 -0.13563 0.03335 -0.11823 -0.099283 0.12498 0.32843 0.19131 0.073004 0.2431 0.19799 -0.060577 -0.10344 -0.11667 0.082297 -0.041196 0.095248 0.13149 -0.077828 -0.15511 -0.078155 -0.14418 0.13557 0.15213 0.15316 0.0259 -0.077512 0.10331 -0.045062 0.021 -0.0029577 -0.13507 -0.079254 0.025676 -0.094531 -0.02129 -0.1722 0.014494 -0.11072 0.35348 -0.16055 -0.064311 0.13572 -0.10994 0.11369 0.086928 -0.11745 0.22699 -0.086423
0.064106 0.08967 -0.078355 -0.11443 -0.0059874 -0.17369 -0.036148 -0.12595 0.087735 0.10269 0.039705 -0.045836 -0.092395 0.010531 -0.099271 -0.047715 0.075362 0.024322 -0.14071 0.039202 0.095026 -0.060782 0.12807 0.13896 -0.065107 -0.079898 0.042318 -0.091701 -0.06507 -0.12547 0.11371 0.11243 -0.056432 -0.092427 -0.21321 0.092663 0.044167 0.19498 0.049707 0.083953 0.082052 0.098689 -0.054538 0.16859 -0.041748 0.01122 0.0020045 -0.089686 -0.17498 -0.1296 0.15785 0.069364 0.21249 0.10543 0.16342 -0.05925 -0.066713 0.091585 0.13012 0.016205 0.011873 -0.09042 -0.094604 0.15863 0.11801 0.11866 -0.16292 0.080558 -0.034915 -0.052015 0.034512 -0.18601 -0.16859 0.064895 0.1144 -0.13834 0.10441 -0.027584 -0.0070199 -0.10761 0.090119 -0.062126 -0.06598 -0.02063 0.098346 0.019426 -0.032194 -0.08028 -0.015438 -0.0081364 0.091513 -0.088424 0.08341 0.12929 0.16841 0.095166 -0.071749 -0.21777 -0.018848 0.16672 0.016587 -0.11609 0.11055 -0.049191 -0.13105 0.042578 0.0041442 0.089684 0.1505 -0.14837 0.060213 -0.12764 0.0010205 -0.046584 0.16314 0.10241 -0.042542 0.084412 -0.057646 -0.029401 0.032658 -0.081 -0.0026612 -0.097764 0.0077133 0.038533 0.020933 -0.12914 -0.12013 -0.17528 0.032239 0.0049763 -0.024858 -0.091217 0.065456 0.097267 -0.057901 -0.053834 0.10833 0.0064722 -0.040236 -0.076596 0.021253 0.045398 0.011916 -0.03126 0.038323 0.030074 0.058877 -0.10035 -0.02112 0.033467 -0.10745 -0.14454 0.097908 0.11256 -0.026515 -0.10673 -0.11585 0.10173 -0.13833 -0.13704 0.13691 -0.13326 0.067901 0.11269 -0.010498 -0.031637 -0.098986 0.048921 -0.11581 0.02594 0.10655 -0.014672 0.07045 -0.0062108 -0.07766 -0.05367 -0.066986 -0.1344 0.036713 -0.024385 -0.033224 0.2041 0.022368 -0.035069 -0.034645 -0.079687 -0.0029059 -0.21133 0.015986 -0.15861 0.093399 -0.013953 0.15381 0.11875 0.093269 0.18381 0.1008 0.11414 0.053182 0.0091245 0.040275 0.16009 -0.0077708 0.0089711 0.045572 0.19379 0.029425 0.041409 -0.061557 0.069324 0.086612 -0.025113 0.12815 0.020075 -0.04711 -0.014429 0.13398 0.12286 0.15102 0.090456 0.076127 -0.065606 -0.16263 0.16227 0.10765 0.014339 -0.11246 0.055957 0.019804 0.043524 -0.024308 0.047348 0.001566 -0.11282 -0.091397 0.071503 0.16928 -0.22406 0.048604 -0.13861 -0.0012705 0.12551 -0.16837 0.0043795 -0.27936 -0.23327
0.16107 -0.099269 0.005841 0.079386 0.00348 -0.082282 0.11852 0.049602 -0.0090404 0.11566 -0.12109 -0.17097 -0.094986 0.0043664 0.044555 0.02708 0.12084 0.0032606 -0.056361 -0.035067 -0.1482 0.092138 -0.085584 -0.099448 -0.14485 0.12131 -0.13026 0.045455 0.069689 -0.10464 0.0384 -0.078142 -0.038249 0.12477 0.085845 0.11146 -0.0056642 -0.039263 -0.047058 0.10086 -0.02226 -0.14903 0.0025393 -0.16441 -0.0041963 0.11162 -0.023977 -0.039644 -0.10938 0.037069 0.13484 -0.043856 -0.019499 0.13406 -0.12219 -0.088913 0.027341 0.12524 0.16691 0.1422 -0.0028766 -0.0044764 0.10708 -0.1336 -0.088558 -0.12417 -0.0071562 -0.0855 -0.12231 0.01825 -0.10307 -0.040015 -0.023937 -0.042104 0.01649 0.010853 -0.11466 -0.16521 0.07444 -0.067069 -0.15893 0.02737 -0.045057 -0.0047844 -0.019661 -0.10271 0.0064969 -0.11782 -0.046164 -0.0042126 -0.084998 -0.027036 -0.070516 0.14296 0.088224 -0.10367 -0.093763 0.048296 -0.14274 -0.1044 0.06729 0.11567 -0.091802 0.10615 -0.1027 -0.11004 0.099279 0.069586 0.09184 0.062918 -0.14089 -0.081938 0.079902 0.10348 -0.026185 0.13482 0.13945 -0.13819 0.11223 0.074253 0.10794 -0.099154 0.033236 -0.0012654 0.047682 -0.083237 0.03442 -0.00095423 0.060268 -0.11205 -0.10163 -0.13795 -0.10607 -0.095392 0.092515 -0.10043 -0.11128 0.037875 -0.044454 -0.052407 0.13599 -0.11374 0.085224 0.03246 -0.064649 0.098124 -0.15122 0.025365 -0.0060971 -0.030973 0.01057 0.052422 -0.094997 0.12179 -0.036391 0.14175 0.10412 0.0053403 -0.071595 0.0017329 0.00322 -0.089022 0.049819 0.047437 0.091483 0.11872 -0.0096814 -0.029042 -0.049042 -0.14351 0.021843 -0.040715 0.044003 0.14819 0.040684 0.054207 0.11435 0.00015121 -0.058733 0.10907 -0.12564 -0.0034947 0.096316 -0.097778 0.054856 0.069332 0.058395 0.14434 0.15975 0.12403 0.1299 -0.054232 0.055755 -0.10853 0.045619 -0.11988 -0.081998 0.043462 -0.14175 0.13135 0.033605 -0.02382 -0.10129 -0.14771 -0.053401 0.11668 0.050544 0.1049 0.043792 0.04635 0.053293 0.084347 0.10652 -0.023544 0.15763 0.071294 -0.064795 -0.10907 -0.13827 0.022433 -0.050523 -0.088928 -0.13062 0.0098521 0.013856 0.10897 -0.13987 0.13026 0.0046316 -0.11985 0.13968 0.12697 0.039711 0.14914 -0.14474 0.064987 -0.085407 0.10308 -0.16175 -0.021615 -0.016672 0.024607 0.063241 -0.0087402 -0.14424 -0.082403 0.13928 -0.054383
0.053914 -0.034195 0.044819 -0.12973 -0.10215 -0.029899 0.033592 -0.097262 0.11335 0.010169 0.10014 -0.058701 0.10073 -0.033057 0.036862 0.091042 0.11331 -0.1292 0.038625 0.10723 0.079761 0.05697 0.078479 0.076952 -0.029528 -0.17372 0.014935 -0.12488 -0.19185 -0.23461 -0.17326 -0.083824 -0.13812 -0.012074 0.26137 0.094591 0.049963 0.037127 0.14558 0.17534 0.065545 0.18303 -0.032023 0.11815 -0.11407 -0.089745 -0.070428 -0.15177 -0.083047 -0.10015 0.057423 -0.051317 0.0027888 -0.058828 0.053917 0.065102 -0.058727 -0.07415 -0.25115 -0.016013 -0.1657 -0.19129 0.10177 0.0080344 0.0087242 0.08278 -0.094526 0.035832 -0.090177 0.025531 -0.047215 -0.10705 0.061054 -0.0084829 -0.10786 0.017511 0.021667 -0.029942 -0.1146 0.10113 -0.01387 -0.087875 0.19421 0.14298 -0.055587 0.025099 -0.0027236 0.17564 -0.048906 -0.031712 -0.063587 0.085154 0.18674 0.061449 0.071762 0.0019159 -0.080487 0.00098087 0.05144 0.0022597 -0.11549 0.1169 -0.006436 -0.10404 0.13711 0.18763 0.074827 0.013338 0.090433 -0.032331 -0.10853 -0.035644 -0.053611 0.18299 -0.11882 0.0233 -0.044825 -0.064854 0.14864 0.058591 0.072201 0.012397 0.090682 -0.046302 -0.0523 -0.081505 -0.14464 0.072914 -0.0063508 0.053903 0.076684 0.092139 0.13728 0.019744 -0.15553 0.046973 0.0010004 -0.065054 -0.077877 -0.059332 0.20896 -0.073664 0.059609 0.031273 0.084399 -0.088919 -0.057453 -0.0033076 -0.050925 -0.18288 0.025164 0.044322 0.036107 0.12675 0.076405 0.090264 0.13162 0.15617 -0.076136 -0.00045541 0.098154 -0.11342 0.13222 -0.12298 -0.037115 -0.15481 0.099856 -0.041772 0.046814 0.0067002 0.2042 0.23426 0.052195 0.19094 -0.046993 0.1848 0.071746 0.073861 0.057916 -0.056921 -0.047689 0.24955 -0.31347 -0.11388 -0.032278 -0.050574 -0.062465 -0.028818 0.079956 0.050072 0.041569 0.10163 -0.15218 0.073482 0.039885 -0.067063 -0.15516 -0.093116 -0.24485 -0.14634 -0.17849 -0.018399 -0.10837 -0.10219 0.14688 -0.21644 -0.10203 -0.073087 -0.062895 0.090885 0.18657 -0.048392 0.079651 -0.062322 0.15885 0.1948 0.11603 -0.072456 -0.01042 0.057315 0.11457 -0.013425 -0.012922 -0.068406 -0.050215 0.072576 -0.019953 -0.11294 -0.045993 -0.019216 -0.14236 -0.099068 0.047557 0.0085158 0.081249 -0.05345 0.065554 -0.0018099 -0.12128 -0.48004 0.022548 0.025635 0.0084425 0.13983 0.12347 -0.036071 0.21191 -0.092565
0.063497 0.13692 0.1307 0.0014706 -0.11162 0.017967 -0.066411 -0.13685 0.016364 0.086088 0.072641 -0.1713 -0.15438 0.080791 -0.052103 -0.0014809 0.10378 -0.044783 0.0068776 -0.093011 0.06787 0.1112 0.045454 0.05574 -0.08309 0.033022 -0.11843 -0.15165 -0.077363 -0.13649 0.099007 0.13101 0.14897 0.063102 -0.00045494 0.12204 -0.06025 -0.089402 -0.10053 0.043559 0.15761 0.015829 0.062064 -0.015259 -0.1142 0.02372 -0.070197 -0.093768 0.125 0.092915 0.079927 -0.020763 -0.14927 0.077116 0.069751 -0.16829 0.13024 0.18414 -0.027926 0.15136 -0.06157 -0.040236 -0.034475 0.028976 -0.075286 -0.11181 -0.083282 -0.019079 -0.027156 0.079246 -0.12174 0.037518 0.16287 0.13293 0.018432 -0.0060915 -0.062624 0.08179 0.025354 0.012921 -0.072064 -0.1322 -0.17586 -0.098639 -0.010171 -0.16894 0.011632 0.13065 -0.030234 -0.053831 -0.024808 0.1682 -0.055135 -0.095646 -0.047085 0.039981 -0.03735 -0.14994 0.044662 -0.097916 0.061117 0.1376 -0.066914 0.10209 0.1347 0.098999 -0.080704 0.10788 -0.12519 0.066411 -0.0096782 -0.074207 0.12055 0.084804 0.056177 -0.0209 0.11401 -0.018634 0.014352 0.095738 -0.11112 0.10839 -0.018374 -0.1516 0.032993 0.12641 0.085959 -0.077328 0.031778 -0.020571 -0.07204 0.14629 -0.090549 0.014814 0.13152 0.093921 -0.051103 0.15487 -0.018145 -0.099651 -0.043376 -0.034458 0.044331 -0.009947 -0.13353 0.040436 -0.1386 0.16453 0.10599 -0.047873 0.11841 -0.13487 -0.093024 -0.10263 -0.13694 -0.028402 -0.058982 0.14296 -0.085927 0.078567 -0.068311 -0.10944 0.061338 -0.051037 -0.0040218 0.022728 -0.1004 0.1536 -0.089653 0.1484 0.12001 0.014119 0.053821 0.054605 0.042038 0.017596 0.075419 -0.057612 0.075342 0.018359 -0.02552 0.076058 -0.04211 0.020468 -0.075112 -0.034193 0.16617 -0.041166 0.15768 0.13166 0.038294 -0.049549 -0.065333 0.061841 0.068864 0.13038 0.014578 0.022518 -0.149 0.034599 0.11545 0.1264 -0.036597 -0.039222 -0.022546 0.062975 0.16219 -0.13506 0.018762 0.13595 0.011752 0.11559 0.061763 -0.0063663 -0.087556 -0.1698 0.10713 -0.1229 0.064451 -0.052666 0.054781 0.1024 -0.09914 0.1443 -0.057548 -0.04235 0.070516 -0.044578 -0.083114 0.021738 -0.022685 0.082923 -0.11932 0.11414 -0.046824 -0.13289 -0.082847 0.10078 -0.044582 0.12795 -0.04245 0.018503 -0.054687 -0.15085 -0.072746 0.0060738 0.14294 -0.034018
-0.20102 -0.20202 -0.054397 -0.084566 0.0398 -0.010967 0.056408 -0.075656 0.044968 -0.033881 -0.1084 -0.049533 -0.025997 0.064225 -0.07903 -0.078515 0.19692 0.13494 0.10463 0.052125 0.28484 -0.096026 -0.068694 -0.032859 -0.11707 -0.13451 -0.2317 0.15086 0.01361 0.060521 0.17379 0.13925 0.12081 0.082879 0.00445 0.085564 0.044892 -0.13599 -0.17942 0.064367 0.097049 0.18395 -0.023228 0.11404 -0.0046991 -0.059092 0.016322 0.16022 0.22413 0.18296 -0.09416 -0.11091 -0.057846 -0.063513 -0.13807 -0.11545 0.08949 0.018226 -0.31842 -0.077744 0.037021 -0.14709 0.17931 -0.15181 -0.29409 -0.0969 -0.051753 0.090877 0.12608 -0.023965 0.082896 0.14954 -0.0078879 -0.0042693 0.0019598 -0.072181 0.20461 0.081295 0.044417 -0.060001 -0.064493 0.19987 0.068644 0.071144 0.0060996 0.081161 -0.31776 0.14624 0.094701 -0.12684 -0.19637 -0.12247 0.043646 -0.028571 0.021245 -0.03126 -0.11474 0.12111 0.12768 -0.15116 -0.10327 -0.041182 -0.12957 -0.029371 0.048055 -0.10211 0.10927 0.088552 0.019459 0.034616 -0.15101 -0.067617 -0.088464 0.0046662 0.11675 0.15958 -0.11656 0.039437 -0.11088 0.060096 -0.21012 -0.071715 0.026198 -0.073983 -0.062579 -0.033232 0.089961 -0.042098 -0.17272 -0.085058 -0.088722 -0.0007884 0.04366 0.012194 -0.13602 -0.08041 0.019064 0.07433 0.16384 0.047925 0.18437 0.026104 0.085726 0.12666 0.20573 0.027266 0.097531 0.096289 -0.058835 0.11778 0.067602 -0.084815 -0.085145 -0.22463 -0.32275 -0.25589 -0.1779 -0.063787 -0.10418 0.015455 -0.039288 -0.046102 -0.33022 -0.052857 -0.090552 0.056526 0.046499 0.25958 0.36812 0.20457 0.31499 0.33479 0.22081 0.13748 0.094641 0.027191 0.11291 0.093211 0.12895 -0.010948 -0.16535 0.12011 -0.14822 -0.38085 -0.15207 -0.15985 0.11624 0.052182 -0.26121 -0.032589 -0.17927 0.016176 0.023728 0.031687 0.14775 0.0049686 -0.15367 -0.14066 -0.039824 0.15254 -0.032945 0.063422 0.25073 0.073197 0.24883 -0.13648 0.11883 -0.18723 -0.21154 -0.059138 0.15307 -0.14002 0.21534 0.11942 -0.048148 -0.11711 0.033795 -0.020278 0.094791 0.019798 -0.097526 -0.1781 -0.11711 -0.16966 -0.24772 -0.12356 0.01074 0.10599 0.086437 0.024668 0.10931 0.10565 -0.070257 0.035723 0.097116 0.27534 -0.07296 -0.12331 -0.36004 -0.34785 0.12642 -0.081054 -0.061019 0.17257 0.029389 -0.1285 0.098079 -0.097918
-0.096845 0.0051678 -0.096001 -0.0073593 -0.19433 -0.074836 0.072716 0.039859 0.02283 -0.15474 -0.078269 0.066764 0.03865 0.024626 0.0067528 0.11331 -0.10188 -0.081211 0.054857 0.12058 0.16553 0.10734 0.016765 0.087898 0.12535 -0.059545 0.0037467 -0.12363 0.020976 -0.10652 -0.10606 -0.0046939 -0.033128 -0.23961 -0.06559 -0.077994 0.030792 0.097261 0.20576 0.053471 0.13109 -0.27902 0.21371 0.036965 0.049779 -0.019425 0.026574 -0.042737 -0.098427 0.019634 0.033777 -0.053196 0.028116 0.20465 0.14957 -0.2369 -0.10587 -0.010079 0.15431 -0.033362 -0.025667 0.12396 -0.39812 0.25904 0.2271 0.16611 0.15466 0.046403 -0.11673 -0.080234 0.16778 0.15179 0.12875 0.0432 -0.15271 -0.028707 -0.077826 0.25527 0.048956 0.15397 0.023198 -0.14995 -0.11665 -0.02922 0.074337 0.018455 0.26252 0.13298 -0.04406 0.048526 0.020631 -0.035262 -0.11094 -0.025265 0.093602 -0.10012 -0.12174 -0.19764 -0.12378 -0.021817 -0.13772 -0.025102 0.075735 -0.0077335 -0.0087456 -0.074701 0.050946 -0.091288 0.049318 -0.048067 0.040038 0.081858 0.040079 0.012816 0.066653 -0.004791 0.21577 -0.030326 -0.15135 -0.073338 -0.039834 -0.13202 -0.036226 -0.068026 -0.072524 -0.22377 0.19412 -0.059954 -0.21865 0.10472 -0.15309 0.072529 0.042681 -0.028061 -0.22359 -0.14302 -0.14103 0.020833 -0.14456 -0.054825 0.063568 -0.0075621 0.011524 -0.085022 0.049187 -0.032508 -0.35711 -0.15322 -0.18537 -0.018804 0.033666 -0.27231 -0.17815 0.032107 0.12997 0.0329 -0.078805 -0.013773 -0.039327 0.20439 -0.037334 -0.17518 -0.32556 -0.040538 -0.353 0.24021 0.049912 -0.027892 0.078257 0.061245 0.13725 -0.030106 0.12845 0.072814 -0.1305 0.19552 0.0020153 0.03808 0.014022 -0.02028 0.18505 -0.80895 0.43904 0.44109 0.0044675 0.044079 0.067305 -0.011478 0.077277 -0.20266 -0.051346 -0.10358 0.13841 -0.05737 -0.15886 -0.14653 0.011667 0.00073482 0.13985 0.079613 0.061307 0.037095 -0.17613 0.049259 -0.23695 0.33301 0.025062 0.21023 0.076449 0.019916 0.054883 0.034018 0.12092 -0.020242 0.11279 0.0049855 -0.13877 0.045213 0.073564 0.17188 0.051903 -0.031378 -0.022981 -0.2028 0.013997 -0.038563 -0.044361 -0.006552 -0.030596 -0.081251 -0.057334 -0.1672 -0.25658 -0.055722 -0.053435 0.096969 -0.10871 -0.0058598 0.14388 0.029545 -0.12898 -0.10737 -0.1597 0.0017276 -0.23951 0.14803 -0.058141 -0.063965
-0.0076803 0.027228 0.065158 0.052154 0.079251 -0.14287 -0.17668 -0.11801 0.09713 -0.059969 -0.12692 -0.055138 0.021471 -0.19243 0.14964 -0.0042074 -0.074238 -0.065578 -0.21732 0.051913 -0.087668 -0.09076 -0.059917 0.007393 0.21842 0.058483 -0.032404 0.10537 0.079172 -0.10916 -0.00066953 -0.049009 0.16284 0.077784 -0.026422 0.11137 -0.12679 -0.17894 -0.15062 0.095561 -0.084299 0.042011 -0.11719 -0.15714 -0.030502 0.12315 -0.026349 -0.0207 -0.10463 0.055422 -0.027375 0.10929 -0.040271 0.0023791 0.17361 -0.11815 0.11007 -0.017048 0.095627 0.028284 0.028396 -0.00067387 -0.16994 -0.019253 0.0047115 0.14584 0.11644 -0.099211 -0.096138 -0.072805 0.081519 0.062392 -0.14997 -0.0014499 -0.076684 -0.01643 -0.058206 0.01214 0.096363 0.082604 -0.043622 -0.043522 0.11409 -0.041136 0.10807 -0.15151 -0.09302 0.064176 -0.054398 -0.14825 -0.036379 0.15697 0.099113 0.011154 0.17513 0.064997 -0.14283 0.050779 -0.14564 -0.20361 -0.17942 -0.060919 -0.10388 0.10302 0.017711 -0.114 0.12374 -0.050436 -0.10162 -0.11761 -0.20143 0.060377 -0.12354 0.10223 -0.10561 0.15558 0.044094 -0.0083647 -0.013317 0.13455 0.14813 -0.038841 0.041624 -0.10913 -0.083713 0.030379 0.022239 -0.059512 -0.050863 0.026943 0.011807 -0.09395 -0.077013 -0.059125 0.074219 -0.089379 -0.029497 -0.17631 -0.012323 -0.33281 -0.21237 -0.13765 -0.22207 -0.22143 -0.092957 0.15843 0.088909 -0.19231 -0.076753 0.033855 0.017903 0.042401 0.096094 0.014179 0.0037069 -0.12071 -0.057455 -0.028251 -0.07649 -0.14732 -0.036257 0.033263 0.080152 0.059741 0.03186 0.082444 -0.11768 0.0071451 0.0046614 -0.15544 0.029376 0.16384 -0.048226 0.2093 0.13609 0.18589 0.28872 -0.054589 -0.017303 0.0095632 -0.17089 -0.11093 0.012569 0.038275 -0.16191 0.038673 -0.13455 -0.20679 -0.046299 0.027717 0.12458 0.045232 -0.17915 -0.22695 -0.013035 -0.10728 -0.09719 0.0080567 0.077379 -0.13382 0.012343 0.032393 -0.02238 -0.033207 -0.15325 0.019596 0.078547 0.072603 -0.042978 -0.020018 0.082021 0.083705 0.051884 -0.059004 -0.10063 0.11407 0.064509 0.052568 0.092099 -0.077849 -0.064275 0.0079633 -0.23641 -0.068201 -0.06821 -0.049599 -0.06994 0.039263 -0.08499 0.13365 -0.2005 -0.1212 -0.17904 0.02992 0.042599 0.15442 0.067304 0.049045 0.027438 -0.059765 -0.17107 0.091701 -0.121 0.04744 -0.018807 0.12565 0.08604 0.047864
0.056297 -0.086694 0.00077744 -0.12746 0.12949 -0.016778 -0.0065778 -0.020917 -0.11307 -0.19414 0.0564 -0.13825 -0.064841 1.4457e-05 0.074986 -0.06038 0.021891 -0.15048 0.04947 -0.15456 -0.1347 0.036192 -0.13933 0.023026 -0.030927 -0.013693 0.11958 0.13572 0.067445 0.1042 0.025636 -0.020454 -0.024383 0.15477 0.10722 -0.084751 -0.12683 0.036244 0.040862 0.042562 -0.20087 -0.14577 0.089011 0.1018 0.042826 -0.021467 -0.19338 0.079589 -0.16698 0.021695 -0.073452 0.010605 -0.042891 0.094689 0.14116 0.15098 -0.18998 0.077302 -0.066802 0.12633 -0.01762 -0.001093 -0.033222 0.016151 -0.040332 -0.020421 0.041119 0.12229 -0.030286 0.082552 0.051051 0.11682 0.14903 0.11238 0.095593 -0.065912 0.11076 0.022243 0.13795 -0.14009 0.034257 0.097424 0.099732 0.12793 -0.030401 -0.052002 0.048888 0.045578 0.086213 -0.11037 -0.12016 0.14457 0.040413 -0.028135 0.1327 -0.12895 -0.062629 -0.12897 0.0046373 0.020812 -0.053417 -0.146 -0.1039 -0.20368 0.035985 -0.088385 -0.1269 0.086427 0.045061 0.049357 0.11048 -0.14108 0.057362 -0.09217 0.069004 0.070561 -0.051393 0.048625 0.024647 -0.031921 0.13845 0.16458 0.085904 0.067664 -0.085562 0.088641 -0.020676 -0.11026 -0.16392 -0.2228 -0.19379 -0.042431 -0.13889 -0.074137 0.043118 0.11529 0.10446 -0.1167 -0.16114 -0.08991 -0.090571 -0.13545 0.050548 -0.044094 0.0046183 -0.12021 0.14744 -0.16215 -0.040024 0.00093158 -0.045155 0.13964 0.12476 0.0068374 0.046019 -0.093969 -0.15225 0.03993 -0.18023 -0.054244 -0.23309 -0.095843 -0.20557 -0.11865 -0.012921 -0.10919 -0.14404 -0.23814 -0.0050618 -0.10171 0.047864 -0.041726 -0.030596 -0.093195 0.17307 -0.047935 0.13317 -0.21959 -0.048122 0.027135 -0.076137 -0.22206 -0.074538 0.12619 -0.097116 0.12997 0.025407 -0.05001 0.048823 -0.14432 0.047917 -0.072335 -0.10127 0.076216 0.11143 0.014483 0.068346 -0.08874 0.17421 -0.13763 -0.062781 0.011621 -0.084843 -0.075504 -0.16165 -0.021184 0.062561 0.071101 -0.019517 -0.10159 0.011355 -0.10292 0.05701 0.13664 0.1482 0.036631 -0.060644 -0.089041 0.011032 -0.081562 -0.15091 -0.10352 -0.038603 -0.032638 -0.18346 -0.065689 -0.14555 -0.031195 -0.019163 -0.015693 0.014786 0.016933 -0.072299 -0.0039755 0.13341 0.058952 -0.055243 0.0093268 0.13858 0.067612 0.027892 -0.11843 0.1307 -0.08509 -0.10755 0.13834 0.081078 -0.09357
-0.14233 -0.14186 -0.046362 0.10572 0.0018222 -0.12239 -0.092093 0.034677 -0.17804 -0.01308 -0.042596 0.011618 0.014108 0.07064 -0.028401 -0.10979 0.0063984 0.11128 0.14546 -0.057027 -0.042701 -0.15342 0.049558 0.060086 0.067844 0.1563 -0.020069 0.034696 0.048431 -0.14144 0.02749 -0.004354 0.060106 -0.085785 -0.0087743 -0.14237 -0.083291 0.04678 0.0082341 0.089338 -0.10599 -0.022168 -0.1113 -0.10901 0.15247 -0.016873 0.094905 -0.042315 0.11629 0.04697 -0.15475 0.081051 0.045866 -0.088584 0.015169 -0.060088 0.15554 0.0053137 -0.065291 0.14465 -0.014194 0.020102 -0.047437 0.097499 -0.043229 0.028517 -0.018338 0.019332 -0.018813 0.070586 -0.075284 -0.057748 0.11639 0.041932 -0.0097165 -0.065 -0.026271 0.087481 0.020576 -0.17052 -0.12407 -0.030889 -0.054422 -0.079274 -0.041278 -0.079208 0.01873 -0.10742 -0.073131 0.0054844 0.07758 -0.013682 0.16985 -0.039789 -0.13305 -0.072887 -0.14446 0.01614 -0.0099954 0.11185 0.1053 0.048039 -0.15741 0.036642 0.028358 -0.13165 0.0827 -0.109 0.15002 -0.063099 0.066551 0.15184 -0.13196 -0.056997 -0.10952 -0.096492 -0.050326 -0.076334 -0.025425 -0.0048164 0.1191 0.11918 -0.15178 0.014535 0.015997 -0.022148 0.15708 -0.14876 -0.030691 0.10739 -0.16779 -0.077173 0.08206 -0.049975 0.024403 0.022119 -0.038498 0.10985 0.026385 0.013759 0.12438 0.043832 -0.081258 0.04859 -0.07114 0.088048 -0.023335 -0.0038612 0.041335 -0.11854 0.021303 0.15344 -0.082601 -0.12002 -0.018534 0.048763 0.084276 -0.092984 -0.037342 -0.070602 -0.12944 -0.018126 -0.026775 0.14862 -0.010039 0.027828 0.16267 0.1879 -0.11958 0.094778 -0.10483 0.031778 0.033924 0.11622 -0.016901 -0.074564 0.10281 0.035288 0.021081 -0.037704 0.18344 0.079047 -0.10546 -0.075154 0.0028589 -0.078792 0.037021 -0.031329 -0.095154 0.06309 -0.090543 -0.073868 0.16978 0.019654 0.098585 0.16002 0.15588 -0.083808 0.056088 -0.090342 0.00095523 0.14241 -0.161 -0.17292 -0.047743 -0.068584 0.041062 -0.018808 -0.0021721 0.1572 -0.14493 0.0035756 -0.11866 0.10638 0.16396 -0.15003 -0.143 -0.010979 0.060852 0.025551 -0.13935 -0.15395 -0.079358 -0.05734 0.10229 -0.077845 -0.061636 0.12562 0.087531 0.16797 0.085525 -0.13351 0.0043652 -0.019175 0.03408 0.007979 0.045351 -0.094654 0.089181 -0.11765 0.061415 0.1546 -0.18457 0.1009 0.069295 0.011041 0.1464 0.14156
0.027428 -0.084053 0.0063826 -0.12544 0.15617 0.043158 0.094373 -0.041222 -0.03848 -0.015003 -0.14114 0.0014632 -0.039708 0.0064506 -0.11333 -0.11519 -0.034349 0.076346 0.097242 -0.0014842 -0.15652 -0.12312 0.12829 -0.17638 -0.010941 -0.16294 0.10239 0.0062642 -0.079629 0.091439 0.074375 0.080121 -0.081927 -0.081091 0.018812 -0.2013 -0.14071 -0.010893 0.024771 -0.096454 0.08028 -0.035462 0.035007 -0.050602 -0.016186 0.02136 0.056835 0.11389 -0.0021822 -0.064992 -0.037509 -0.045845 -0.08844 0.060219 -0.16427 0.020998 0.0086707 0.1227 0.013733 -0.034594 0.063277 0.12341 -0.048495 -0.095898 -0.05497 -0.0015462 0.11341 0.028325 -0.039346 0.002419 0.10714 -0.022661 0.091254 -0.13843 -0.02047 0.047009 0.024895 0.10622 -0.039509 0.12442 0.096211 0.022207 -0.048356 -0.13337 -0.13371 -0.06265 -0.16407 -0.030767 -0.016613 -0.067704 0.10575 0.1513 0.078529 0.12882 0.02689 -0.09321 -0.16711 -0.060612 0.10429 -0.13143 0.068548 -0.06971 0.090653 -0.085031 0.054484 -0.12342 -0.080287 0.086991 -0.05826 -0.079704 0.0015321 -0.025312 -0.10434 0.054367 -0.14426 0.017041 -0.17673 -0.11571 -0.079486 -0.083251 0.14172 -0.064082 -0.10349 0.0048489 -0.12842 0.063825 -0.15263 -0.034962 0.095933 -0.13926 0.021369 -0.03789 0.089715 -0.18429 0.10675 0.0057424 0.013562 0.1158 -0.10528 -0.13153 0.092497 0.10718 -0.12727 -0.013984 -0.096363 -0.13024 -0.098039 0.14812 -0.13829 -0.079927 0.05327 0.18388 -0.1223 -0.027578 -0.080358 0.048551 0.037414 -0.00098659 -0.048304 0.021614 0.027853 -0.0029471 -0.15224 -0.0022054 0.017877 -0.014619 0.06293 0.12207 0.11102 -0.024841 0.036256 0.17138 0.046216 -0.015839 0.017589 0.096321 -0.054424 0.12069 0.12023 0.089957 0.013651 0.13522 0.025413 -0.13768 -0.082799 -0.086209 0.13869 0.11466 -0.16973 -0.11097 -0.10333 -0.13556 -0.079912 -0.13424 -0.044309 0.084894 -0.018616 0.049459 -0.16475 -0.17016 0.013282 -0.02707 0.097649 -0.12682 0.0085206 0.091701 0.1352 0.11871 -0.16909 -0.064544 0.011072 -0.051787 0.15428 0.013778 0.063618 0.038407 -0.13808 0.13884 -0.0038354 0.06776 -0.048899 0.013343 0.040756 -0.12672 0.050581 0.10505 0.10245 -0.13154 0.112 -0.09965 -0.054193 -0.030695 -0.010464 0.12111 -0.096776 0.065961 -0.12723 0.01534 -0.094542 -0.13953 -0.075794 0.048957 0.082609 0.087956 -0.12533 0.087408 0.13541 0.052196
0.042431 -0.099702 0.0060697 0.16903 -0.094247 -0.11452 -0.11227 -0.07937 0.0054123 -0.075795 0.04192 -0.11212 0.036715 -0.0066182 -0.0092546 -0.049599 0.0058235 0.0505 0.039499 0.036748 0.12304 0.040114 -0.086715 0.014522 -0.030763 -0.039507 -0.031853 0.12721 0.06213 0.028319 -0.037932 -0.011862 0.16073 -0.19999 -0.006396 0.055293 -0.16175 -0.063338 0.04164 0.13972 -0.03303 0.032409 0.084522 0.11193 0.048715 0.11922 0.0016989 0.044145 0.099657 -0.10418 0.13149 0.13867 0.16233 0.16845 0.059239 -0.10162 -0.081895 0.1343 0.0059196 0.13625 0.005563 0.050357 -0.083133 0.13237 -0.043746 -0.095252 0.077071 0.18123 -0.12313 -0.049423 -0.057105 -0.018489 0.055906 0.077715 -0.022157 -0.08415 -0.0065474 0.11985 0.030233 -0.077138 -0.099215 -0.024914 -0.074555 -0.019503 -0.11069 -0.064244 0.12976 0.051244 -0.097777 -0.094338 0.14584 0.14078 -0.11967 -0.1554 0.01715 -0.026959 -0.051275 -0.20696 -0.13644 0.0061843 -0.016161 0.19857 0.18096 -0.082573 0.014126 0.051227 0.18473 -0.0083987 0.14865 0.029642 0.052903 0.16211 0.044198 0.029897 -0.051632 0.1248 0.13124 -0.019384 -0.036213 -0.081609 -0.13198 0.063303 0.073093 -0.056851 0.10243 -0.10784 -0.04624 0.17934 -0.012079 -0.10265 -0.13102 0.10104 -0.006128 -0.016322 -0.0046892 0.069953 0.017287 0.041087 0.14684 0.12101 0.0073847 -0.050441 0.029249 -0.013194 0.16473 -0.068035 -0.1022 -0.21041 0.0046587 -0.16077 0.081423 0.12689 -0.11428 0.13739 0.20199 0.1628 -0.10467 0.096959 -0.03291 -0.11428 -0.12911 -0.083499 0.066523 0.2092 -0.081679 -0.020922 0.010167 -0.025877 -0.088829 -0.14523 -0.024335 0.0011566 0.10724 0.021129 0.15097 -0.11959 0.05742 -0.033396 -0.14337 -0.071502 0.0088186 -0.20483 0.12278 0.25661 0.16883 -0.041011 -0.004973 -0.04628 0.10067 0.064605 -0.060269 0.015282 -0.16884 -0.074321 -0.1272 -0.026095 0.17808 0.26995 0.23614 0.095162 -0.063497 0.26924 -0.040953 0.043277 -0.088734 0.16631 -0.19418 0.048651 -0.10996 0.0093165 -0.064159 -0.01445 -0.12775 -0.23094 -0.10654 0.065771 -0.055527 0.10838 -0.055974 -0.022657 0.085357 0.03799 0.099053 0.15599 -0.12722 -0.018629 -0.22046 -0.042855 0.14929 0.068584 0.083666 0.12404 0.039511 0.15792 0.0041101 0.12077 0.017068 -0.095951 0.20149 -0.37278 -0.076017 -0.15722 0.075736 -0.10326 -0.042409 0.1025 -0.27485 0.028777
-0.047847 -0.09122 0.025973 0.16013 -0.012284 0.12888 -0.095364 -0.065928 0.036344 -0.10548 -0.014 -0.084898 -0.15312 -0.15994 0.098162 -0.014914 0.0032313 -0.1916 -0.020116 0.086285 0.035689 -0.021869 -0.08898 -0.10538 -0.058347 -0.032446 -0.010277 0.096836 0.16707 -0.020794 0.026125 0.17399 -0.1279 -0.025555 -0.11208 -0.11299 -0.1209 -0.16107 -0.0091381 0.0014549 -0.11862 0.042543 -0.062298 -0.13855 -0.027792 -0.16612 0.081701 0.033421 -0.19013 -0.10015 -0.11344 0.0054104 0.070086 -0.044632 -0.10478 -0.11788 0.13418 -0.083843 0.082525 0.016581 0.0189 0.13666 -0.04358 0.082732 -0.021481 0.16463 0.15055 -0.074257 -0.13949 0.03461 0.0026883 0.096478 0.10651 -0.00306 -0.096624 -0.0023284 0.058375 -0.16238 -0.07322 0.01147 0.047155 -0.19739 -0.070823 -0.016524 -0.14257 0.060641 0.18328 -0.091492 -0.036608 -0.092635 -0.099835 0.17533 0.12666 0.046321 -0.063036 0.12112 -0.075495 0.10081 -0.12497 -0.19045 0.046197 0.077633 0.0069011 -0.13744 -0.0046123 -0.1076 0.12373 -0.10332 0.10467 -0.025341 0.0067871 0.143 0.022261 0.024407 -0.19307 -0.053333 0.081775 0.06222 0.12169 0.080653 0.038726 0.07932 -0.06131 -0.054305 -0.10075 -0.0811 0.0061945 -0.11482 -0.083861 0.021046 -0.16032 0.16789 -0.10926 -0.031188 -0.076769 0.11309 -0.14559 0.20003 0.091483 -0.1521 0.077877 0.10619 0.027288 -0.13643 -0.15642 -0.097692 -0.22562 0.11119 -0.056114 0.054023 -0.050582 -0.10513 0.10971 0.042385 0.002208 -0.070853 -0.16645 0.060673 0.024972 -0.030272 -0.0031894 0.0091574 -0.14363 7.6182e-05 -0.12069 0.013093 -0.094482 -0.034762 0.048648 -0.093429 -0.021302 -0.17356 -0.098164 0.0025273 0.047389 -0.14586 -0.20205 0.042602 -0.17869 0.025218 0.10141 -0.088308 0.019683 0.049941 0.14369 0.12881 0.17844 -0.05474 0.11174 0.0061018 0.014518 -0.013822 0.020562 0.10443 -0.099338 -0.074982 -0.04266 -0.048264 0.0038344 -0.070098 -0.015646 0.12505 0.094861 -0.059336 0.003964 0.2352 0.11753 -0.070163 0.059002 -0.075555 -0.098111 0.064835 -0.048441 -0.035481 -0.1316 0.0073394 -0.053361 -0.091831 -0.021705 0.00025596 -0.085013 -0.0032208 -0.12959 0.10674 -0.064225 0.057216 0.091312 -0.11499 -0.0069831 0.12776 -0.10096 -0.11682 -0.11248 -0.12446 -0.12709 0.047507 -0.13887 0.071418 0.11918 0.17035 0.10642 0.095322 0.025151 -0.18465 -0.080416 -0.076767 -0.01803 0.034014
0.10388 0.088313 -0.011435 0.066744 0.16394 0.036033 0.14254 -0.011039 -0.063419 0.046079 -0.1837 0.14557 0.096986 -0.094954 -0.17912 0.058691 0.08744 0.072744 0.0024755 -0.14729 0.062292 0.030305 0.00068104 0.021628 0.038361 0.12465 -0.16958 0.044456 -0.11406 -0.034953 0.0078553 -0.084392 0.14119 -0.10382 0.16893 -0.029303 0.07228 0.076311 -0.052528 0.048514 0.020445 0.070663 0.12968 0.077825 -0.13623 -0.013474 0.065657 -0.066783 0.050999 0.10382 0.021456 0.15047 -0.084046 0.11504 -0.13542 0.03662 0.0053205 -0.012735 0.044093 0.01932 0.072799 0.060718 0.090379 0.084126 -0.23756 0.0061463 0.054258 -0.10594 0.11612 -0.11051 -0.067439 -0.037154 0.08465 -0.015771 -0.082557 -0.053705 0.19414 -0.0095681 -0.10493 0.019977 0.22284 -0.084415 0.18225 -0.12012 -0.049759 -0.077302 0.0016723 -0.059756 0.082769 -0.082908 -0.070673 -0.14805 0.15909 0.062465 -0.19033 0.0043599 0.11187 0.042339 -0.079457 0.14095 -0.11305 -0.12594 -0.0084332 0.1261 0.024852 -0.096837 0.021418 -0.028518 0.13087 0.036231 0.049407 0.13407 -0.16693 -0.07106 -0.11717 -0.11558 0.066849 0.046167 0.084794 0.11132 -0.013988 -0.035462 0.075725 0.094442 0.17332 0.0080589 0.069595 0.097288 -0.080602 0.071259 0.18271 -0.11024 0.032263 -0.080996 -0.059165 0.074482 0.093527 -0.065788 -0.086416 0.11643 0.043113 -0.1364 -0.11742 0.10459 0.021564 -0.18604 0.14457 0.060916 0.030443 -0.14532 0.17177 0.097445 0.022737 0.024803 0.033919 -0.058446 0.048561 -0.029932 -0.033287 -0.096215 -0.10041 -0.021199 -0.0031951 -0.17691 0.13549 0.017337 0.08477 0.077837 -0.032299 -0.25264 -0.056048 -0.099546 0.13692 0.038855 0.035846 0.049787 -0.087715 -0.040861 0.052922 0.18584 0.011972 0.29055 -0.076419 -0.15005 0.056494 -0.085957 0.091162 -0.1011 0.0087903 -0.076409 -0.14219 -0.082065 -0.058527 0.13994 0.17062 0.17249 0.095553 -0.097236 0.045172 0.0099104 -0.067575 0.031603 0.17543 0.2298 0.22119 -0.079029 0.12552 0.092374 -0.17301 0.0099129 -0.090174 0.10144 0.081413 0.072006 0.16858 0.24685 -0.12092 -0.15226 0.078032 0.047158 0.029552 -0.081519 0.06984 0.016526 -0.038312 0.062685 -0.004906 0.15642 -0.040789 -0.045587 0.075849 -0.03708 -0.085104 0.15896 -0.079279 -0.072866 -0.020689 -0.037556 0.011991 -0.19631 0.05938 0.20171 -0.0063796 -0.026547 0.062213 -0.10543 -0.015668 0.059278
-0.013548 -0.057684 -0.037131 0.12835 0.0071255 -0.21809 -0.39559 -0.12004 -0.082782 0.17279 0.01941 0.1321 0.13378 0.097237 0.12805 0.18053 -0.0062654 0.06978 -0.26878 -0.020171 -0.1658 0.089783 0.066724 -0.038464 0.17184 -0.056771 0.18621 -0.11318 0.10172 0.035803 -0.07796 -0.021258 -0.055767 -0.10481 -0.33068 -0.10808 0.13778 0.039509 -0.014398 -0.029722 0.048127 -0.25121 0.19441 -0.10039 0.060399 -0.17642 -0.064245 -0.06038 -0.30778 -0.023587 -0.092276 0.15508 -0.014448 0.08017 0.077183 0.014558 -0.063992 -0.046699 0.32648 0.17095 0.12462 0.076995 0.01407 0.1677 0.10076 0.14633 0.10257 -0.025193 0.050195 -0.02308 0.0095024 -0.085469 -0.02997 -0.033732 -0.099165 -0.22723 -0.052232 0.12183 0.17282 0.063492 0.091521 -0.10087 -0.1795 -0.1918 -0.051392 -0.023471 0.024302 -0.19349 -0.11436 -0.10028 -0.010527 0.042097 -0.2407 0.053025 0.24302 -0.069299 -0.014668 -0.071429 -0.042016 0.12495 0.0069507 0.073075 0.063508 -0.085832 -0.24641 -0.15637 -0.052497 -0.2535 -0.066637 -0.23768 -0.053342 -0.2012 -0.02651 -0.013795 -0.14309 0.052501 0.15509 0.10994 -0.16341 0.28064 -0.054944 -0.35336 -0.03222 -0.084721 -0.09442 -0.046935 0.21592 0.32419 0.34799 0.033159 0.04052 -0.012408 0.3055 -0.054389 -0.13695 0.08837 0.0017593 0.012448 -0.091101 -0.2125 -0.25892 -0.28355 0.05015 -0.079538 0.1661 -0.025271 -0.28286 -0.12593 -0.13127 -0.093447 0.093252 -0.10395 0.11872 -0.11504 0.18214 0.3912 0.42911 0.23405 0.27439 0.18117 0.11356 0.092925 0.062637 -0.0057283 -0.019816 -0.050976 -0.1262 -0.44672 -0.32639 -0.6298 -0.41451 -0.12663 0.0034787 0.26394 0.11986 -0.26956 0.30704 -0.10323 -0.11233 0.24026 0.21067 -0.20743 0.35289 0.33947 0.19339 0.31008 0.12694 0.064286 0.17765 -0.18035 0.17091 -0.33468 -0.34137 -0.38052 -0.11719 -0.19235 0.21228 0.16514 0.35013 -0.12511 0.086719 -0.10087 -0.28891 -0.46673 -0.90689 0.17242 -0.24007 0.17575 0.1873 0.099743 -0.19788 -0.17439 -0.21652 0.025127 -0.056632 0.062786 -0.030368 -0.06958 0.28596 0.18554 0.34269 0.0027975 0.0043144 -0.047301 -0.1342 0.15335 -0.13403 0.22152 0.020888 0.20766 -0.18818 -0.046187 -0.06414 0.084515 0.10506 -0.0058967 0.076935 0.026504 -0.041003 0.27635 -0.01498 0.07778 -0.059373 0.049787 -0.45171 -2.0394e-05 -0.32223 0.076776
0.0052165 -0.13629 0.12451 0.14802 -0.0012247 -0.11507 -0.13832 0.099399 0.0093498 -0.14997 -0.022898 -0.081682 -0.022605 0.10658 0.12921 -0.053071 -0.10599 -0.11 0.016641 -0.12889 -0.0046014 0.088055 -0.07375 -0.082781 0.08568 -0.15542 -0.041734 0.070313 0.045009 0.030763 0.10984 -0.13648 0.043381 0.12049 -0.00083324 0.095533 0.062994 0.052643 -0.12328 0.11045 -0.09774 0.092449 -0.097822 0.12131 -0.033641 -0.034951 -0.14521 0.083374 -0.11975 0.10255 0.038301 -0.16548 -0.064641 -0.10933 -0.1608 -0.14864 0.076562 0.14125 -0.0883 -0.0069522 0.11713 0.040328 -0.1227 0.14401 -0.092371 0.10119 0.12381 0.054391 0.13997 -0.012259 0.10172 -0.14677 0.039464 -0.051713 -0.062756 -0.13574 -0.15521 -0.056592 -0.094294 0.10775 -0.002523 0.08576 -0.14294 0.071252 -0.081847 0.021851 -0.046936 -0.044324 0.12995 -0.12726 -0.087922 -0.061984 -0.011508 -0.092608 0.053091 0.046218 -0.03125 0.080872 -0.080145 -0.066602 0.10177 0.0057482 -0.047568 0.02523 -0.13621 0.10235 -0.02059 -0.097359 -0.049649 0.004461 -0.022195 -0.10402 -0.1047 -0.037598 -0.15116 0.10131 -0.050075 -0.16324 -0.16234 -0.1233 0.13398 -0.064628 0.080941 -0.12381 0.12667 -0.046797 -0.076075 0.022709 0.12597 -0.07816 -0.028727 0.0042869 -0.15039 0.1204 0.10396 -0.05328 0.058609 -0.031461 0.074716 0.13267 -0.01346 0.0072921 -0.16109 0.03205 0.11082 -0.10992 -0.074918 0.095938 0.091808 0.13183 -0.065275 -0.12862 0.047127 -0.15445 0.056284 -0.064756 -0.14003 -0.051562 0.0001345 0.12775 0.11965 -0.042723 -0.02266 0.084906 -0.054154 -0.01054 -0.021649 0.013337 -0.063447 0.019806 0.11343 -0.09356 0.13492 -0.0094821 -0.063038 0.047005 0.056483 0.1089 -0.12563 -0.0033463 -0.12579 0.12012 0.040669 0.0029078 0.09427 0.088219 0.05021 0.15706 0.0739 0.11234 0.087403 0.1137 -0.067859 -0.014914 -0.064376 0.10408 0.06826 0.049882 0.054347 -0.16175 -0.14574 0.024038 0.021445 0.12136 -0.049456 -0.088219 -0.077567 -0.072747 -0.11638 0.086499 0.030766 -0.01305 -0.018717 0.12209 -0.0031255 -0.012806 -0.077517 -0.0524 0.035669 -0.13931 -0.085434 -0.15796 -0.13076 0.038519 -0.090365 -0.058984 0.080438 -0.15166 -0.10969 -0.08142 -0.0046159 0.049656 -0.044065 0.13034 -0.1414 0.049697 0.021565 -0.16412 -0.046276 -0.081904 -0.071848 -0.15178 0.056013 0.086411 -0.11854 -0.068975 0.15643 0.0062244
0.067706 0.0099144 0.099845 0.024253 0.013364 -0.046882 -0.0086919 -0.042989 0.24037 0.070264 0.1657 0.1449 0.12212 -0.12145 -0.048458 0.065002 -0.043343 0.0251 -0.1981 -0.13144 0.050826 -0.055542 0.075145 -0.027832 0.17407 0.20508 -0.17621 -0.035147 -0.055279 -0.18643 0.075569 -0.13811 -0.11044 -0.093922 0.061173 0.00056577 0.23219 0.22235 0.011139 0.19526 0.026486 0.1038 0.14281 0.04874 0.083331 -0.049095 0.079744 -0.14082 -0.034319 -0.039603 0.15824 0.12711 -0.052902 0.042719 -0.016302 -0.1347 -0.073414 -0.15947 0.042311 -0.080504 0.12818 -0.11105 0.23435 0.078082 0.052906 -0.16568 0.16997 0.081018 0.12116 -0.0025272 -0.21339 -0.021834 0.093175 0.0019206 -0.15506 0.016671 -0.076158 -0.0047196 0.063587 -0.066021 0.075138 -0.079371 -0.062193 -0.0002975 0.050709 0.020625 -0.15599 0.025452 -0.032707 -0.20197 0.17652 0.097598 -0.01073 -0.13463 -0.12782 -0.16913 0.14328 -0.0012063 0.078765 0.24473 0.002372 -0.02102 -0.074782 0.21997 0.015182 0.12841 -0.015123 0.13377 0.09207 0.054503 0.15254 -0.079626 -0.00056875 -0.071056 -0.038535 -0.074161 -0.089222 -0.063126 -0.14126 0.16258 0.038274 -0.061494 -0.15391 -0.073043 -0.029306 -0.04614 0.049653 0.19092 0.26637 0.011077 0.109 -0.02908 0.1092 -0.028307 0.14764 -0.022279 -0.072883 -0.0337 -0.08786 0.036956 -0.091491 -0.0073482 0.12231 0.15767 0.010496 -0.17018 0.089667 -0.094763 -0.12421 0.059915 -0.036204 0.00036528 0.073957 0.086899 -0.093712 0.16411 0.10995 0.0011569 0.15002 0.089654 0.0071022 0.16475 0.30224 -0.12007 0.13149 -0.17947 -0.11226 0.014168 0.096059 -0.053703 -0.0064418 0.20304 0.034154 -0.084191 -0.16131 0.045887 -0.081369 0.043875 0.13528 0.14693 -0.25035 0.52702 -0.24192 -0.36748 -0.22949 -0.021534 -0.21645 -0.04489 -0.029577 0.14252 -0.0045099 0.13718 -0.062341 0.062454 0.010147 0.059097 0.046341 -0.15046 -0.060249 0.11672 -0.1126 -0.050955 0.0074241 0.055512 0.029587 -0.23755 -0.090753 -0.08692 -0.012381 0.10264 -0.11643 0.052696 -0.040936 -0.20634 -0.10173 0.13902 -0.12376 -0.16357 0.15399 0.074699 0.028683 0.075662 0.22971 0.17225 0.094407 0.10325 0.031512 0.22517 -0.0012947 0.064699 -0.0015972 0.21328 -0.046102 0.12562 -0.0036001 -0.032233 0.03997 -0.044797 -0.032347 -0.15466 0.064721 0.16567 -0.068958 0.098696 -0.05506 -0.10716 -0.20973 0.16696
0.083459 0.073785 -0.2793 -0.11819 0.030236 -0.06618 -0.064082 0.15565 0.1606 0.018929 0.00031142 -0.036067 -0.044447 0.22554 0.20878 -0.11374 -0.12378 -0.030575 0.080623 -0.030237 -0.074774 -0.16826 0.11153 0.031571 0.063707 0.11346 0.078394 -0.04539 0.053269 0.041685 -0.045585 -0.10185 -0.075809 -0.28537 -0.063838 0.12493 -0.2319 -0.20747 -0.19507 -0.27324 -0.15572 0.028364 -0.0041947 0.1238 -0.13775 0.025794 -0.17707 -0.055062 0.11447 0.12611 0.22147 -0.033584 -0.0018298 0.045257 0.099201 -0.091356 0.15894 -0.007111 -0.058138 0.29631 -0.052782 -0.058483 0.20802 -0.27334 -0.35785 -0.3186 -0.33317 -0.095087 -0.24011 -0.21729 -0.15737 -0.012665 0.20252 -0.0072621 0.087148 0.041533 -0.13493 -0.18442 0.020857 -0.15019 0.10679 -0.062215 -0.083363 0.073393 0.045793 0.068117 -0.38357 0.087417 0.023658 -0.20605 -0.017521 0.00032777 0.10621 0.14628 -0.044173 -0.28674 -0.00655 0.12331 0.2187 -0.090124 -0.01643 -0.053675 -0.068173 -0.18605 0.096428 0.10268 0.15857 -0.01967 0.15968 -0.15313 -0.052132 -0.012463 -0.01005 0.077963 0.03306 0.25315 0.18026 0.1192 -0.080479 -0.25176 -0.028865 0.38008 -0.14662 0.002322 0.10978 0.12951 -0.079499 -0.1163 0.098281 -0.059477 0.25154 -0.065716 -0.028169 0.30932 0.43994 0.15177 0.35228 -0.39782 -0.16549 -0.097437 0.11452 0.022367 -0.22586 0.21151 -0.16248 0.094123 0.068183 0.11286 0.20726 0.28762 0.18759 0.13393 -0.0063465 -0.18294 -0.098844 -0.14391 0.21002 -0.099208 0.41446 -0.18448 -0.043385 0.11695 0.39771 -0.13642 0.39255 -0.44724 -0.22542 -0.24589 -0.22439 0.1508 -0.057085 -0.012673 -0.014501 -0.26697 0.10155 -0.12777 -0.023506 0.061367 0.47709 0.13864 -0.095935 1.2932 -0.45813 -0.36666 -0.21449 -0.18793 -0.25791 -0.052899 -0.33238 0.05977 -0.20759 0.037249 0.23013 0.2465 0.18632 0.23693 0.095577 -0.0014898 0.018285 0.21717 0.3231 0.31502 0.28902 0.22424 0.34373 -0.27106 0.34051 0.31277 0.018301 0.2356 -0.11096 -0.0021617 -0.048238 0.14086 0.078066 0.14789 -0.0058065 -0.0060077 0.043552 0.15278 0.12871 0.37678 -0.067352 0.047645 0.20974 0.36712 -0.092773 0.11601 -0.38266 -0.10171 -0.14834 -0.14099 0.092508 -0.17384 0.08283 -0.15257 0.15873 0.010329 -0.64229 0.73604 -0.045751 -0.034738 -0.046006 0.15403 0.25847 -0.062158 0.031917 -0.23616
-0.069689 -0.010685 -0.0029179 0.051425 0.078444 0.083619 -0.099495 0.051418 -0.069799 0.049879 -0.15947 0.016372 -0.031981 -0.086178 0.071609 -0.10774 -0.13902 0.036996 -0.0094902 0.0042831 0.030839 -0.047804 -0.087629 0.088173 0.10388 -0.0072044 -0.0086862 -0.11648 0.13112 0.014654 -0.13362 0.1179 0.099179 0.12807 0.013269 -0.072219 0.085388 -0.086469 -0.13354 0.10639 0.090037 0.025785 -0.14147 -0.16766 0.059948 0.12001 0.02898 0.034313 0.11864 0.062529 0.064291 -0.16074 -0.10619 -0.078503 -0.15355 0.0035174 -0.13412 0.1283 0.040711 0.13539 0.024127 -0.012347 0.065367 -0.071226 -0.083762 0.090108 -0.12791 0.13187 0.12397 -0.14584 -0.12051 0.013324 -0.044549 0.13335 0.036085 0.13066 0.11357 -0.013669 -0.025537 0.07154 0.13415 -0.16603 -0.16106 -0.027651 -0.17107 0.026364 0.12711 0.081277 -0.13729 -0.11869 0.049133 0.16389 0.1336 0.020672 0.075154 -0.039421 -0.042697 0.09327 0.12923 0.14754 0.07665 0.066909 -0.025627 0.037099 -0.16199 -0.17683 -0.10884 -0.14087 -0.15724 -0.019526 -0.028427 -0.053684 -0.038638 -0.14427 -0.092002 0.079083 0.11614 0.024089 -0.095166 0.11712 0.0058064 -0.14401 0.029113 0.016344 0.13011 -0.027906 -0.082072 0.054184 0.11915 0.014914 -0.15073 -0.061322 -0.073433 -0.083715 -0.096362 0.13945 -0.09564 -0.070626 -0.10529 -0.085628 -0.17958 -0.1204 0.026882 0.040638 0.097846 0.026989 -0.11946 -0.12515 0.056748 -0.084427 -0.013146 0.019823 0.065978 0.072104 0.024906 0.014861 0.081288 -0.10562 0.13825 -0.014949 0.14455 0.05634 -0.12 0.037401 0.023984 0.0024903 0.11912 0.082759 -0.068134 -0.050382 0.071517 0.052693 0.12909 0.12136 0.13313 0.12986 0.06897 0.14784 0.072705 0.1267 0.045174 0.050612 0.15193 -0.069189 0.11789 -0.13098 0.063628 -0.002739 0.0069242 0.1189 0.054328 0.067793 0.0028269 0.0031227 -0.035031 0.13664 0.027774 0.066292 -0.04455 0.056255 0.0013711 0.06516 -0.049311 0.038412 -0.15264 0.06743 0.050472 0.032841 -0.14233 -0.0054804 0.095959 -0.14371 -0.15332 -0.11473 0.15062 0.057579 -0.14813 0.098896 0.14104 0.063014 0.0083064 0.084792 0.046798 -0.082458 -0.0022279 -0.03344 0.083315 -0.049512 -0.015892 -0.16121 -0.06466 -0.13184 0.032837 -0.10801 0.010031 0.12422 -0.038837 0.064945 -0.042393 0.15352 -0.083308 0.081728 -0.045467 -0.010831 0.13903 -0.090338 -0.14848 -0.048431
-0.08977 -0.02177 0.074139 0.10205 0.11231 -0.14215 0.054758 0.13115 -0.058964 -0.14191 -0.0053587 -0.11647 0.029557 -0.12983 0.084247 -0.031427 0.17799 -0.010852 -0.037997 -0.084434 0.16532 0.066666 0.18392 -0.07518 0.1371 -0.1615 -0.042957 0.069657 -0.095065 0.13062 0.080728 -0.078371 -0.097798 -0.095351 -0.057276 -0.025527 -0.026382 -0.036483 0.13584 0.12032 -0.056774 -0.044747 -0.05597 0.15926 -0.024639 -0.089012 0.15776 -0.064943 0.1501 0.06232 -0.010869 -0.05038 0.076237 0.016084 0.12814 0.15887 0.021539 -0.084705 -0.040224 -0.068908 0.013754 -0.060106 0.051126 -0.011121 0.042182 -0.11996 -0.11229 0.11918 0.018815 0.12577 0.050882 0.076147 0.13995 -0.014572 0.11715 0.067877 0.058695 -0.10699 -0.061586 0.11905 -0.013337 0.16561 -0.025976 -0.081138 -0.13698 0.11519 -0.067229 0.16533 -0.074753 0.026978 0.059338 -0.03615 -0.061694 0.073847 0.035397 -0.087113 0.079855 0.041153 -0.064611 -0.03521 -0.037672 0.069784 0.021736 -0.067839 -0.07433 -0.16175 -0.027926 -0.089981 -0.086242 0.097788 -0.13104 0.09193 0.012944 -0.013439 0.11524 0.10006 -0.055881 0.12091 0.024398 -0.086567 -0.028942 -0.010015 -0.10649 -0.075396 -0.11741 -0.0743 0.10179 -0.069914 -0.024991 -0.14932 0.12754 -0.20129 -0.082687 -0.059799 -0.072858 0.012242 0.10799 -0.10144 0.13129 -0.12911 0.15658 -0.04732 -0.13998 0.15428 0.025756 0.10365 0.055145 0.055069 -0.12585 -0.068326 -0.010878 0.042465 0.13532 0.074054 0.19123 0.13331 0.034759 -0.027536 0.12859 -0.016137 -0.12911 -0.15551 -0.053933 -0.16728 0.14232 0.093192 -0.13533 -0.099676 0.15789 0.1423 0.03581 -0.0023181 -0.019582 -0.061558 0.016789 0.081822 0.061703 0.14087 0.11984 0.11941 -0.037337 -0.037333 0.0063376 -0.022762 -0.033145 -0.1614 -0.0010388 0.080211 -0.19313 -0.01078 -0.13236 -0.015655 -0.0075899 0.14963 -0.055098 -0.086943 0.067185 0.036265 0.17581 -0.014632 0.044876 -0.036432 0.18866 0.023139 0.090941 0.16361 -0.057042 -0.11084 -0.024764 0.023081 0.11231 -0.17392 0.040794 -0.046974 -0.11925 -0.15437 0.059733 -0.12653 0.0038851 -0.082505 -0.12259 -0.020875 0.057192 -0.15637 -0.043731 -0.057492 0.072613 0.088972 0.096064 0.0057172 0.11083 -0.053085 0.14117 0.079281 0.015309 0.15438 0.060133 -0.016959 0.024997 -0.10304 -0.030761 -0.046519 0.14247 0.03425 -0.15198 0.18046 -0.022921 -0.074685
0.13951 -0.10146 -0.0010999 0.11359 0.040939 0.032914 -0.03864 0.039003 -0.10179 -0.0060984 -0.14404 -0.12241 -0.011934 -0.12855 0.052438 -0.056273 -0.033145 -0.15078 -0.14227 -0.11079 -0.040189 -0.083335 0.0066305 0.13782 -0.11046 0.065418 -0.12305 0.067239 0.15813 -0.12182 0.063353 0.029421 0.14832 0.12015 -0.1446 -0.06404 -0.034449 -0.1543 -0.056117 -0.0099863 -0.094245 0.039485 -0.073938 0.13878 -0.077979 -0.04536 0.048015 0.088291 -0.09066 0.0024418 -0.082687 -0.018912 0.11717 0.017681 0.057032 -0.13712 0.074485 0.028433 0.0063496 -0.061373 -0.15128 0.10888 0.067193 -0.022792 0.037009 -0.082623 -0.081913 -0.011403 0.025023 0.079163 -0.060045 -0.139 0.10481 0.12289 0.090223 -0.0028931 0.12306 -0.022013 -0.087842 0.040151 -0.11456 -0.088493 -0.090243 0.13311 -0.13646 0.0044764 -0.085199 0.036651 0.0099283 0.028909 0.15369 -0.14292 0.10872 0.0035297 -0.0051576 -0.050571 0.050956 -0.15256 -0.027578 -0.086998 -0.12354 -0.077813 0.10036 -0.15531 0.087872 0.11666 0.034322 0.085345 0.063019 0.15775 0.094413 -0.044751 0.13924 -0.010566 -0.029852 0.0052518 0.06812 -0.1591 0.060472 0.040355 0.087796 0.045717 -0.087496 0.14038 0.11249 0.078787 -0.13936 -0.059186 -0.082295 -0.1021 0.10088 0.050689 -0.092378 0.096988 0.062825 -0.15405 -0.044178 0.0043291 -0.13081 0.029284 -0.03459 0.0012456 0.1044 0.002571 -0.15224 -0.13335 -0.021657 0.13382 -0.13529 -0.082153 -0.15063 0.0026944 0.036795 -0.0065573 0.029593 -0.050902 0.091963 0.095696 -0.056571 -0.021071 0.075064 -0.020318 0.042866 -0.10795 0.1343 -0.067836 0.10775 0.10015 -0.082389 -0.01464 -0.089198 -0.092898 0.10611 -0.13105 -0.12078 0.13115 0.099673 0.055829 -0.088761 0.15773 -0.14395 0.13377 0.043423 -0.038565 0.07481 -0.091896 -0.07254 -0.090774 -0.099142 -0.036221 -0.11413 0.090674 -0.10672 0.090532 0.054287 0.14976 -0.042443 -0.036135 -0.081542 -0.025463 0.016863 0.091786 -0.11582 0.077873 0.1411 0.0027601 -0.03357 -0.010817 -0.017287 -0.14625 -0.054259 0.083503 0.014362 0.1248 0.0038702 -0.067402 0.025405 -0.11858 0.0028384 0.1208 0.012137 -0.12954 -0.13639 0.029071 0.071693 0.027322 0.12393 0.045604 0.071695 -0.10773 0.022599 -0.10709 0.038623 0.060694 0.02217 0.071158 -0.099161 -0.16088 -0.12286 0.057021 -0.052892 -0.14231 0.14466 0.019223 -0.14475 0.010816 -0.13343 0.091986
-0.10831 -0.14019 0.078338 -0.03874 -0.08693 -0.089193 -0.089641 0.02215 -0.037309 0.12672 -0.093006 -0.0061279 0.15464 -0.020366 -0.05512 0.14846 0.16063 0.049008 0.10501 -0.14615 0.13277 -0.048555 0.070489 0.11315 -0.10595 0.0033744 -0.025125 -0.048876 -0.0042931 -0.16028 -0.0062838 -0.11401 -0.081754 0.024115 0.14304 -0.08996 0.025885 0.04615 -0.015217 -0.10156 0.049503 0.0038439 -0.016883 0.053162 0.05093 -0.11763 0.1522 -0.066821 0.11847 0.064429 0.10603 0.15809 -0.054052 -0.013795 0.11505 0.049011 0.022018 -0.016385 -0.047914 0.13814 0.0024582 0.01371 0.045549 -0.1197 0.084984 -0.09032 -0.081897 0.088911 0.13893 -0.15774 0.095444 -0.055802 0.075962 -0.047444 -0.10836 0.14184 0.10246 -0.095884 -0.020049 -0.0033728 -0.01488 -0.12653 -0.045652 -0.024359 0.046337 -0.046841 -0.092436 0.046396 -0.062511 0.043639 0.084418 0.015601 0.15259 0.1265 -0.081096 0.095477 0.14879 -0.12436 0.006104 0.037528 0.10173 -0.04122 -0.12294 0.079832 -0.014361 -0.026379 -0.090883 -0.038658 0.11432 -0.080528 -0.12572 -0.10653 0.033634 -0.057801 -0.10185 0.16684 0.072387 0.075357 -0.031601 0.079681 -0.011596 0.1065 -0.07821 -0.0085407 -0.14704 0.14281 0.087773 0.053589 0.01755 -0.044007 -0.051518 -0.17652 -0.12757 0.071751 -0.072997 -0.027763 0.099291 0.06899 -0.076363 0.13162 0.12029 -0.049909 0.14413 0.093446 -0.08639 0.10459 -0.060869 -0.01416 -0.080395 0.1602 -0.14234 -0.11305 -0.098449 0.0074224 0.095995 0.033864 0.055679 0.031667 -0.054224 -0.021436 0.016317 0.061149 -0.03997 0.042067 0.11008 -0.11784 0.029219 0.12639 -0.0029843 -0.13686 0.09548 -0.14496 0.05655 0.068358 0.14629 0.098046 -0.052999 0.10462 0.030585 -0.16207 0.15875 0.0048207 0.030903 -0.027363 -0.087857 -0.14464 0.034326 0.029863 -0.15354 0.01607 -0.055514 0.018106 0.10442 -0.07443 -0.094454 -0.10634 0.14725 -0.0060295 -0.11891 0.0071207 0.051586 0.05832 -0.13376 0.042356 0.16077 -0.039883 0.079188 0.065001 0.10401 -0.089958 0.06531 -0.12856 0.011888 0.031678 0.11811 0.15041 -0.1029 0.067805 0.010618 -0.12926 -0.1159 -0.069829 0.10555 0.15081 -0.16625 -0.11717 0.023466 -0.031722 -0.13177 0.12641 0.07404 0.16399 0.062681 -0.021382 0.068206 0.019335 -0.13873 -0.0011263 -0.043934 0.011219 0.13155 -0.035492 0.033068 -0.050643 -0.14758 0.030702 -0.12636 -0.1461
-0.086417 0.43509 -0.67984 -0.17215 -0.28456 -0.28725 0.77178 0.30265 -0.0065324 0.65443 -0.21669 -0.74171 -0.59772 0.020767 0.59022 -0.053092 1.1419 -1.1425 -0.54608 -0.40625 0.04602 -0.23996 -0.70114 -0.29992 0.4599 -1.9639 0.13379 0.65412 1.8461 -0.056586 -0.45033 -0.14742 -0.13914
1.4132
-1.3672
1.3003
1.1567
-1.0203
-0.9102
-0.95009
-0.85664
-0.74813
0.57485
0.60089
-0.44763
-0.25189
-0.2103
-0.27079
-0.037762
-0.028595
0.097925
-0.1136
0.27227
-0.30548
0.54992
0.59995
-0.59006
0.67164
-0.75307
-0.84423
0.92145
1.1302
-1.11
-1.2038
1.3472
-1.402
-0.20385
t a n s i g
t a n s i g
