248 16260
28 248
1 28
28 1
1 1
315.34 216.74 284.33 187.07 163.37 236.13 369.27 320.37 156.01 36.169 38.002 84.798 42.14 69.913 23.183 56.506 37.094 50.486 60.771 39.97 53.038 30.566 47.836 46.613 55.273 30.679 23.27 324.37 373.56 353.63 394.96 244.98 227.74 280.69 496.33 425.54 131.9 34.685 37.803 64.178 43.513 58.446 33.671 43.318 34.378 44.536 47.841 37.541 43.069 27.374 43.12 39.823 67.756 28.914 35.208 405.93 839.17 510.79 160.39 176.69 60.256 26.194 66.55 38.942 200.78 184.77 38.194 12.586 10.424 135.16 65.333 64.134 24.662 41.348 34.834 13.958 48.576 64.646 35.668 43.599 28.987 32.76 21.233 26.717 10.568 11.355 329.73 92.483 212.55 403.41 217.99 283.35 284.98 306.53 191.51 243.28 251.87 466.34 359.04 108.15 34.473 22.551 54.756 35.004 48.983 28.645 37.748 27.358 35.457 40.595 30.673 36.316 21.83 34.894 31.179 52.653 25.264 27.607 373.59 360.35 384.99 312.47 274.7 331.74 226.03 308.38 309.14 197.44 49.459 45.719 115.26 45.331 64.752 50.27 51.804 46.767 61.823 69.666 49.153 67.219 38.583 43.696 33.939 56.023 48.658 56.021 325.69 455.74 472.15 391.11 239.75 357.93 291.03 534.27 439.27 151.63 38.902 48.889 123.42 29.889 67.503 40.028 62.951 41.734 54.155 56.675 43.758 54.007 37.196 48.059 30.573 76.201 51.523 84.712 465.39 864.25 614.83 285.98 262.74 104.76 39.329 82.752 56.077 234.2 288.53 35.668 16.858 18.723 127.72 54.377 102.9 28.934 67.431 59.647 13.74 26.62 42.521 47.004 76.765 52.94 58.4 35.008 38.803 23.658 28.134 396.68 132.57 382.73 387.27 208.08 372.56 493.15 310.29 185.42 290.6 281.31 532.05 322.93 137.53 32.802 34.513 82.129 26.866 58.582 33.281 40.019 34.257 51 54.982 52.348 54.853 42.246 47.265 31.266 67.238 47.959 68.869 452.29 0.087403 0.60691 0.97853 0.15786 1.1639 0.17192 0.084047 0.53668 0.14292 0.47967
2210.1 1560.5 1219.6 1100.8 1143.1 947.17 1277.3 1134.8 813.16 282.43 301.63 518.44 320.54 465.34 337.81 430.96 310.45 356.09 429.08 304.84 363.41 247.99 381.44 318.94 586.36 326.36 405.12 1685.4 2130.7 1491.7 1202 1098 1156.2 1034.3 1723.8 1140.9 576.72 199.21 229.73 362.61 223.19 355.16 209.73 318.52 209.4 323.11 362.39 259.69 316.53 209.22 326.88 267.75 446.84 256.66 313.18 2258.6 3586.3 1265.7 1159.7 796.1 548.95 379.19 323.15 418.33 816.59 601.87 348.26 162.67 173.57 933.36 411.85 335.84 201.2 361.26 247.36 193.17 227.27 370.39 222.75 321.19 225.42 250.95 180.86 221.03 105.11 108.67 952.07 594.33 1300.1 1718.5 1091.4 2163.6 1504.6 1236.9 1121.7 1299.3 1105.9 1901 1297.8 540.73 199.71 243.12 333.76 244.06 381.56 250.42 328.69 275.32 321.51 421.08 341.46 369.59 252.74 336.92 282.8 473.08 267.48 365.45 2607.9 1993.9 1445.3 1139.9 1023.6 1098.4 882.22 1641 1281.4 748.79 241.79 254.32 501.9 257.13 379.08 279.98 357.06 267.12 356.87 394.87 277.28 353.89 259.77 311.86 277.64 454.21 324.42 662.94 2041.9 2009.3 1310.8 1050.4 937.8 1061.6 906.97 2212.2 1336.3 540.4 189.31 197.23 314.71 189.84 254.55 184.76 256.3 197.01 235.9 292.97 253.9 264.98 202.27 218.03 162.83 283.84 219.59 424.61 2759.7 3664 1232.2 1069.7 818.74 527.92 362.08 312.04 370.26 975.62 658.39 319.42 136.77 146.05 855.58 372.94 334.63 196.26 357.54 242.4 161.19 170.5 261.43 176.75 273.58 199.47 250.48 140.96 206.08 123.5 161.67 1105.6 583.1 1169.7 1616.9 1014.5 2040.6 1378.1 1094 1001.8 1144.3 950.53 2623.5 1561.5 582.05 192.09 197.76 320.76 196.14 251.39 224.96 270.41 202.63 255.21 328.5 290.79 368.26 247.54 244.85 196.03 327.37 228.06 466.81 3248.4 1.6477 11.441 11.898 1.8633 6.9971 2.0847 1.0219 6.3347 0.85914 5.8168
0
0.34536
-0.10508 0.12305 0.055905 -0.09366 -0.02196 -0.049767 0.090599 -0.0053332 -0.049816 0.10359 -0.12048 -0.040874 -0.10927 0.008364 0.059545 0.15084 0.1154 -0.13498 0.0047163 0.12469 -0.0053083 -0.079451 -0.060009 0.0063888 0.047321 -0.13336 -0.083294 0.013523 -0.099369 0.045408 0.0815 0.053188 0.11934 -0.13895 0.1305 0.037285 -0.080504 -0.041746 -0.08194 -0.090643 -0.020468 0.066635 -0.079084 0.062034 -0.067794 -0.0048387 0.0087742 0.012113 0.10592 0.00035947 0.11996 -0.15091 0.13706 0.022684 -0.056417 -0.015662 -0.01477 -0.08395 -0.055249 -0.13256 -0.063511 -0.12456 0.047097 -0.072034 0.1429 0.1249 0.12863 0.12396 0.041779 -0.053519 -0.11691 -0.13688 -0.10574 -0.13442 -0.10548 0.053429 -0.13339 0.048636 0.057856 -0.049642 0.06053 0.085831 0.010243 -0.11906 -0.045641 -0.043981 -0.05876 0.14797 -0.075859 0.078592 0.10498 0.063902 -0.11839 0.037255 -0.019352 0.068866 0.039982 0.12689 -0.050992 -0.14779 0.051089 -0.028258 -0.1538 -0.089133 0.10919 0.098503 -0.041808 -0.14437 -0.017816 -0.15285 0.0057952 -0.0089603 0.14608 0.1492 0.15744 -0.010114 0.070545 -0.11227 -0.082463 -0.017009 0.02502 0.01309 -0.0028584 0.14053 0.058984 0.015915 0.15898 -0.099351 -0.0097082 0.091779 -0.033481 0.079919 -0.11923 -0.025089 -0.10199 0.15666 0.12635 0.076754 0.084432 0.052048 -0.0063434 0.14366 -0.031094 0.1368 0.12287 0.15298 0.053512 0.13679 0.16526 0.10017 -0.12457 -0.001523 0.083258 0.010617 -0.049553 -0.028627 0.081533 -0.12332 0.04889 0.0023653 -0.084025 -0.044495 0.067297 0.012948 0.014322 -0.0043897 0.038057 -0.083653 0.06157 -0.15216 -0.02409 0.10474 -0.085536 0.0063635 0.15202 0.04507 0.00037125 0.060089 0.020932 -0.081348 0.094764 0.079352 0.11506 0.098351 -0.025832 -0.11287 0.091834 0.019578 -0.1243 0.090964 0.017408 0.038456 -0.072935 -0.0918 0.064082 0.13482 0.095506 -0.11771 -0.080113 -0.13613 -0.025709 -0.083705 -0.086247 -0.063587 -0.13347 -0.15963 -0.052589 -0.060324 0.03015 -0.068174 0.021223 -0.043593 -0.12007 -0.023496 0.13325 -0.14772 0.10659 -0.044763 0.080865 -0.065032 0.069512 -0.11055 0.048093 -0.07745 -0.067737 -0.16623 -0.13786 -0.028907 -0.12995 -0.14301 0.043077 0.0035433 0.026576 -0.05276 -0.16325 0.11763 -0.015209 0.083477 -0.14243 -0.14947 -0.12846 -0.12743 0.0073921 0.086451 0.050787 -0.12504 0.14677 -0.081032
0.023416 -0.054996 0.039433 0.01148 -0.14585 0.0045305 -0.12156 0.0161 0.059323 -0.11864 -0.030258 -0.032434 -0.10181 -0.10576 -0.011786 -0.05429 0.1434 0.04429 0.11207 0.12245 0.080039 0.094208 -0.056201 0.14597 -0.068529 -0.10128 -0.14702 0.16208 0.17878 0.1105 -0.097505 0.094881 0.081005 -0.072997 0.097935 -0.035615 -0.027554 -0.026556 -0.017684 -0.085935 -0.019093 0.051332 -0.079507 0.005422 -0.073543 -0.025161 -0.17642 -0.1567 0.14333 0.043298 0.1257 -0.070911 0.031034 -0.038833 0.12786 -0.062559 -0.052675 0.0036624 -0.047116 0.12071 -0.15473 -0.032379 -0.15006 0.12652 -0.05506 0.025444 0.043843 -0.11705 0.068738 0.055566 0.073562 0.14288 0.056732 -0.15521 0.14152 0.12027 -0.046429 0.1501 0.098079 -0.0048579 -0.084114 0.10526 0.13507 0.053956 0.083759 0.14667 0.0056434 0.041517 -0.025587 -0.10178 -0.092896 0.10004 -0.022304 0.11901 0.096824 0.12601 0.0086029 0.17853 -0.0065457 -0.20109 -0.14136 0.13687 0.14322 -0.080985 0.093135 -0.0051508 0.0038513 0.0038991 -0.042789 0.084915 -0.023628 0.13463 0.165 0.079001 0.10034 -0.036954 0.06525 0.01674 -0.015995 -0.080996 0.056911 -0.099509 0.12366 0.10536 0.075812 -0.00075903 -0.066598 -0.071511 0.13009 0.022343 -0.068731 -0.070803 -0.074346 0.068864 0.15096 -0.079814 0.094724 0.0066965 -0.12354 0.16524 -0.091018 0.066418 0.046692 0.086808 0.077525 -0.029699 -0.030686 -0.14218 -0.075143 -0.15107 0.09268 -0.098072 -0.059559 -0.042089 0.00048056 0.06304 -0.19153 -0.18655 -0.046123 -0.0014468 -0.077525 0.014312 0.14869 0.0016959 -0.012751 0.052013 -0.070262 -0.085794 0.11484 -0.03544 -0.1485 0.090706 0.14371 -0.10966 -0.091207 -0.1513 -0.02137 0.022343 -0.12237 0.18815 -0.0092486 0.095812 -0.1416 0.10655 0.1582 -0.046629 -0.073879 -0.047916 0.057472 0.0054491 -0.091757 0.1122 -0.16975 0.14248 -0.081235 -0.0014878 0.062264 0.0022602 -0.15128 0.040761 -0.10799 -0.12843 0.087206 0.13339 0.14397 0.15131 -0.0179 -0.072675 0.1516 -0.099447 -0.0038137 -0.10078 -0.14718 -0.065257 -0.0023475 0.071496 0.0095422 -0.093983 0.0032747 -0.065195 -0.13376 0.031446 0.037993 -0.077301 0.082993 0.11339 -0.014453 -0.081137 -0.010885 0.1714 0.10939 0.029678 -0.13802 -0.11802 0.013271 0.12382 0.027663 0.072969 -0.16385 0.09139 0.026688 -0.011023 -0.074561 0.10513 0.075821 0.057611 -0.11794 0.098642
-0.059068 -0.010629 0.020577 0.15241 0.058408 -0.030537 0.079006 -0.13608 -0.035984 0.12088 -0.11151 0.15333 0.047205 0.095123 -0.077051 0.14756 -0.089234 -0.1028 -0.086529 -0.14388 -0.025688 -0.093287 -0.033853 0.040617 0.094263 -0.055384 -0.060253 -0.11394 0.060554 -0.10571 -0.10292 -0.13702 0.047294 0.11522 -0.1309 -0.024723 0.00026409 -0.098301 -0.12278 -0.10338 0.081622 0.094719 0.11876 0.1325 -0.018074 -0.14951 0.030737 -0.033788 -0.099917 0.083321 0.042782 -0.0057398 -0.09597 -0.1202 -0.096845 0.11754 0.047508 -0.066417 -0.10938 0.015254 -0.10118 -0.093832 0.028097 -0.1316 0.15016 -0.090373 -0.10413 -0.080916 0.15524 0.036539 -0.10642 0.13529 0.14345 0.078724 -0.13402 -0.00080952 -0.077337 -0.030366 -0.1151 -0.10366 -0.045633 -0.13099 -0.10893 -0.11456 0.036891 -0.075611 -0.085058 0.029517 0.016283 0.086435 0.050172 -0.12581 0.1228 -0.04766 0.14256 0.062955 -0.065392 -0.0068061 -0.12381 0.062339 0.077189 -0.017578 0.12903 -0.0055567 0.094359 -0.1527 -0.14603 -0.11735 -0.089444 -0.019769 -0.1147 -0.021202 0.062093 -0.12508 0.026627 -0.05212 -0.0028275 0.10284 0.096666 -0.076744 0.038127 -0.038297 -0.13069 -0.046936 0.053831 6.4903e-05 0.0064718 0.15476 0.11673 -0.12674 -0.06756 0.097897 -0.12918 -0.04954 0.06828 0.065009 0.047355 -0.072744 0.033667 -0.14127 -0.085604 0.061569 0.11333 -0.055105 -0.016256 0.016236 0.099322 0.0059448 -0.10158 -0.13909 0.088503 0.018569 0.12638 0.11852 0.061143 0.12376 0.070484 0.028879 0.11778 0.15261 -0.0060309 0.10626 -0.023703 -0.056546 0.10413 0.021099 -0.052857 0.052624 -0.058972 0.1374 -0.047512 0.11814 -0.088904 -0.055986 -0.029243 -0.1197 -0.035315 0.14425 0.12665 -0.13808 0.014103 0.11903 -0.038502 -0.020166 -0.022895 0.043816 0.0041113 -0.036201 -0.071739 -0.033725 -0.088908 0.15287 -0.15411 -0.080615 -0.05096 -0.096237 0.084285 0.021557 0.02438 0.12617 -0.048307 -0.091279 -0.060071 -0.10956 -0.012853 -0.010089 0.0951 0.0043696 -0.0024639 -0.088324 -0.11393 0.089889 -0.13874 -0.075283 -0.11263 -0.01361 -0.0096001 0.11674 -0.091898 -0.0091822 0.14213 -0.060856 -0.13081 -0.054494 -0.074482 -0.099747 0.040622 0.020696 -0.11348 0.12879 -0.043085 0.13484 0.12753 0.046958 -0.033468 0.1369 -0.016181 -0.02523 -0.062423 0.12865 0.15574 0.072997 0.048444 -0.14239 0.10469 -0.1441 -0.092553 -0.058586
0.080425 0.13299 -0.085968 0.093055 -0.025551 -0.05604 -0.097953 -0.12081 -0.11079 -0.10873 -0.098324 0.025409 0.062229 -0.0091339 0.058453 -0.035452 -0.048044 0.16154 -0.014333 0.038923 0.062783 -0.031439 0.14133 0.015868 0.1123 -0.13165 -0.11007 0.058355 -0.028709 -0.11336 0.146 -0.093676 -0.13547 0.081904 -0.066128 -0.0063843 0.13504 -0.052641 0.050366 0.071927 -0.01386 0.047273 0.010332 -0.13725 -0.077305 0.12337 0.087391 0.10669 -0.071841 0.14792 -0.11177 0.084452 0.1332 0.040241 0.062546 -0.003106 -0.028321 -0.084014 0.10057 -0.090842 -0.099945 0.14635 -0.043398 0.11109 -0.063694 -0.11699 -0.006788 -0.098718 0.035122 -0.072029 -0.0027632 0.054845 0.12807 0.15851 -0.15927 0.055636 0.16099 0.0015762 0.14584 -0.096563 0.051 -0.095875 0.13939 0.077158 -0.11418 -0.11233 -0.096822 -0.094822 -0.14372 -0.13497 -0.14106 -0.0019478 0.12792 0.036431 0.10817 0.016959 -0.082141 -0.0087104 -0.090281 -0.015773 -0.13893 0.095155 0.13147 0.07404 0.069274 -0.039384 -0.1376 0.026948 0.024223 -0.0050485 0.10272 -0.13617 0.050271 -0.031713 0.0031214 -0.14102 -0.04474 -0.050791 -0.041526 0.033174 0.0019083 -0.10305 -0.13362 0.10686 -0.055873 -0.12131 -0.12102 0.06968 -0.084012 0.0026866 0.10996 -0.040717 -0.017387 0.055781 -0.10281 -0.10579 -0.012889 -0.037056 0.14917 -0.087816 -0.044696 0.14575 0.1089 0.10614 0.057957 -0.12788 -0.14338 0.085216 -0.083139 -0.11319 0.10298 -0.02299 -0.13315 -0.04363 0.14116 -0.083623 0.11245 -0.10944 -0.08037 0.07427 0.10169 -0.035827 0.10507 -0.12774 -0.085637 0.013681 -0.082475 0.064797 0.12432 0.12332 -0.028872 0.061329 -0.13496 -0.16584 -0.041698 0.070538 -0.075852 -0.11782 0.069055 0.1565 -0.10936 0.050771 -0.052958 0.021886 -0.065492 -0.061177 -0.10737 -0.10408 -0.13522 0.16306 0.055511 0.049426 0.062235 -0.075742 0.06028 0.059855 0.055741 0.081802 -0.010668 0.026593 -0.080314 -0.018809 0.0059906 -0.031936 -0.069323 -0.040985 0.07412 0.041192 0.16168 0.073186 -0.049367 -0.12303 -0.09879 -0.043858 0.13757 0.13745 0.036938 -0.012988 -0.034048 0.031129 -0.089056 -0.053019 0.11857 0.12746 0.01764 -0.13405 0.025827 0.049364 0.12255 0.064347 -0.1316 -0.03884 0.024346 0.0081668 -0.11153 0.010244 -0.12782 0.13868 -0.038924 0.046144 0.066957 -0.037471 0.048319 -0.032586 -0.13066 0.08406 0.12237 0.13448
-0.12079 -0.061466 -0.05142 0.1134 0.095029 -0.083101 -0.0064188 -0.00033666 -0.066961 -0.10162 0.0093456 -0.080826 0.096232 -0.059274 -0.071784 -0.00081606 0.04913 0.00035968 -0.070412 0.043109 0.10449 0.046031 0.13774 0.15929 0.12178 -0.12597 -0.12964 0.038875 -0.089282 -0.053517 -0.045347 0.070504 0.064363 0.16963 -0.0038223 0.12484 0.068022 0.0070977 0.049966 0.11679 0.022591 -0.10337 0.12823 0.117 -0.13748 0.045111 -0.092832 -0.021711 0.0096047 0.0073655 0.0071549 -0.1587 -0.086724 -0.067556 0.15149 -0.057273 0.011256 0.09524 -0.031469 -0.035799 -0.04017 0.02131 -0.0089976 0.12119 0.15063 0.044837 -0.16262 -0.067875 0.10012 -0.021736 0.045634 0.12864 -0.1029 -0.12858 0.058308 -0.10747 -0.049154 -0.14887 -0.10617 -0.075708 -0.038972 0.10905 0.14084 -0.012541 -0.1402 0.055849 -0.12436 -0.10558 -0.10644 -0.10205 -0.14972 0.0082402 0.11805 0.033707 -0.039482 0.11612 0.10761 0.089091 0.12023 -0.14473 -0.044693 -0.034316 -0.14888 -0.04845 0.12679 -0.018074 0.016203 -0.024132 -0.076999 0.10644 0.10066 0.077839 0.10506 0.087939 0.14159 -0.06138 0.040185 0.13682 0.15505 0.12241 0.035486 0.050351 -0.011303 -0.014149 -0.011589 0.056589 -0.1103 -0.10626 -0.10118 0.0392 -0.053278 -0.037318 -0.097502 0.11616 0.056694 0.16278 -0.10459 0.13221 0.16706 0.10445 0.13379 -0.071831 0.13998 0.061285 0.12264 -0.064959 -0.039742 0.040853 0.04815 -0.15187 -0.0063648 -0.03078 0.0093754 -0.087072 -0.063277 0.002703 0.068858 -0.085809 -0.0067271 -0.15388 -0.0015067 -0.10565 -0.097947 -0.14522 -0.0045683 0.11931 0.057091 0.064765 0.16338 0.083068 0.074851 0.15127 -0.12922 0.17249 -0.14868 -0.083467 -0.065196 -0.098519 0.069894 -0.026079 -0.038085 0.074216 -0.080605 0.12386 0.13221 0.12727 0.043256 0.0066485 0.064975 -0.037636 0.014236 0.12401 0.060322 -0.095411 0.067419 0.041046 -0.069244 0.12178 -0.1205 -0.1476 0.0064593 0.019175 0.1134 0.1244 0.041523 -0.060904 -0.16666 -0.13093 0.066662 0.11509 -0.023143 0.10577 -0.067061 -0.074796 0.030919 0.11948 0.076636 0.072483 0.036561 -0.01833 -0.080958 -0.12969 -0.094853 0.10372 0.13756 0.083817 0.040329 -0.070034 0.078151 -0.035736 -0.10251 0.08368 -0.14115 0.08482 0.07297 -0.076669 0.11778 0.17017 0.042249 0.1279 -0.074452 0.086079 0.019489 0.11239 0.15823 -0.054367 0.074358 -0.1015
-0.090914 -0.0016184 0.091391 -0.10135 0.088284 0.20003 -0.081813 0.075434 -0.090112 -0.22816 0.036519 0.01856 0.12606 0.055466 -0.20049 -0.095395 0.016371 0.020532 -0.15909 -0.12496 -0.11022 -0.0038067 -0.13675 -0.069618 -0.17543 -0.066332 0.095871 -0.057638 -0.12933 -0.10502 -0.014397 0.037123 -0.055416 0.12009 0.10771 0.12102 0.10647 0.041458 -0.13244 -0.03659 -0.041497 0.10266 -0.13685 0.031106 -0.053843 -0.11361 0.13552 0.12417 -0.03476 0.0087616 -0.051903 0.073303 0.0042803 0.01162 0.034555 0.13976 0.0013045 0.022113 0.14202 -0.11399 0.15931 0.0031085 0.068392 0.0012744 0.1441 -0.0029295 -0.050081 0.037906 0.045678 0.13282 0.013002 0.13495 0.06508 -0.017364 0.086086 0.01883 0.11218 0.019713 -0.14669 0.01875 0.0050219 -0.039031 -0.0040732 0.10374 -0.16498 0.012659 -0.017811 -0.12603 0.054927 -0.1254 -0.13934 0.06752 -0.03109 0.025424 0.068645 -0.036198 0.14793 -0.058632 -0.1112 -0.15807 0.040801 -0.15513 0.002408 0.086957 -0.050574 0.034525 -0.0018894 -0.14016 0.095759 -0.0084848 -0.020086 -0.068163 0.10121 0.076367 -0.064964 -0.041622 -0.014341 0.068405 -0.014332 0.37717 0.016978 -0.0022439 0.14016 0.053329 -0.14853 0.1446 -0.099994 -0.053359 -0.087538 -0.007738 -0.1527 0.064146 0.091293 -0.062353 -0.17433 -0.16319 0.097473 -0.22261 -0.11635 -0.19021 -0.2231 -0.15528 -0.10736 -0.11926 -0.24571 -0.28873 -0.085413 0.011503 -0.15035 -0.10738 0.011892 0.021023 0.10954 0.050359 -0.011808 -0.093407 0.043041 -0.1102 0.099386 0.099955 0.09694 -0.15029 0.10702 -0.12877 -0.034547 -0.020281 -0.050493 -0.037641 -0.11978 -0.036758 0.091051 -0.015289 0.055207 0.044607 0.033069 0.045381 0.13421 0.11326 0.030596 -0.13554 0.04597 0.059099 0.061087 -0.01373 0.01538 -0.14071 0.10204 0.014453 0.075532 0.0077315 0.1087 -0.096407 -0.0052986 -0.07207 -0.10324 -0.061245 0.01894 -0.025404 0.013491 -0.12582 -0.17413 -0.21896 -0.20704 -0.25079 -0.2133 -0.10425 0.0947 -0.1049 0.11402 -0.14535 -0.030342 0.055452 -0.05726 0.17359 0.0061037 0.051662 0.094397 0.12956 0.077056 -0.040463 0.084584 0.03705 -0.074463 0.038185 -0.014362 0.048698 -0.16097 -0.087994 -0.025262 -0.15566 -0.18383 -0.12575 -0.084964 0.060125 0.032597 0.13867 -0.068211 0.04939 0.13116 0.073011 -0.20256 0.11104 -0.15498 0.13929 -0.069789 -0.0071197 0.028851 0.041614
0.15508 0.11442 -0.097504 -0.11096 -0.17616 -0.13009 -0.062608 -0.18133 -0.13592 -0.0079449 0.034746 -0.11286 -0.037432 -0.078191 0.098098 0.093872 0.096606 0.18296 0.2291 -0.028876 0.079424 -0.12786 -0.13117 0.051969 0.048392 -0.082854 -0.012467 -0.003717 0.053479 -0.0011709 -0.077827 -0.078669 -0.028824 -0.18462 -0.3126 -0.071227 0.24618 0.14885 0.034265 0.11512 0.29493 -0.09175 0.33703 -0.09724 0.11849 0.15099 -0.14464 0.1765 -0.078841 0.11754 0.15006 0.080908 0.148 0.23973 -0.025274 -0.29885 0.18929 0.0020716 0.020404 0.033349 0.12439 -0.011931 0.1381 0.089204 -0.10508 -0.035911 0.055224 -0.027113 -0.098324 -0.15756 -0.26034 -0.009848 -0.041979 0.028196 0.12764 -0.010846 0.025943 0.17049 0.1583 -0.14106 0.16134 0.060562 -0.093417 -0.18801 -0.13742 -0.21469 0.035433 -0.10726 0.018269 -0.21004 -0.066202 -0.028869 0.1469 0.022651 -0.14782 -0.059799 -0.25196 -0.069789 -0.12277 0.19506 0.1897 0.095319 0.13625 0.16213 0.065871 -0.0074857 0.093719 -0.068232 0.1152 0.14068 -0.025307 -0.011142 0.15488 0.010624 0.064946 -0.11203 0.050429 -0.10218 -0.23131 0.13866 -0.39329 0.091275 -0.039443 0.038814 0.034557 0.021401 -0.079562 -0.36749 -0.26918 0.025186 0.023392 0.090384 0.095736 0.043197 -0.10418 -8.1333e-05 0.041088 -0.18947 0.24179 0.23794 0.012197 -0.2017 -0.35376 -0.049989 0.0019825 -0.12116 0.0332 0.036765 0.13865 -0.083278 0.12886 0.051691 -0.030525 0.062261 0.036111 -0.14449 -0.079776 0.032785 0.078869 0.14308 -0.11985 0.098845 -0.26291 -0.075736 -0.16736 -0.053576 -0.047396 -0.17617 -0.23748 0.054691 -0.090121 -0.36584 -0.06525 -0.29336 -0.053005 0.1439 -0.23983 -0.053621 -0.023749 0.11343 -0.020152 0.075182 -0.091523 -0.057462 0.048171 -0.018478 0.13278 0.21184 0.26778 0.15777 0.18379 -0.17541 -0.18422 -0.016695 -0.1895 0.032284 -0.046885 -0.056011 0.084626 0.0035865 0.0052177 0.16961 -0.12084 -0.13012 0.078158 0.069803 0.030376 0.091126 0.046286 -0.10872 -0.12289 0.17731 0.059909 0.094922 -0.27441 -0.25736 -0.14994 -0.11125 0.015621 0.13314 0.30517 0.21627 0.082154 0.25258 0.25211 -0.034308 0.10368 -0.015643 0.13109 0.056336 0.15624 -0.1522 0.029988 -0.046994 -0.04644 -0.036334 -0.10046 -0.095414 -0.1996 -0.098941 -0.0235 0.149 0.099419 0.017658 -0.14194 -0.043502 -0.12024 0.023999
-0.11601 -0.12521 0.17338 0.054804 0.19808 -0.10224 0.06535 -0.03436 0.15806 -0.11028 0.04761 0.049496 0.12741 0.14119 0.096166 0.073355 -0.10738 -0.0059721 -0.045533 0.0092163 -0.18757 -0.06828 0.15319 0.026305 0.030475 -0.08118 -0.019251 -0.16959 -0.22142 0.074474 -0.02643 -0.05302 0.04031 -0.1334 0.16027 0.0076957 -0.10481 -0.088283 -0.050695 0.072798 0.042151 -0.0098887 -0.04223 0.030295 0.2186 0.025697 -0.02548 0.014371 0.05115 -0.025595 -0.11719 -0.06608 0.075285 -0.10474 0.025305 -0.051524 0.092335 0.15841 -0.12281 0.14653 0.10984 0.10688 0.048642 -0.034178 0.11367 0.037385 0.092466 -0.11497 0.1165 0.097671 0.059077 -0.048322 0.082165 -0.06504 0.14997 -0.01296 -0.14153 -0.091042 0.1112 -0.0032051 0.088655 -0.00016284 0.093055 -0.081309 -0.01711 -0.09396 -0.096209 -0.092055 0.029829 -0.04651 -0.1597 0.10138 -0.014811 -0.22391 0.0024616 0.12238 0.091957 -0.044682 -0.12934 0.24096 -0.083119 -0.045527 0.12242 0.22807 -0.043382 0.11919 0.26007 -0.011536 -0.0081049 0.097678 -0.18853 0.046997 -0.034745 0.083413 0.12513 0.067166 -0.056397 -0.095583 0.048064 -0.00077207 0.11041 0.23133 0.17036 -0.064201 0.15538 0.10654 -0.056636 -0.094079 0.15714 -0.0092097 0.17122 -0.15526 -0.14496 0.034062 -0.038907 0.012282 0.0068142 0.097635 0.10692 -0.037928 -0.19478 -0.088698 0.0064807 0.069364 -0.0638 0.037773 -0.11986 0.045848 0.006952 0.18976 0.10229 -0.059537 0.17132 -0.088224 -0.037471 -0.023838 0.076799 0.087933 -0.10365 -8.1963e-05 -0.12017 -0.026568 0.088153 -0.11333 0.064968 -0.078514 -0.1705 -0.078026 0.034821 -0.023444 0.10873 -0.090857 -0.17311 0.071346 -0.01461 -0.072331 0.21544 -0.17385 0.033988 -0.091155 -0.0091112 -0.16685 -0.1631 -0.1304 -0.20104 -0.0036457 0.026043 -0.11329 -0.024746 -0.076091 0.025177 -0.053355 -0.00016201 0.10287 0.085264 -0.1259 -0.012697 0.12664 -0.046025 -0.11711 -0.18979 -0.11743 -0.091252 0.0076343 -0.24432 -0.078706 0.080477 -0.076486 -0.18458 -0.11429 0.16345 -0.079666 0.049673 -0.13304 0.017968 -0.042437 -0.14297 0.069527 0.00079522 0.013824 0.10093 0.080306 -0.081497 0.21342 0.1761 0.16236 -0.021336 0.20462 0.057164 0.039873 0.13026 0.14119 -0.1811 -0.091684 0.038182 -0.14252 -0.047764 -0.063148 -0.024882 0.028139 0.11947 -0.12448 -0.014106 0.024964 -0.10051 -0.0096001 0.17001 0.015041
-0.030003 0.0012461 0.24486 -0.11332 0.091659 0.14904 -0.034845 0.16044 -0.050477 -0.14714 0.0841 0.13448 -0.013824 -0.025479 -0.065248 0.07439 0.058646 -0.15079 -0.047221 -0.10433 0.19757 0.20458 -0.035169 -0.061226 -0.0078422 -0.037702 0.03458 0.037785 -0.2291 -0.11263 -0.0096266 0.061148 0.17064 0.11205 -0.06043 0.0058074 -0.052223 0.09734 -0.10134 0.12173 -0.014301 0.1764 0.019306 0.25191 -0.018194 -0.11069 -0.09966 0.15144 0.080448 0.1037 0.045138 0.0058927 0.056712 -0.046228 0.13848 -0.024179 0.11649 -0.042621 -0.034798 0.029344 -0.13252 0.033259 -0.0020789 -0.11071 0.078201 -0.065475 -0.086219 0.094371 0.060556 0.047434 -0.067347 0.10542 -0.069187 -0.11485 -0.0099869 -0.018026 -0.10593 -0.043901 0.072579 -0.15131 0.002836 -0.080468 0.12008 -0.050831 0.019618 -0.03046 0.047765 -0.018985 -0.1143 0.11157 0.090219 -0.045482 -0.13286 -0.15906 -0.0084943 -0.088296 -0.0091025 -0.020895 0.077089 0.019167 0.21127 0.10592 -0.065202 -0.0045319 0.1902 -0.049489 0.12248 0.0067058 0.013832 -0.12053 -0.050046 0.15498 -0.057301 -0.068251 0.21613 0.093217 0.011364 -0.074244 0.13377 -0.095852 0.1685 -0.010975 -0.17605 -0.02366 -0.19798 0.076608 -0.001002 -0.064336 -0.12885 0.0085955 -0.12587 0.13215 0.1354 0.06608 0.073794 0.049149 -0.06295 0.25387 0.052774 0.17142 -0.13875 -0.018055 -0.22116 -0.26541 0.13523 -0.092487 -0.16032 0.059525 0.15501 0.00054726 0.15838 0.029356 -0.25612 -0.19711 -0.073902 0.071036 -0.13835 -0.1491 -0.010835 0.21995 -0.023707 0.22517 -0.028495 0.23219 -0.0306 0.14204 0.068351 0.055529 0.00042552 0.045338 0.12506 0.087992 0.22017 0.26553 -0.1808 0.12252 0.25766 0.094321 -0.13401 -0.090983 0.065198 0.058963 0.10211 -0.11912 0.026729 -0.054433 -0.023216 0.02442 0.023219 0.016196 0.033592 -0.0027232 0.15519 -0.13692 0.095904 -0.090578 0.10547 0.087117 -0.0028157 -0.15521 -0.17685 -0.16219 -0.044025 -0.10199 0.074843 -0.13171 0.046758 -0.098683 0.11302 -0.013067 -0.032088 0.18481 -0.11614 0.1222 -0.082393 0.028207 0.047406 0.062313 -0.071295 -0.11011 0.096076 0.11282 -0.00076881 0.026095 0.079037 -0.10817 0.066701 0.21057 0.1331 -0.020711 -0.042469 -0.078506 -0.050474 0.0073357 0.13606 0.2253 0.29082 -0.086338 0.07254 -0.49263 -0.099933 -0.18944 0.09022 -0.1069 0.006992 -0.068118 0.055765 0.021999
0.18013 -0.080695 -0.18379 -0.098382 -0.12407 0.02474 -0.14401 0.16477 -0.015708 -0.21658 0.040438 -0.10091 0.011959 -0.17168 -0.09509 -0.06602 -0.013673 -0.17496 -0.14163 -0.045335 0.15946 0.00060381 0.040835 0.053548 0.08348 0.077828 0.1369 0.079951 0.062378 -0.1684 -0.094626 -0.10343 -0.077481 0.12653 -0.12166 0.00093929 -0.093881 -0.015037 0.10099 0.067497 0.19149 0.0063823 -0.063544 -0.08117 -0.14153 0.024794 -0.11218 0.16792 -0.040113 -0.029415 -0.05151 -0.10024 0.077799 0.084931 -0.064649 -0.12112 0.06601 -0.1565 0.080014 -0.096525 0.05128 0.023527 0.16292 0.16102 0.052235 -0.046039 0.0046979 -0.008958 -0.16191 0.11285 -0.14233 0.061649 0.10239 0.096619 0.028833 -0.10148 -0.090393 -0.085686 -0.050614 -0.07436 0.042032 -0.12395 -0.12055 -0.10742 -0.13488 0.032769 -0.1301 0.057869 -0.0038135 -0.089275 0.12005 0.058529 0.049526 0.063366 -0.11278 0.049175 -0.035147 -0.068452 0.19226 -0.051376 0.074723 0.18214 0.04918 0.088324 0.2187 0.12884 -0.16384 -0.017042 0.032271 -0.0065258 0.05689 0.14945 0.055104 0.014158 -0.033798 -0.12027 -0.056833 0.065573 -0.10461 -0.1867 0.087516 -0.13536 -0.40238 -0.064503 -0.072448 0.092631 -0.15127 0.34368 -0.046806 -0.05241 -0.11722 0.064924 -0.019145 0.11724 0.18277 -0.20741 -0.11369 0.079275 -0.074491 0.086484 -0.018277 0.13352 -0.05379 0.10461 0.12628 0.16729 0.020071 0.16543 0.10434 0.036383 -0.044129 0.0080682 -0.20034 -0.049542 -0.066955 0.25167 -0.20822 0.11225 0.23358 0.010291 0.27648 0.10185 0.18943 0.20904 -0.12799 -0.18095 -0.20069 0.16954 0.0059282 0.10317 0.1087 0.26018 0.17722 0.070163 0.0077319 0.13336 -0.31697 0.14817 -0.019414 0.26793 -0.085643 -0.0042483 -0.12121 -0.018601 0.092243 -0.052756 -0.11285 -0.025356 -0.048085 -0.10361 0.12849 -0.087736 -0.097822 -0.050318 -0.054798 -0.12299 -0.16053 0.029409 0.19631 -0.024135 -0.12949 -0.16071 -0.13189 -0.090807 0.012871 0.018699 0.048074 0.10373 -0.14807 -0.11614 -0.16438 0.093188 -0.14549 0.17493 -0.084954 -0.013804 0.039406 0.01434 0.098532 -0.095632 -0.25733 -0.11511 -0.24855 0.011283 0.028198 -0.2128 -0.16286 -0.16886 -0.016238 -0.013204 -0.089041 0.049437 0.054022 0.13981 0.15356 -0.077204 0.053945 -0.080954 -0.14783 0.21841 -0.074295 0.13178 -0.13338 0.081217 0.10149 -0.00171 0.11492 -0.020175
-0.2557 0.0023472 0.056336 0.044342 0.34368 0.11595 0.16612 -0.068445 -0.24578 0.081979 0.048644 0.23079 0.13645 0.12011 0.054136 0.054842 0.17495 0.059389 0.040336 0.1657 -0.2594 -0.079985 0.15069 -0.13956 -0.14245 -0.04318 0.020327 -0.053706 -0.26051 0.13733 -0.050286 0.012566 -0.087506 -0.027235 0.17729 0.15455 0.016929 0.00038176 -0.0085838 -0.13553 -0.11037 0.10585 -0.092753 0.34944 0.14714 -0.12055 -0.088154 -0.070974 -0.055731 -0.092106 0.084929 0.070882 0.07606 -0.19535 0.032521 -0.091878 -0.049238 0.13266 -0.13027 0.074791 0.0087129 0.069815 0.092272 -0.11959 0.086515 0.13924 0.18991 -0.14788 -0.070754 0.12139 -0.024091 0.041459 0.19202 -0.040966 0.0091166 0.0024028 0.040041 -0.080414 0.10386 0.16854 -0.016475 0.12487 0.019336 -0.059788 0.048708 0.093015 -0.015594 -0.059439 -0.069103 -0.0095394 0.046106 0.023148 -0.17294 -0.2166 0.15629 -0.014109 -0.11934 0.068227 -0.20848 0.1637 0.044632 -0.28814 -0.1885 0.0043012 -0.0071845 0.042541 0.27104 0.054865 -0.11438 -0.13234 -0.21951 0.13263 -0.10064 0.13459 -0.052756 0.024395 0.072731 0.12558 0.11086 -0.046326 0.0624 0.10424 0.27068 0.15039 0.29194 -0.084256 0.049216 -0.26417 0.072606 0.028507 -0.065466 -0.06995 -0.11478 -0.097482 -0.033334 -0.11045 0.02378 -0.048202 0.003808 -0.011229 0.097321 -0.093045 -0.18858 0.17802 -0.096206 -0.2131 -0.096583 0.0046633 0.047438 0.15301 -0.001974 0.12467 0.34248 -0.045836 0.1868 -0.045203 0.037016 0.084727 -0.03953 0.13244 -0.23338 0.025208 -0.12626 -0.19582 -0.14037 -0.17283 0.010435 -0.18729 -0.24396 -0.13033 -0.1183 -0.15739 -0.07896 -0.11836 0.01186 0.084241 0.32677 -0.12423 -0.24009 -0.070366 0.20278 0.13362 0.0023689 0.034761 -0.0018244 0.23479 -0.043733 -0.20514 -0.26268 -0.12268 -0.22606 -0.080538 0.031797 -0.043801 0.19849 0.22509 0.13946 0.13317 0.084155 0.10191 -0.081858 0.043656 0.10987 -0.19047 -0.027607 -0.14469 -0.064257 0.095847 -0.046282 0.1317 0.15015 -0.1087 0.35442 0.01192 0.079584 -0.016558 -0.072914 -0.023168 0.046425 0.12824 0.10885 0.09243 -0.029637 0.27525 0.17042 0.16206 0.076365 0.087553 0.079077 -0.053343 0.0073839 0.18194 -0.023229 -0.073235 -0.18955 0.0065301 -0.1912 -0.053672 0.29184 -0.048877 0.057469 0.043132 0.066131 0.15773 -0.048146 0.13003 0.04144 0.11959
0.2375 -0.014013 -0.26631 0.0057453 -0.18273 0.091686 0.077657 0.22404 -0.050876 0.0050895 -0.16724 -0.25419 0.10299 -0.013916 -0.21865 -0.0024341 0.045877 -0.078652 0.020242 0.0911 0.15778 0.31597 -0.010967 0.038632 0.1544 -0.02767 0.086469 0.029545 0.08709 -0.21443 0.056342 -0.23637 -0.14316 0.029513 0.021431 0.07871 0.077372 0.048125 0.035603 0.059226 0.17188 -0.13758 0.14062 -0.25374 -0.18006 0.14719 -0.2359 -0.0039501 -0.070602 0.054521 0.058052 0.24098 0.13794 0.15712 0.21517 -0.21467 0.078103 -0.13621 0.12931 0.050368 -0.20506 -0.084375 -0.02385 0.18551 -0.12702 -0.057945 -0.055522 0.14807 0.15509 -0.088225 -0.21067 0.020076 -0.17698 -0.065172 -0.17714 0.011276 0.023811 0.24042 0.069129 0.097123 -0.023464 -0.026369 0.058219 -0.0027602 0.10434 -0.041682 -0.0038657 -0.13347 0.17572 0.051562 0.11466 -0.086541 0.00541 0.11575 -0.18499 -0.24302 0.16134 -0.057727 -0.071127 -0.21563 0.10959 0.22437 0.37435 -0.20229 0.1955 -0.14898 -0.11337 -0.06851 -0.021276 0.079568 0.069475 0.15486 0.20285 0.012327 -0.16842 0.032034 0.10885 0.16926 -0.15536 0.47761 0.060076 -0.20927 -0.22808 -0.048642 0.21732 0.21399 -0.14622 0.084283 0.022393 -0.15776 -0.33779 -0.12605 -0.084652 -0.2787 -0.096072 -0.28813 -0.011742 -0.19733 -0.22955 -0.30237 -0.26433 -0.086272 0.005715 -0.40125 -0.19433 0.04052 0.21905 0.079389 0.10199 -0.35569 0.14239 -0.017446 -0.093752 0.16183 -0.13263 -0.070445 0.055862 0.0027785 0.1137 0.0311 -0.079802 0.06863 0.0035274 0.0023321 -0.16459 -0.19712 0.12965 -0.25024 0.17141 -0.1455 -0.028882 -0.15104 0.039809 0.17731 -0.16682 -0.10858 -0.26799 0.19681 0.31778 0.12855 -0.18787 -0.094689 -0.11895 -0.15211 -0.09322 -0.081213 0.015265 0.13991 0.21967 -0.022262 0.095114 -0.0076242 -0.27572 -0.0056671 -0.29699 0.036803 -0.1694 -0.16851 0.10439 -0.095356 -0.079895 -0.11358 -0.036159 -0.15231 -0.083289 -0.021998 -0.11052 -0.14258 0.19144 -0.11325 -0.085658 -0.049387 -0.2794 0.34195 -0.00341 0.11849 0.35527 -0.10419 0.37434 0.085603 0.084724 -0.081889 -0.18241 -0.41586 -0.18569 -0.18378 -0.033759 0.0016896 -0.026615 -0.036844 -0.20926 -0.08821 -0.015885 0.036727 0.2582 -0.077114 0.16186 0.041712 -0.27055 -0.15951 -0.067976 0.030467 -0.050141 -0.06858 0.076114 0.039106 0.095197 -0.037168
-0.28596 0.015782 0.021784 -0.065802 0.068401 0.069779 -0.048844 -0.049582 0.10422 0.0079837 -0.11611 0.091995 -0.0065504 -0.039954 0.029952 -0.038636 0.11889 0.0043399 0.071549 0.1287 0.061312 0.040627 -0.017791 -0.095085 0.065655 0.08329 -0.093551 -0.14093 -0.1567 -0.048543 0.039048 0.052445 0.082915 0.012499 0.06476 -0.11657 -0.02551 0.26106 0.065266 0.079568 -0.013821 0.011931 0.039977 0.077979 -0.0014732 0.021528 0.10099 0.14826 -0.013838 0.094186 0.13391 0.14423 -0.15175 0.065094 -0.13633 -0.10284 0.14544 0.0055887 0.13929 0.11679 0.025135 0.041176 0.04612 -0.18891 -0.051561 0.039734 0.10803 0.0875 0.086647 0.09741 -0.035141 0.020829 0.16388 -0.035125 -0.063365 0.02917 0.054194 -0.09772 -0.1411 0.00076055 0.060671 0.03205 -0.12694 0.1288 -0.14365 -0.12785 0.072287 0.063264 -0.11062 0.11297 0.10109 -0.036051 -0.026098 0.019114 -0.042149 0.084261 -0.1377 0.11732 -0.013103 0.1067 0.1348 -0.15562 -0.16218 0.18804 0.1003 0.072628 0.2921 -0.13266 0.090783 0.10976 -0.0091848 0.10582 -0.0049323 -0.066517 0.14386 -0.026684 0.033908 0.043586 -0.011657 0.14475 -0.0077916 0.08227 0.25925 -0.07438 0.21145 -0.10945 0.0011497 -0.04134 0.011127 -0.0068378 -0.062733 -0.068084 0.012772 -0.09848 0.038277 0.13837 0.035216 -0.1802 0.013958 0.12579 -0.055035 -0.14957 -0.13739 -0.077257 0.029664 -0.032486 0.12045 -0.080937 -0.068117 0.009651 0.04843 -0.042998 -0.034768 -0.086706 -0.15341 -0.10489 0.1139 0.077972 -0.16957 0.074071 -0.034757 -0.14188 0.025594 0.12025 0.072761 0.055088 -0.076196 -0.087397 0.058138 -0.035544 0.194 0.10207 0.090291 -0.16844 -0.12241 -0.085879 0.36267 0.048522 -0.11626 -0.062012 0.15434 -0.13505 -0.09712 -0.12502 -0.0283 0.093455 0.099831 -0.20884 -0.12359 -0.029175 -0.23885 0.016544 0.036871 0.11011 0.27232 -0.040258 0.080207 0.23901 -0.03144 0.11267 -0.21167 0.15256 0.0032755 -0.12661 -0.0076175 -0.1277 0.074941 -0.13117 0.029309 0.00054824 0.1405 -0.15561 0.058093 -0.21654 0.024607 -0.15668 -0.076865 0.16762 -0.25004 -0.098124 0.079332 0.092186 0.078753 0.30625 0.074448 0.22369 0.059386 0.039443 0.20028 -0.08983 0.01945 0.16729 0.21098 0.082657 0.037483 0.06273 -0.070201 0.05719 0.068713 0.19027 -0.089064 0.011685 -0.068096 0.13471 0.021898 -0.041511 -0.16095 0.054755
0.015497 -0.03287 0.078574 -0.067993 -0.01135 -0.084042 0.11539 0.11575 -0.078314 -0.11259 -0.1317 -0.1149 0.036283 -0.12798 0.060755 0.12775 -0.036225 -0.11408 -0.04229 0.076472 0.001927 -0.052551 0.024482 0.05208 0.067032 -0.12858 0.14654 0.01492 -0.16541 0.042337 -0.092438 0.078541 0.11985 0.1368 0.0088591 -0.067121 0.02458 -0.14536 0.10102 0.15612 -0.095293 0.053826 -0.10368 -0.027313 -0.10169 0.13385 -0.084311 -0.041972 -0.13243 -0.080102 0.042468 0.14097 -0.069752 0.061908 -0.053562 -0.14149 -0.035001 -0.08247 0.077422 0.1118 0.0014343 -0.026065 0.043603 -0.13266 0.11071 -0.12663 0.10357 0.06113 0.11741 0.071707 -0.088469 0.14674 -0.06743 0.064518 0.049013 0.11531 0.11715 -0.020332 0.14457 0.1079 0.011153 0.073637 0.10432 0.15027 -0.04278 -0.025079 0.060995 0.14703 -0.0092017 -0.010803 -0.064109 0.02113 0.095206 0.077818 -0.083588 -0.14848 0.13599 0.11768 0.0078627 -0.046092 -0.010678 -0.16822 0.10282 -0.022223 -0.1333 0.11579 -0.12182 -0.14709 0.15776 -0.02126 0.11872 0.15315 0.097958 -0.072362 0.15033 0.002389 -0.090626 0.1282 0.064719 -0.035265 0.12057 -0.053565 0.038237 0.11964 0.04089 -0.15915 0.0287 -0.040583 -0.077308 0.084464 0.11573 -0.067881 0.086815 0.070064 -0.091118 -0.054245 -0.075013 -0.032063 0.13981 0.05833 -0.027209 -0.11565 -0.054684 -0.0058973 0.046796 0.014852 0.03549 -0.079424 -0.075888 0.12062 -0.087045 -0.14943 0.12444 -0.092404 -0.026315 0.1041 -0.018956 -0.1518 -0.066686 -0.13768 -0.048852 -0.16323 0.11046 0.14266 0.092312 0.1401 0.013509 0.091652 0.049874 0.12874 -0.069009 0.17473 -0.12578 -0.090031 0.12937 -0.030505 0.043203 -0.028767 0.11935 0.04418 0.0044537 0.034404 0.028986 0.044677 -0.11324 -0.13641 0.095778 -0.10022 -0.14927 -0.0093375 -0.017466 -0.05776 0.098091 0.0023128 -0.056492 0.083842 -0.11688 0.033694 -0.022748 -0.011557 -0.11901 -0.02467 0.073419 -0.071677 -0.081514 -0.012588 -0.016909 -0.074909 0.084794 -0.042117 -0.079596 0.020615 0.11632 -0.13411 0.040321 0.015236 -0.10129 0.0048332 0.047402 0.0046544 0.018077 0.022045 0.15812 0.093407 -0.10169 -0.01721 0.071421 0.10228 -0.13339 -0.012456 0.14885 0.051382 0.050385 -0.069042 0.079466 -0.13859 -0.067462 -0.0185 -0.11261 0.065214 0.1098 -0.024772 0.058824 0.16257 -0.0044209 -0.076627 0.0954 -0.087293
-0.076832 -0.082234 -0.11749 -0.079276 0.029866 -0.080483 0.1414 -0.0074069 0.045651 0.10517 -0.044671 0.0055453 -0.0038825 0.15748 0.15481 -0.11489 0.073623 0.079935 0.11521 -0.076315 0.013838 -0.060907 -0.097666 0.022342 0.11196 0.057541 -0.043167 0.14094 0.14556 -0.0062138 0.11658 0.12204 0.036512 0.07403 -0.069714 -0.016057 0.11635 0.12257 -0.056153 0.050885 -0.0059589 -0.11304 -0.090923 -0.15221 0.1431 -0.12622 0.12869 0.0057256 0.0066998 0.12115 -0.079782 -0.022122 -0.10892 -0.079926 -0.042271 0.1244 -0.080624 -0.13211 -0.093033 -0.10349 -0.041667 0.088046 0.029635 -0.052825 -0.063192 0.094629 0.11938 -0.13594 -0.12066 -0.0033528 0.11281 0.13939 -0.025961 0.063796 -0.12123 0.047773 0.11429 -0.11058 -0.032382 -0.058152 1.958e-05 0.15351 -0.12624 -0.10831 -0.089354 0.11098 0.12684 -0.097651 0.018874 0.12808 -0.11051 0.10991 0.12979 -0.025832 0.034004 -0.064915 0.045628 -0.13808 0.091334 -0.082671 0.011361 0.0025016 -0.04884 -0.014526 -0.12714 -0.0048011 0.14461 0.074066 0.081544 0.039772 0.15312 -0.025042 0.14506 -0.12057 -0.062712 -0.012277 0.10837 0.11326 0.11057 -0.065082 -0.017211 0.0022834 -0.011246 -0.010661 0.023263 -0.011846 0.12566 0.066672 0.033635 -0.043868 0.16668 -0.14411 0.15473 0.12323 0.053103 0.19054 0.13545 -0.017534 0.1161 0.094755 0.016515 -0.030205 0.2046 0.018342 0.13783 -0.064316 0.12308 0.075175 0.04523 0.061013 -0.13911 -0.13141 0.081568 0.029401 -0.13724 -0.1225 0.15232 0.096744 -0.022331 -0.036802 -0.0039351 0.040743 -0.015108 0.087091 0.11423 0.11079 0.088981 0.058197 0.022347 -0.11395 -0.11266 0.093369 0.13347 -0.084485 0.13059 0.068467 -0.077309 0.064386 0.12401 -0.10466 -0.010998 -0.11594 -0.12055 -0.072059 -0.056479 0.06175 -0.023926 0.10485 0.12469 -0.031027 -0.028396 0.020057 0.1541 -0.041825 -0.13059 -0.072775 0.02778 -0.043556 0.16574 -0.050103 0.14673 0.042509 0.087225 0.086252 -0.070814 -0.11843 -0.048536 0.0081151 -0.13412 -0.14496 0.093399 0.079754 0.055027 0.092282 0.12257 -0.090871 0.0021251 -0.10255 -0.080415 0.14536 -0.00058604 0.1045 -0.094097 0.17266 0.020245 0.16317 -0.071072 0.10156 -0.04848 -0.0082782 -0.064647 -0.025814 -0.05987 0.093505 0.089061 0.12613 -0.095049 -0.066379 0.059011 -0.0096346 0.04027 0.00051478 0.02801 -0.058213 -0.13099 -0.06196 -0.061767 0.040981
-0.20668 -0.070439 0.13865 0.22574 0.13807 0.21368 0.13014 -0.15917 -0.14984 -0.083154 0.035275 0.075046 0.034944 0.017479 0.046552 0.010965 -0.17893 -0.17099 -0.18261 -0.086744 0.053356 0.060598 -0.11025 -0.051793 0.0069596 0.15059 0.03027 0.12981 -0.027198 0.11075 -0.010786 0.071839 0.21125 0.053445 0.081006 -0.080878 -0.22947 0.052872 -0.12758 -0.11163 -0.18537 -0.18267 -0.12734 0.11668 -0.066676 0.036083 -0.16739 -0.094432 -0.2233 0.022936 0.05409 -0.16007 -0.098417 0.031605 0.024268 0.23061 -0.10004 0.048484 -0.095172 0.10566 0.072716 -0.14313 0.15907 0.018007 -0.079817 -0.1187 -0.051706 -0.1546 -0.13603 -0.028049 0.12462 0.11502 -0.10085 0.043035 0.048339 -0.17398 0.0032483 0.00073364 0.019794 -0.049766 -0.053847 0.095726 0.024836 -0.13039 0.0055229 -0.11755 -0.0059552 0.11276 0.055104 0.14656 0.085064 -0.15664 -0.09287 0.12234 -0.0021899 0.075429 0.090821 0.21918 0.10814 -0.032879 -0.18209 -0.068637 -0.15427 -0.18376 -0.081877 0.00571 -0.14248 -0.14584 0.015921 0.034829 -0.082561 -0.13838 -0.11356 0.10354 -0.095094 -0.077258 0.096884 -0.037206 0.15745 -0.30405 -0.025813 -0.15513 0.054928 0.064808 0.082438 -0.067707 0.1223 0.15509 0.2651 0.036397 0.079048 -0.018039 0.028933 -0.010049 0.038732 -0.043801 0.10283 -0.052185 0.0084981 -0.17936 -0.16863 0.12784 0.11603 0.12667 0.23996 -0.078727 0.09432 -0.039605 -0.11268 0.091038 0.034327 0.12149 -0.041875 -0.061023 0.27248 -0.13043 0.10753 -0.061531 -0.12804 -0.1823 -0.14391 -0.19873 0.067808 -0.10862 -0.028123 0.064353 -0.0010153 -0.20433 -0.15659 0.013631 0.16131 0.1284 0.19778 -0.051161 0.084111 -0.15953 0.16229 -0.051545 0.058752 -0.21098 -0.10993 0.067732 -0.11954 -0.095518 0.10315 -0.048104 0.097659 -0.10006 -0.035435 0.026158 -0.086511 -0.022446 -0.027219 -0.12838 0.18743 -0.041852 -0.072047 0.083193 -0.079852 -0.029821 -0.16457 -0.0027907 0.12131 0.12485 0.19527 0.097436 0.12469 0.027259 -0.20464 0.10828 -0.063495 -0.25291 -0.091043 -0.28651 0.29105 0.08185 -0.030035 0.28401 -0.21155 -0.23881 0.12984 -0.21538 -0.093783 -0.049757 -0.14544 -0.14853 -0.060042 -0.16514 -0.17188 0.015812 -0.10034 0.11641 0.12149 0.022143 0.29272 0.13702 0.13426 0.22722 0.093639 -0.12027 -0.12413 0.040975 0.069652 0.1046 0.16202 0.16676 -0.011968 -0.027121
0.054419 -0.10265 0.11465 0.076984 0.042802 -0.16607 0.10796 -0.021024 -0.093529 0.04992 -0.015504 0.075078 0.037425 -0.099709 -0.1139 -0.013354 -0.00063205 -0.036332 0.019463 -0.16415 0.057576 -0.1534 -0.047372 -0.10645 0.08502 -0.085315 0.023816 0.066108 0.0062385 -0.026254 -0.01094 -0.13727 0.14246 -0.007379 0.061911 -0.069848 -0.090116 0.002747 -0.01617 0.030912 0.089486 0.079018 0.038316 0.021451 -0.022848 -0.019874 -0.016638 0.0016969 0.0078591 0.045298 -0.1033 -0.085251 0.08166 -0.048499 0.068501 -0.084157 -0.10027 0.0087144 -0.071969 0.093174 -0.14666 -0.01947 0.15394 -0.12098 0.15229 -0.045073 0.026002 -0.076146 -0.081077 0.13034 -0.15044 -0.044616 0.032863 -0.010787 0.077764 -0.13539 0.031901 0.065006 0.033278 -0.087189 -0.10469 0.13892 0.054674 0.0095037 -0.089522 0.041178 -0.034487 0.026933 -0.053359 0.010685 0.13849 0.1745 0.042094 0.098431 -0.097608 0.060848 -0.097691 0.060268 -0.15011 -0.082951 -0.12331 -0.098351 -0.11962 0.011793 -0.072786 0.1238 -0.065378 0.042861 0.038575 0.075928 -0.14501 -0.11361 -0.12666 0.069839 0.11677 -0.058195 -0.071292 0.14788 0.019406 0.06622 -0.00065339 -0.12611 -0.013162 0.12099 0.16179 -0.054382 0.069037 0.01645 0.15048 0.084506 -0.10319 0.15346 -0.037097 -0.072499 0.10206 0.014699 0.023497 -0.077807 -0.035222 0.038424 0.10749 0.057333 0.16934 -0.03488 0.058745 -0.059111 -0.1667 -0.03109 0.038747 0.1132 0.13991 -0.045273 -0.1497 -0.019013 -0.15091 -0.10231 -0.13368 -0.12268 -0.082515 -0.043305 -0.014256 0.014148 -0.012943 0.022806 0.10429 -0.083021 0.074491 0.099663 0.039809 0.12719 0.096962 -0.16703 0.022727 -0.11011 -0.1246 -0.0011836 -0.021998 -0.032258 -0.092842 0.1682 0.14204 -0.032956 0.14899 0.01383 -0.080455 0.10656 0.0060799 0.034274 -0.12048 -0.049495 -0.11418 -0.045149 0.10268 0.12485 -0.15123 0.16522 -0.071574 -0.057691 0.064183 0.14413 -0.073629 -0.12055 -0.1307 -0.1252 -0.12764 0.1472 -0.05481 -0.15129 0.042146 0.11905 0.026368 0.093738 -0.0090733 0.11189 0.055987 0.066706 -0.018871 -0.025228 0.066261 0.14597 -0.12571 0.0039641 0.12364 0.066922 0.14174 -0.087638 -0.020353 -0.10877 0.019505 -0.078112 -0.0903 0.037328 0.047024 0.082332 0.15549 -0.041358 -0.084704 0.15822 0.10032 -0.13116 -0.034108 0.018264 -0.08361 -0.058992 0.04422 0.14671 0.056723 0.10392
0.0056769 -0.15059 0.0062342 0.077927 -0.0074161 -0.11477 0.10054 -0.033558 0.12868 -0.040948 0.06161 -0.16688 -0.071071 -0.15155 -0.011336 0.066898 -0.037961 -0.089946 0.1023 0.023161 -0.083869 0.088064 0.040306 0.088528 0.079028 -0.04466 -0.089873 -0.086567 0.049783 0.10459 0.032126 0.14518 0.10322 0.061023 -0.11473 0.10768 -0.12368 -0.072598 -0.14989 -0.13239 0.044325 -0.074774 0.04909 0.12851 -0.14125 -0.090254 -0.093008 -0.012271 -0.02966 -0.041077 -0.066946 0.11471 -0.096893 -0.11151 -0.09869 0.15315 -0.051267 -0.080884 0.11947 -0.0032631 -0.093931 -0.14691 0.026046 0.047066 -0.098926 0.1324 -0.037524 0.057541 0.020686 -0.11895 -0.10622 0.15845 0.014527 -0.063123 0.010592 0.071093 -0.16481 0.13137 -0.1367 0.0452 -0.13884 0.097232 -0.017094 -0.029194 0.01344 0.046616 0.044212 0.13871 0.079542 0.069428 -0.021451 -0.0014076 -0.12053 0.0072086 -0.097115 0.14779 -0.12257 -0.11567 0.11751 -0.076665 -0.058451 0.022996 0.03872 0.014397 -0.10986 0.068468 -0.1261 -0.062515 -0.15145 0.076211 -0.011768 -0.14791 0.064724 0.055607 0.10216 -0.037907 0.12173 0.14048 -0.028777 0.13051 -0.080752 0.073199 -0.037502 0.070336 -0.065634 -0.056044 -0.0082228 -0.023905 0.063769 -0.013965 -0.11073 -0.0010891 -0.14182 -0.1444 -0.034566 0.049993 0.092979 -0.04926 -0.1439 -0.13191 -0.16248 0.011931 0.016502 -0.14224 0.07131 -0.064643 -0.042577 0.087392 0.055118 -0.053657 -0.050147 0.13953 -0.060371 0.08664 -0.11808 0.12495 0.061796 0.036755 -0.096887 0.09631 0.15364 -0.080825 0.049743 0.11427 -0.091843 -0.10779 0.088406 -0.14688 0.0933 0.11579 0.15207 -0.1197 -0.080685 0.18764 0.10603 -0.094475 0.1913 0.034643 0.14352 0.055474 0.0028405 -0.077685 0.10514 0.11289 0.092611 0.0033324 -0.036775 0.076027 -0.078544 -0.07169 -0.15359 -0.13332 -0.040932 -0.06511 -0.016647 -0.024481 -0.11493 0.012817 0.060266 -0.08089 0.078031 -0.1597 0.056582 -0.015123 -0.12217 -0.054193 0.031267 -0.075792 0.091807 -0.10592 -0.11226 -0.084535 -0.011695 -0.030797 0.04333 -0.11232 -0.073429 0.15 -0.070294 -0.049987 -0.00050597 -0.076537 0.0061126 -0.15509 -0.054577 -0.10329 -0.094745 0.030738 -0.14283 0.11209 0.072802 -0.1677 0.091124 -0.13279 -0.060156 0.10686 -0.047029 -0.042455 -0.025141 0.049424 -0.15636 -0.13368 0.12502 0.012289 -0.018985 0.096919 0.15445 0.074457
-0.1329 -0.081141 0.11339 0.010055 0.0064851 0.13716 0.11961 0.083672 0.026894 0.16661 0.048551 0.19894 0.1491 -0.11936 0.098953 0.04507 0.13575 0.10526 0.16996 -0.03611 -0.084758 -0.016075 0.080622 0.035858 0.020651 -0.069095 -0.07848 -0.11201 -0.19169 0.055515 -0.0043934 0.085607 0.040749 -0.035621 0.11364 0.092914 -0.10092 0.089276 0.14505 0.041258 -0.070638 0.087799 -0.058326 0.08077 0.0092822 0.012607 0.068677 0.15535 0.061766 0.0026615 0.15168 -0.12645 -0.23316 -0.078228 0.0025829 0.14835 0.029709 0.091169 -0.17118 -0.18597 -0.13769 -0.051755 -0.19639 0.038721 -0.14143 0.076711 0.030985 -0.14144 -0.091689 0.15237 0.0071206 0.19605 0.15343 0.048527 0.033614 -0.048669 0.045372 0.034569 0.19013 -0.026615 -0.043687 0.037518 0.15754 -0.03952 0.0047844 -0.064648 0.041021 0.20644 -0.03809 0.093827 -0.091076 -0.10616 0.11799 -0.10225 0.061397 0.10445 -0.10754 0.041793 0.11639 0.10949 0.10125 0.024351 0.15179 0.14721 0.083893 0.026984 0.3108 -0.084106 0.1304 0.15506 0.037534 0.17156 -0.22465 -0.054572 0.028804 -0.094072 0.034693 -0.055177 0.028439 0.029916 0.15662 0.39294 0.13366 -0.021785 0.062312 -0.12026 0.059046 -0.21821 -0.06407 -0.0027956 0.035394 -0.056501 -0.11161 -0.27549 -0.32089 -0.18642 -0.060776 -0.17573 0.024386 -0.16489 -0.28991 0.064133 -0.020887 -0.071908 -0.073739 -0.037626 -0.031633 0.15445 -0.016752 0.36749 0.052441 0.1102 0.19324 -0.085789 0.11719 -0.060152 0.15769 -0.029971 -0.23749 0.0011882 -0.10447 -0.28096 -0.28432 -0.14609 -0.21791 0.11721 -0.12366 -0.12445 -0.062951 -0.034212 -0.10675 -0.15839 -0.19723 -0.4795 -0.055057 0.14943 0.46595 0.010349 -0.078667 -0.20442 0.032844 -0.042063 -0.14029 -0.14768 -0.32749 0.21583 -0.09578 -0.026884 0.048495 -0.028589 -0.013701 0.15496 0.13315 0.11037 0.012583 0.11851 0.11048 0.18315 0.14601 0.18039 0.036144 -0.07029 0.079337 -0.20646 -0.26797 -0.35091 0.12751 0.11754 -0.019392 -0.14591 0.23797 0.098658 0.38172 -0.25203 0.03813 -0.00047912 -0.0011872 -0.11999 -0.07807 0.15148 0.096004 -0.033603 -0.060281 -0.11144 -0.12116 -0.07414 0.021464 -0.029294 -0.07325 -0.25469 0.079061 -0.090159 -0.1991 -0.22291 -0.14208 -0.34731 -0.10015 -0.10299 0.19667 0.15545 0.16456 0.064828 0.13741 0.085681 -0.20063 0.16737 -0.15095 0.17308
0.0174 -0.0032616 0.06831 0.089482 0.063074 0.14292 -0.11165 -0.14104 -0.050011 0.097736 -0.12969 -0.10679 -0.070764 0.044966 0.070757 -0.07799 0.051117 0.045539 0.15151 -0.1112 0.047187 -0.14821 -0.039594 -0.1526 -0.05463 -0.14676 -0.11095 0.042549 -0.08146 -0.072611 0.1446 -0.00046161 -0.097562 -0.064723 -0.074371 0.079883 -0.10707 -0.080895 -0.031257 0.1243 0.0071834 0.043724 -0.116 -0.16209 -0.093256 0.090565 0.1015 -0.09002 -0.026562 -0.0048151 0.13883 -0.16403 -0.10713 0.10399 -0.09487 -0.033725 0.089119 0.046496 0.021605 -0.14331 -0.0916 0.14973 0.061846 0.13167 0.035058 -0.067147 -0.11759 0.12242 -0.041978 -0.13065 0.035348 0.046931 0.049311 0.041892 -0.024472 0.14835 -0.16144 0.13509 -0.028542 0.11104 0.078137 -0.021688 -0.10326 0.0013021 0.14499 0.077481 -0.00010155 0.049791 -0.058523 -0.011086 0.12593 0.014296 0.072106 -0.1257 0.10412 0.090787 -0.015256 -0.0074024 -0.11081 -0.094375 0.0535 0.13796 -0.019177 0.05562 -0.018941 -0.11736 -0.011338 0.040956 0.0028543 -0.1275 0.084681 0.11637 0.10677 0.041532 -0.07077 0.063519 0.0036916 0.0076709 0.079642 0.095877 0.089002 -0.0053703 -0.03666 0.065492 0.019328 -0.044022 -0.028151 0.032704 -0.077789 0.099856 -0.12013 0.061081 0.081374 0.11992 -0.14356 0.066524 0.010377 0.075649 0.15754 -0.05205 0.12042 -0.051741 0.12209 -0.040382 0.11716 -0.091042 0.048529 -0.017006 0.024592 0.039213 0.11665 0.081111 -0.15063 0.13413 0.1435 -0.049031 -0.024586 0.098635 0.13942 -0.062991 0.10999 -0.063204 0.013989 0.11388 0.087498 0.08001 0.11609 -0.086353 -0.041848 -0.067489 0.11242 0.028211 -0.089745 -0.083473 0.0496 -0.076362 0.12557 0.095938 0.084995 0.13127 0.15771 0.050859 0.11588 0.077425 0.012939 -0.046222 0.01308 0.02909 0.10265 0.024845 0.0028085 -0.052097 -0.10064 -0.079418 -0.13575 -0.060747 0.032514 0.096746 -0.14065 0.13441 -0.05623 -0.1174 -0.14299 -0.14387 -0.01579 -0.034974 -0.1503 0.056938 -0.082629 0.087244 -0.044318 0.1459 0.11603 -0.062802 -0.032988 -0.098345 0.069585 0.083444 -0.095001 -0.032895 0.15639 -0.079971 -0.13544 0.023665 0.063264 0.090417 0.083798 -0.018286 -0.10196 0.046459 -0.0041948 -0.11238 0.055667 0.099441 0.15429 0.14535 0.033193 0.02519 -0.01478 -0.10332 0.1467 0.020824 0.13962 -0.078256 -0.10316 -0.0051765 -0.058212 -0.13228
-0.12588 0.1491 -0.13684 0.081584 -0.17643 -0.080301 -0.096801 -0.17199 0.12408 0.028758 -0.098983 0.12979 0.078464 0.010861 -0.039445 0.0030407 0.11366 0.08651 -0.044858 0.071857 0.09619 0.067201 0.10829 0.14847 0.089711 -0.14701 -0.063832 -0.097507 0.031517 -0.013196 -0.13809 -0.12507 0.044704 -0.17855 -0.14779 0.1081 0.045175 0.11039 0.1715 0.1159 0.025252 0.10313 0.006084 -0.1396 0.1279 -0.067629 0.047872 0.042099 0.11092 0.15505 0.030741 -0.14335 -0.092821 0.037873 -0.016825 0.074675 -0.10023 0.081938 -0.088782 -0.011394 0.074577 -0.13067 0.056462 0.1176 0.014406 0.14063 -0.15063 -0.079544 0.0085222 0.15294 0.038314 -0.057113 0.029479 0.047637 -0.11096 0.090006 0.027928 0.12384 -0.15174 0.065403 0.050796 -0.014261 1.3705e-05 -0.13842 -0.051469 -0.15071 0.017045 -0.051119 0.0053227 -0.14244 0.025322 0.12321 -0.0010508 0.0077591 0.068803 -0.030415 0.058453 0.034992 -0.10884 0.13544 -0.080538 -0.11657 -0.032468 0.13496 -0.065077 0.11952 0.10438 -0.12197 0.11079 -0.10756 0.11543 0.033287 0.048094 0.089426 -0.13907 0.0038474 -0.034588 -0.047628 -0.042803 0.082379 -0.14074 -0.10531 0.050563 0.11729 -0.02477 0.12519 0.063255 -0.17505 -0.034727 0.16432 0.14469 0.066525 0.04368 -0.046653 0.026685 -0.06585 -0.099951 -0.054832 0.052165 0.087956 0.072311 -0.1368 -0.16001 0.060383 0.10862 0.036986 0.043806 0.093991 -0.12519 -0.010873 0.03879 0.15772 0.011546 0.14952 -0.05943 -0.067985 0.17717 0.14079 0.028272 0.085545 0.14585 -0.1631 -0.055929 -0.016511 0.035236 0.0095784 0.0594 -0.12229 -0.091661 -0.0035436 -0.030006 0.0016382 -0.065375 -0.13188 0.03975 0.0088612 0.0779 -0.039904 -0.038064 0.11179 -0.16576 -0.013292 0.043393 -0.11589 0.092451 -0.068005 0.060686 0.12148 0.13655 0.067005 -0.085305 0.11386 0.10263 -0.033764 0.044971 0.048408 0.11447 0.15615 -0.047271 -0.092093 -0.0132 0.017943 0.15687 0.098378 0.062223 -0.029262 0.018181 -0.01571 -0.12993 0.049165 0.0031423 0.071403 -0.074533 0.0050218 -0.11263 -0.041083 -0.07282 -0.1555 -0.031125 0.011751 -0.086947 0.020761 0.012285 0.10086 0.16218 0.025046 0.088579 -0.020403 -0.047925 0.14892 -0.037851 0.14436 0.11371 -0.059194 0.089164 -0.14883 -0.16538 -0.043136 -0.098093 -0.12168 -0.083695 -0.10233 0.10755 -0.17758 -0.13546 -0.13167 0.12846 -0.010685
-0.040632 0.08463 -0.24116 0.13797 -0.17315 0.11975 -0.03119 -0.18001 0.055468 0.12898 -0.20863 0.04301 0.123 -0.067277 0.064056 0.16315 0.0033701 0.039141 0.032398 -0.065765 -0.14584 -0.21979 0.091929 0.12686 0.26603 -0.074014 -0.10275 -0.10968 0.08144 -0.19052 0.014523 -0.051209 -0.033902 -0.006365 -0.067322 -0.21473 0.059191 0.26896 0.29609 0.16379 0.069284 -0.17403 0.29582 -0.16564 0.092191 0.15991 0.013741 0.051282 0.069344 0.18617 0.18689 0.17627 0.049019 0.082435 0.15344 -0.26469 0.12392 0.033196 -0.0033169 -0.065112 -0.097252 -0.081559 0.07598 -0.040973 0.11356 -0.085134 0.12747 -0.085865 -0.01629 0.00077896 -0.18291 -0.038272 -0.12156 -0.15249 0.094934 0.14874 -0.050294 -0.013503 -0.058462 -0.0020402 0.012924 0.073738 0.058471 -0.070963 -0.094693 -0.24028 -0.14322 -0.19485 0.033285 0.011101 -0.11107 -0.098599 0.10573 -0.069702 -0.10781 -0.036903 -0.01825 -0.098539 -0.09599 -0.062784 0.048961 0.254 0.28535 -0.10402 -0.091839 -0.0038962 0.037735 -0.04863 -0.00041184 0.19538 0.078442 -0.0018866 -0.064334 0.041191 -0.15277 -0.035873 -0.12136 0.10578 -0.080189 -0.26422 -0.041513 0.10816 0.28373 -0.053818 0.14677 -0.052915 -0.14994 -0.15111 -0.18514 -0.12429 -0.13036 -0.024549 0.051437 -0.035408 0.15678 0.058312 -0.05401 -0.19143 0.18794 -0.081354 0.032659 -0.36696 0.018249 -0.12501 -0.23887 0.11971 -0.029431 0.07352 -0.087317 -0.04584 -0.13556 0.33287 0.21371 -0.076428 0.09303 -0.098597 0.29167 0.18972 -0.068821 -0.14157 -0.31921 -0.26475 -0.088634 -0.33221 -0.12411 -0.12466 -0.04778 -0.17133 0.14651 -0.042459 -0.030019 -0.015719 -0.17474 -0.21737 0.051993 0.057229 -0.22462 -0.062139 0.26083 -0.035964 -0.064739 0.07955 -0.07746 -0.16354 0.042124 0.15212 -0.17162 0.1367 -0.052639 0.17291 0.062778 -0.0027577 0.079949 0.040068 0.11787 0.31901 0.1284 -0.052855 0.13927 0.28457 0.22438 0.18232 0.21156 -0.0091895 0.12576 -0.15471 0.12451 0.070393 -0.015429 0.036347 0.0046638 -0.28564 -0.13749 -0.22493 -0.033657 0.034619 -0.12417 -0.19222 -0.17638 -0.20881 0.14641 -0.038919 0.09251 0.38336 0.35251 0.21896 0.16132 0.080765 0.20675 -0.061171 0.036491 0.25563 0.13112 -0.098754 -0.0069303 -0.10306 -0.0050282 -0.083752 -0.1562 0.12127 -0.11322 0.10135 0.10701 -0.20399 -0.34002 -0.077115 -0.024867 -0.16116
-0.25691 0.15477 0.13302 0.097022 0.12857 -0.051077 0.049651 -0.20581 -0.12554 -0.014548 0.13522 0.05005 0.035013 -0.095297 -0.0047878 0.081104 -0.13309 0.040304 -0.16136 -0.080683 0.00081852 -0.14244 0.19499 -0.16593 -0.043874 -0.037864 -0.00098414 0.059576 -0.12355 -0.065968 0.06505 0.1619 -0.10411 0.018558 -0.002051 -0.051158 -0.049039 -0.0037239 -0.054262 0.10351 -0.009844 0.17292 -0.12034 0.30059 0.14087 -0.098797 0.22458 0.15054 -0.10917 0.02346 -0.11744 -0.066913 -0.2251 -0.18425 0.053858 0.09139 -0.015011 -0.099234 0.12129 -0.05811 0.17802 -0.074304 -0.15479 -0.074502 -0.0087113 -0.057494 0.11558 0.042416 -0.010848 -0.062404 0.027149 0.014457 0.14999 -0.056437 0.10385 0.058977 -0.066451 -0.023677 -0.049621 0.0082888 -0.12286 0.029527 -0.036427 -0.15516 -0.059946 -0.16827 -0.052761 -0.079951 0.050159 0.155 -0.098332 -0.034421 0.043961 -0.1699 0.11114 0.01884 -0.012716 0.077044 -0.18101 0.11894 0.18861 0.037812 -0.164 0.23536 0.042021 -0.10403 0.18111 -0.038882 0.017522 -0.086159 0.024723 -0.12608 -0.025878 0.1308 -0.072974 0.051575 -0.14104 -0.037567 0.02025 -0.041712 0.0091596 0.095292 -0.025825 -0.15779 -0.044221 0.0048786 -0.05376 -0.21426 -0.10859 0.11789 0.10712 0.21969 -0.055614 -0.063506 -0.00094725 0.112 0.0079535 -0.14187 0.0023987 -0.015495 -0.082545 -0.11587 0.082326 0.2102 0.033878 -0.019753 0.080026 0.081674 -0.097561 0.13432 -0.024896 0.038011 0.0091951 -0.20959 -0.053661 0.046471 -0.015475 -0.096604 -0.16614 -0.0010891 -0.091576 -0.078768 -0.069687 -0.040488 -0.14952 0.13811 -0.084769 0.011034 -0.14794 0.091455 0.11639 0.25437 0.16007 0.19819 -0.046088 -0.1088 0.19427 0.047765 0.00058247 -0.031345 0.035955 -0.071778 -0.0087172 -0.077563 0.012291 0.11394 0.023476 -0.2165 -0.037861 -0.032574 -0.21216 -0.089679 -0.0012598 0.087531 0.10182 0.099467 0.22499 0.19192 0.028604 0.02414 -0.10229 -0.11333 0.10145 -0.16333 -0.053317 -0.024099 0.08106 -0.1543 0.064441 0.1799 0.10908 -0.15819 0.094872 -0.030141 -0.039385 -0.11274 -0.28688 -0.10105 -0.24944 0.059726 -0.078513 -0.016487 0.13645 0.25345 0.16836 0.12812 0.24656 -0.062089 0.21431 -0.099451 0.061355 0.034992 0.026423 0.0045722 -0.00099452 0.018493 0.10305 0.022124 0.084011 0.041225 0.032362 -0.043706 -0.11526 -0.042784 0.040314 0.064495 -0.013391 -0.16151
0.023425 -0.069411 -0.016992 0.093489 0.14299 0.14501 0.078186 -0.079229 0.092802 -0.20485 -0.038227 0.11333 -0.010812 0.095854 0.15621 0.016632 -0.20191 -0.18828 -0.064961 -0.11215 0.004965 -0.17829 0.07642 -0.18469 -0.057884 0.03673 0.0005503 -0.081042 -0.13899 0.052687 0.15371 0.043171 0.19259 0.045953 -0.02125 0.21027 0.090319 -0.15938 -0.12549 -0.059128 -0.10345 0.19495 -0.076281 -0.048261 0.15381 -0.18975 0.008476 -0.037706 -0.15001 0.0025291 -0.18572 -0.17642 -0.025812 -0.13428 -0.020668 0.16203 -0.088175 0.1434 -0.013749 -0.048822 0.11885 0.044927 -0.11323 -0.11471 0.010512 0.16645 -0.064163 -0.011608 0.035128 -0.12413 0.078346 0.010744 0.17643 0.16489 0.071675 0.033493 -0.10109 0.049654 0.12628 0.01173 0.012488 0.089846 0.14056 0.041141 0.14967 0.074674 -0.0091491 -0.034435 -0.15938 -0.10255 -0.12938 -0.04146 -0.11903 0.017693 0.15054 0.101 0.0517 0.10312 0.11216 0.012484 0.0093264 0.00054965 -0.22085 0.031584 -0.067213 -0.10733 -0.058621 -0.10872 0.13805 0.10313 -0.10128 0.028899 -0.062878 0.040832 0.084267 0.1657 0.015888 -0.089144 -0.0072728 -0.063178 0.17844 -0.09845 -0.20851 0.095227 0.017622 0.0038279 0.21106 -0.15257 0.043974 0.021492 0.11747 -0.2056 0.032571 0.070152 0.0014903 0.21915 -0.08061 0.092026 0.082015 0.14816 0.10172 0.032719 -0.10773 0.2917 0.041869 0.089043 0.11611 -0.1144 0.19874 0.083556 0.04521 -0.11534 0.1245 -0.06131 0.038042 0.11395 -0.10953 -0.0932 -0.10346 -0.026238 0.14879 0.06267 -0.13483 -0.080692 -0.086332 -0.13564 -0.25174 -0.0083084 -0.069468 0.079108 -0.14041 0.073232 -0.061148 -0.071036 0.0026851 0.082495 0.052522 -0.0090404 -0.079207 0.022242 0.18638 0.094178 0.19326 0.030445 -0.14321 0.018031 0.025596 -0.10696 -0.0086761 0.026154 -0.010234 -0.088967 -0.0039674 -0.086582 -0.0057186 -0.13001 0.035054 -0.13662 -0.13125 -0.13416 -0.17734 -0.13511 -0.11183 0.0019516 0.072927 -0.1136 -0.057399 0.089247 -0.028728 -0.0068866 -0.082497 0.30682 0.1141 0.063827 0.10131 -0.1823 0.016165 0.018761 -0.27092 -0.18014 -0.23624 0.11507 0.044237 -0.24909 -0.18464 0.070332 0.047298 0.1573 -0.13896 -0.073371 0.069126 -0.085989 0.021073 -0.081441 -0.13245 0.081471 -0.08606 0.12557 0.26818 -0.076246 -0.12974 -0.090833 0.076221 -0.059772 -0.023578 0.047578 0.045696 -0.11926
0.0076217 0.024355 -0.15203 0.08676 -0.015571 -0.14798 0.13155 -0.064247 0.073424 0.0063409 0.020126 0.11578 0.12365 -0.0063975 -0.14947 -0.053911 0.16196 -0.10963 -0.036592 -0.059397 -0.039971 0.11725 -0.13245 -0.040619 -0.025842 0.10377 -0.050147 -0.10716 -0.12351 -0.085175 -0.041561 -0.091665 -0.077269 -0.1399 -0.13819 -0.1104 -0.11551 0.0096227 -0.053476 0.052089 0.05238 -0.097177 0.16075 -0.15687 -0.13077 0.042946 0.093304 0.097707 -0.060975 0.10116 -0.014102 -0.058893 0.08661 0.097409 0.054925 -0.048309 -0.11311 0.13652 -0.0018868 -0.029221 -0.011983 -0.13511 0.12293 -0.059228 0.13617 0.12534 0.080949 0.098158 0.14086 0.10969 0.044423 -0.088975 -0.12125 0.071916 -0.12729 -0.076109 0.04425 -0.025826 0.1168 0.13088 0.052115 0.098172 -0.099605 -0.025846 0.060389 0.04707 -0.088242 -0.077709 0.12791 -0.14218 -0.12678 0.11321 0.14208 -0.085672 -0.030553 -0.14854 -0.028206 -0.0092051 -0.028953 0.036611 -0.14443 0.11554 0.12688 -0.14508 0.11108 -0.00026955 -0.01722 0.093769 0.039489 0.033359 0.042424 0.040743 0.080349 -0.11848 0.029822 -0.0027902 -0.0089831 -0.1106 0.11806 -0.089542 -0.050507 0.12019 -0.10383 -0.029929 0.10085 -0.1295 -0.045376 -0.01556 0.066846 0.14537 0.044071 0.068902 -0.023787 -0.10758 -0.057708 0.0023368 0.083415 -0.11658 -0.12718 -0.075669 -0.033384 0.03835 -0.098881 0.044672 -0.12261 0.1689 -0.085956 0.12249 0.10537 -0.1595 -0.098752 0.095292 0.032362 0.096667 -0.0056526 -0.061781 0.078947 -0.099425 -0.039787 -0.10149 -0.047978 0.1381 -0.12905 0.081498 0.046725 0.031588 0.12049 -0.02272 -0.071979 0.056458 -0.0078653 0.039619 -0.13861 0.061484 -0.10963 -0.12559 -0.050039 0.070476 -0.058742 -0.1314 -0.061357 -0.020679 0.065838 -0.04138 0.14436 -0.086047 -0.10801 0.043119 -0.030621 -0.045163 -0.11175 -0.094886 -0.091821 -0.1058 0.083149 -0.12865 -0.024836 0.038479 -0.13605 0.147 0.026232 0.074963 0.035517 0.14138 0.015779 0.11723 -0.0090583 0.02088 -0.10067 -0.11097 0.023359 0.11996 0.053836 -0.12944 -0.098826 0.12172 -0.0020299 -0.09132 -0.051409 -0.0048536 -0.041673 0.14115 0.027814 0.05067 0.035437 -0.10903 -0.095667 -0.10657 0.059251 -0.13354 0.0054333 0.010594 -0.091528 -0.060402 0.054739 0.091073 -0.050177 0.0038189 0.033809 0.077563 -0.12374 0.15584 0.0069484 -0.016869 0.06863 0.11446 0.00072212 0.14166
-0.19205 -0.12587 0.091014 -0.070357 0.19812 -0.15131 0.10512 0.21322 0.18933 0.2528 0.099213 0.092824 0.019008 -0.010315 0.035753 -0.17924 -0.090394 -0.048993 -0.15717 -0.0033933 -0.072434 -0.10619 0.14695 0.04261 0.10023 0.21545 0.15193 0.096563 -0.31964 -0.015116 -0.12684 0.091507 -0.083851 -0.0097604 -0.091073 -0.056843 0.16576 -0.034968 0.066417 0.18827 0.036917 0.090323 0.021102 0.18113 0.20803 -0.14985 0.044881 -0.016482 -0.0027071 0.058448 0.091418 0.20989 0.13536 0.14265 -0.1165 0.060927 -0.06617 -0.0024758 -0.15709 -0.091975 0.1182 -0.12527 0.013714 0.021914 -0.058026 0.11754 0.17908 0.12677 0.1436 0.063661 0.24615 0.10376 0.04031 0.074034 0.071167 -0.056548 -0.15992 0.087616 0.10575 0.13816 -0.085114 -0.094214 0.0021687 0.067518 -0.015343 -0.049201 0.046316 -0.054417 0.0086519 -0.010909 -0.11923 -0.087075 -0.072548 -0.21838 0.10205 0.029839 -0.06996 0.024426 -0.039475 0.18959 0.026486 -0.10251 0.0055722 0.32789 -0.030192 -0.0037624 0.0061774 -0.1118 0.0034259 -0.11304 0.077023 0.18316 -0.14452 0.2183 0.26628 0.13901 0.050338 0.21276 0.050879 -0.070227 0.37335 0.13263 0.037143 0.093842 -0.14489 -0.0065656 0.3342 0.13811 0.13214 0.076476 0.0019731 0.039949 -0.041592 0.14108 -0.19425 0.068424 -0.079329 -0.068393 -0.28075 -0.24861 -0.24011 0.058177 -0.037316 0.18728 -0.064465 0.11978 0.016332 -0.10232 0.19271 0.28917 -0.04518 -0.090985 -0.22789 -0.10228 -0.20249 0.044274 -0.021258 0.006223 0.1719 0.31981 0.31304 0.21349 0.10089 0.16741 0.027648 -0.16533 -0.24082 -0.10537 -0.20755 -0.23828 0.10963 0.19771 0.11641 0.19177 -0.019484 0.1094 0.24315 -0.031411 -0.25016 -0.12647 0.20612 -0.049373 0.046326 -0.076429 -0.2731 0.10242 0.11707 -0.1178 -0.22198 -0.18489 -0.12755 0.10975 -0.007535 0.12782 0.18682 0.02051 0.04865 0.21652 0.14543 -0.21561 -0.17264 -0.0064219 -0.11079 -0.10032 -0.17076 -0.11704 -0.11601 0.091029 -0.086997 0.18612 -0.079909 0.31597 0.19415 0.038336 0.10696 -0.11275 -0.086385 -0.062266 -0.26724 -0.096259 -0.24849 -0.029015 -0.064737 -0.035161 -0.03604 -0.06726 -0.051472 -0.051555 -0.11468 0.098494 -0.17811 -0.15458 0.12769 0.11677 0.094799 0.040971 0.25603 0.071595 0.099539 -0.3461 0.14407 -0.083709 -0.064248 0.24434 0.052719 0.18585 -0.057349 -0.14118
-0.046657 -0.028127 -0.12984 -0.11817 0.12393 -0.025762 0.14386 0.021941 0.12812 -0.15725 -0.15401 0.073774 0.02921 -0.078756 -0.14947 -0.12954 0.016139 0.10151 0.1134 0.066864 -0.018556 0.083328 -0.052875 0.13279 0.11427 0.1404 0.068466 -0.025646 -0.019776 -0.064751 0.11376 0.044704 0.092747 0.031731 -0.10135 -0.058788 0.0034084 0.03444 0.060849 0.098419 -0.039064 -0.14683 -0.14889 0.1066 -0.091803 0.081924 -0.10962 0.15181 0.069447 0.052168 -0.035527 0.14555 -0.11715 0.12668 0.17238 -0.013342 0.093557 -0.13909 -0.12344 0.059302 -0.16214 -0.051468 -0.029735 -0.08079 0.099172 0.12175 -0.094117 -0.0019122 -0.11243 0.072878 0.075999 -0.094287 -0.029082 0.06331 -0.02391 0.043034 -0.069989 0.177 -0.059107 0.021662 -0.084385 -0.015796 0.032411 0.17383 -0.093538 0.16188 -0.14304 0.10709 -0.086465 0.16119 0.094142 -0.076588 0.092943 -0.16359 -0.16181 0.075547 -0.049519 -0.013213 0.00084724 0.012591 0.027647 -0.013254 0.028183 -0.027789 0.05551 -0.039606 0.072635 -0.14324 -0.068036 0.16379 0.11986 -0.13372 0.14947 0.11448 0.098094 -0.11637 -0.089787 0.12976 -0.070496 0.019534 -0.11216 0.060131 -0.01474 -0.10383 0.011643 -0.11339 -0.042967 -0.027085 -0.15555 -0.057261 -0.1019 0.028399 0.021682 0.10491 0.12561 0.11142 0.14873 -0.032575 0.08771 0.021199 0.10055 -0.032539 0.13308 -0.037868 0.007267 0.088148 0.06032 -0.15576 0.13911 0.070503 -0.1284 -0.035697 -0.032718 -0.039888 0.14771 0.081035 -0.075437 -0.16393 0.058006 -0.022476 -0.1005 -0.0019304 -0.029873 0.10767 0.078405 0.088243 0.048512 0.043069 -0.005525 0.11414 -0.046885 0.04264 -0.039344 0.054098 0.021893 0.0080841 -0.034879 -0.11083 -0.11945 0.02032 -0.017909 0.046195 0.080286 0.0059018 0.092798 -0.14593 -0.10093 0.13628 0.028081 0.023418 0.076467 -0.023969 -0.1202 0.098818 0.053514 0.045484 0.138 0.16099 0.15486 0.011201 -0.0070252 0.043634 -0.072104 -0.044472 0.14925 0.15213 0.13054 0.0030204 0.032804 0.1157 0.073549 -0.020511 0.13231 -0.083981 0.05229 -0.039756 -0.036117 0.13175 -0.068024 -0.010273 -0.073659 0.13314 0.0061756 0.065537 0.023827 -0.12335 -0.15023 -0.080846 0.032451 0.092893 -0.0016281 0.012173 0.11747 -0.10609 0.024808 0.12896 0.023575 -0.0029826 0.05973 0.09311 0.054008 -0.020212 -0.06876 0.086809 0.054004 -0.0036515 -0.12249 0.01124
0.13099 -0.10144 -0.12725 -0.18117 -0.22211 -0.035459 0.0041135 -0.15489 -0.15119 0.017282 -0.11845 -0.066696 0.14249 0.029006 0.051121 0.12378 0.11508 0.11953 0.31228 0.10343 0.0019804 -0.27923 -0.036079 0.19463 0.1291 -0.064006 -0.26422 0.13439 0.29408 -0.04573 0.035965 -0.069741 -0.16199 0.028167 -0.11125 -0.014191 -0.09776 -0.061174 -0.14201 -0.15333 -0.12694 -0.041274 0.0082987 -0.065814 0.018277 -0.053565 -0.041789 0.011388 0.00068135 -0.028481 -0.017253 0.032528 -0.079742 0.066965 -0.020614 -0.021651 -0.076764 0.14644 0.096614 0.13401 0.16691 0.1196 -0.10273 0.039646 0.13536 0.064218 -0.12388 -0.13381 -0.088681 -0.11603 -0.097559 -0.096897 -0.12788 -0.011188 0.016179 -0.12163 0.0053187 0.11479 -0.034658 0.082782 0.030248 0.017643 -0.062891 -0.032714 -0.0067136 -0.095609 -0.024677 0.10011 -0.0024648 -0.19942 -0.10446 0.23653 0.21813 0.24242 0.15306 -0.13415 0.21359 -0.14426 -0.15279 -0.041275 0.035896 -0.076971 -0.060483 -0.00059696 -0.23827 -0.14071 -0.16261 0.10887 -0.06059 -0.016518 -0.03063 -0.17273 -0.0048046 -0.20432 -0.10597 -0.12909 -0.038217 0.07074 -0.046128 -0.1178 -0.3691 0.25158 0.41694 -0.19485 0.14222 0.22356 -0.417 -0.23767 0.22149 0.36411 0.07433 -0.13867 -0.2647 -0.27438 -0.15419 -0.0082998 0.069372 -0.26056 0.056415 -0.12527 -0.09659 -0.01149 -0.10139 -0.1597 -0.078618 0.24433 0.17024 -0.14525 -0.035345 0.098159 -0.023705 0.33588 0.42718 0.25183 0.20896 -0.13896 0.23831 0.076646 -0.23548 -0.18094 -0.35867 -0.2522 -0.35384 -0.27283 -0.26422 -0.063554 0.064601 -0.18245 0.0096119 -0.052808 -0.0013058 0.067793 -0.022376 0.044129 0.18053 0.010814 -0.1812 -0.057386 0.29398 0.13704 -0.22638 0.080019 -0.040519 0.068389 -0.020084 0.079415 -0.080699 -0.091716 -0.10203 0.030972 0.029457 0.028825 0.019031 -0.065917 -0.0042682 0.22651 0.00021929 -0.024791 -0.036822 -0.0037471 0.21997 0.19744 -0.05649 0.15885 -0.038058 0.0025479 -0.12048 0.090763 -0.026868 -0.15837 0.072428 -0.27447 0.12639 -0.18412 0.31377 0.23116 0.10612 -0.030225 -0.21421 -0.095757 0.07609 0.00040344 0.055482 0.17148 0.043747 0.12596 0.082528 -0.027606 0.23365 -0.27194 -0.013833 -0.048777 -0.088306 -0.11023 -0.033566 -0.28214 -0.075428 -0.047278 -0.322 0.5008 -0.065162 0.056093 0.062281 -0.25809 -0.09132 0.10178 0.099115 0.15183
-0.44942 0.36316 -0.032786 0.16946 0.21452 -0.86895 1.2203 -0.72206 -0.9588 0.99358 -1.3287 1.7829 -0.93336 -0.087448 0.4389 -0.92727 -0.047 -0.36232 -1.3324 0.027746 0.35499 1.5805 -0.95067 -0.81267 0.51291 -1.4858 -0.16754 1.7502
1.4247
1.2779
1.2046
-1.1008
0.99626
0.94636
-0.70454
-0.67717
-0.56264
-0.46692
0.38284
-0.26148
0.19408
-0.053906
-0.083953
-0.17729
0.26474
0.38317
0.44628
0.58377
-0.66729
-0.69126
-0.86205
0.97232
-1.1223
1.2
-1.3172
-1.4102
-0.17964
t a n s i g
t a n s i g
