248 16260
3 248
1 3
3 1
1 1
315.34 216.74 284.33 187.07 163.37 236.13 369.27 320.37 156.01 36.169 38.002 84.798 42.14 69.913 23.183 56.506 37.094 50.486 60.771 39.97 53.038 30.566 47.836 46.613 55.273 30.679 23.27 324.37 373.56 353.63 394.96 244.98 227.74 280.69 496.33 425.54 131.9 34.685 37.803 64.178 43.513 58.446 33.671 43.318 34.378 44.536 47.841 37.541 43.069 27.374 43.12 39.823 67.756 28.914 35.208 405.93 839.17 510.79 160.39 176.69 60.256 26.194 66.55 38.942 200.78 184.77 38.194 12.586 10.424 135.16 65.333 64.134 24.662 41.348 34.834 13.958 48.576 64.646 35.668 43.599 28.987 32.76 21.233 26.717 10.568 11.355 329.73 92.483 212.55 403.41 217.99 283.35 284.98 306.53 191.51 243.28 251.87 466.34 359.04 108.15 34.473 22.551 54.756 35.004 48.983 28.645 37.748 27.358 35.457 40.595 30.673 36.316 21.83 34.894 31.179 52.653 25.264 27.607 373.59 360.35 384.99 312.47 274.7 331.74 226.03 308.38 309.14 197.44 49.459 45.719 115.26 45.331 64.752 50.27 51.804 46.767 61.823 69.666 49.153 67.219 38.583 43.696 33.939 56.023 48.658 56.021 325.69 455.74 472.15 391.11 239.75 357.93 291.03 534.27 439.27 151.63 38.902 48.889 123.42 29.889 67.503 40.028 62.951 41.734 54.155 56.675 43.758 54.007 37.196 48.059 30.573 76.201 51.523 84.712 465.39 864.25 614.83 285.98 262.74 104.76 39.329 82.752 56.077 234.2 288.53 35.668 16.858 18.723 127.72 54.377 102.9 28.934 67.431 59.647 13.74 26.62 42.521 47.004 76.765 52.94 58.4 35.008 38.803 23.658 28.134 396.68 132.57 382.73 387.27 208.08 372.56 493.15 310.29 185.42 290.6 281.31 532.05 322.93 137.53 32.802 34.513 82.129 26.866 58.582 33.281 40.019 34.257 51 54.982 52.348 54.853 42.246 47.265 31.266 67.238 47.959 68.869 452.29 0.087403 0.60691 0.97853 0.15786 1.1639 0.17192 0.084047 0.53668 0.14292 0.47967
2210.1 1560.5 1219.6 1100.8 1143.1 947.17 1277.3 1134.8 813.16 282.43 301.63 518.44 320.54 465.34 337.81 430.96 310.45 356.09 429.08 304.84 363.41 247.99 381.44 318.94 586.36 326.36 405.12 1685.4 2130.7 1491.7 1202 1098 1156.2 1034.3 1723.8 1140.9 576.72 199.21 229.73 362.61 223.19 355.16 209.73 318.52 209.4 323.11 362.39 259.69 316.53 209.22 326.88 267.75 446.84 256.66 313.18 2258.6 3586.3 1265.7 1159.7 796.1 548.95 379.19 323.15 418.33 816.59 601.87 348.26 162.67 173.57 933.36 411.85 335.84 201.2 361.26 247.36 193.17 227.27 370.39 222.75 321.19 225.42 250.95 180.86 221.03 105.11 108.67 952.07 594.33 1300.1 1718.5 1091.4 2163.6 1504.6 1236.9 1121.7 1299.3 1105.9 1901 1297.8 540.73 199.71 243.12 333.76 244.06 381.56 250.42 328.69 275.32 321.51 421.08 341.46 369.59 252.74 336.92 282.8 473.08 267.48 365.45 2607.9 1993.9 1445.3 1139.9 1023.6 1098.4 882.22 1641 1281.4 748.79 241.79 254.32 501.9 257.13 379.08 279.98 357.06 267.12 356.87 394.87 277.28 353.89 259.77 311.86 277.64 454.21 324.42 662.94 2041.9 2009.3 1310.8 1050.4 937.8 1061.6 906.97 2212.2 1336.3 540.4 189.31 197.23 314.71 189.84 254.55 184.76 256.3 197.01 235.9 292.97 253.9 264.98 202.27 218.03 162.83 283.84 219.59 424.61 2759.7 3664 1232.2 1069.7 818.74 527.92 362.08 312.04 370.26 975.62 658.39 319.42 136.77 146.05 855.58 372.94 334.63 196.26 357.54 242.4 161.19 170.5 261.43 176.75 273.58 199.47 250.48 140.96 206.08 123.5 161.67 1105.6 583.1 1169.7 1616.9 1014.5 2040.6 1378.1 1094 1001.8 1144.3 950.53 2623.5 1561.5 582.05 192.09 197.76 320.76 196.14 251.39 224.96 270.41 202.63 255.21 328.5 290.79 368.26 247.54 244.85 196.03 327.37 228.06 466.81 3248.4 1.6477 11.441 11.898 1.8633 6.9971 2.0847 1.0219 6.3347 0.85914 5.8168
0
0.51276
0.17555 0.11679 -0.054618 0.053046 0.11041 0.0036689 -0.049559 0.01421 0.00040768 -0.017712 0.049568 0.11287 0.054877 -0.10195 0.11268 0.0033025 -0.061399 0.0085508 -0.014999 0.010766 -0.13135 -0.051838 -0.0073275 0.16764 0.19418 0.086188 0.029509 -0.068216 0.043149 0.0060782 -0.044723 -0.095472 0.11362 -0.063452 -0.051348 0.020811 0.14682 0.07043 0.029118 0.063857 -0.0011009 -0.062383 0.17101 0.050989 -0.054124 0.17397 -0.10312 -0.12626 -0.22096 -0.15235 -0.082395 -0.079475 0.10116 -0.042274 0.086407 -0.12262 0.086682 0.079885 -0.075447 -0.092699 0.039369 0.0041126 0.077989 0.11392 0.27952 0.084721 -0.070474 0.018226 -0.059486 -0.23249 0.062274 0.12866 0.24247 0.1946 0.16221 -0.10339 0.13798 0.076432 -0.048488 -0.0092628 0.059143 -0.0070278 0.071361 0.13758 -0.055433 0.12221 0.14278 -0.001676 -0.11682 -0.17577 0.17896 -0.029253 -0.081794 -0.06853 0.046333 -0.049827 -0.05933 -0.028094 -0.00099189 0.13692 0.08325 -0.039399 -0.092562 -0.063004 -0.041392 0.014227 0.092232 -0.13122 0.019899 0.0072811 -0.058169 -0.10328 0.079772 -0.17 -0.02319 -0.02562 -0.034612 -0.0035008 -0.032374 -0.13926 0.020002 -0.11553 0.05341 0.044236 0.1093 -0.13511 -0.16872 0.077163 -0.062251 -0.056402 -0.17698 -0.087069 -0.18446 0.0093008 -0.062024 0.027162 -0.11476 -0.089756 -0.090098 -0.15784 -0.078374 -0.15682 0.045185 -0.17623 -0.1327 0.055034 0.031965 0.0485 -0.14064 0.035174 -0.055118 -0.11774 -0.095195 0.054859 -0.072559 0.0026499 0.064378 0.10864 0.02445 -0.059497 -0.10409 -0.0066959 0.19449 0.05431 0.078547 -0.0089856 0.029796 0.0048104 0.061355 -0.084242 0.053288 -0.0297 0.054337 -0.053759 0.12647 0.13697 0.083747 0.036517 0.17798 -0.07637 -0.16262 -0.022225 0.1108 0.071428 -0.025577 -0.011603 -0.10126 -0.035493 -0.075777 0.076229 0.092682 0.10339 -0.069676 0.076622 -0.1454 0.063499 -0.11785 -0.16839 -0.12629 -0.16183 0.0026022 -0.0041494 -0.17039 -0.11173 0.043025 -0.067541 -0.027563 -0.10945 -0.0343 -0.04383 -0.049053 0.011541 -0.004653 0.048119 -0.030872 -0.17279 0.035296 -0.10039 0.12809 -0.16474 -0.029972 -0.18413 0.033103 -0.0062309 0.12011 0.078394 0.013385 0.064925 -0.087409 0.018303 -0.051677 0.14931 0.14049 0.13313 0.048742 0.090849 0.12393 0.0092071 -0.38814 0.96091 0.038714 0.10485 0.050585 -0.13793 0.14856 -0.11004 0.091325 0.024297
0.11606 0.33262 -0.031115 -0.071309 -0.061269 -0.30617 -0.34465 -0.19115 -0.13506 -0.054338 -0.069749 -0.056487 -0.14913 -0.20509 0.157 0.036475 -0.034951 0.13475 -0.14866 -0.089237 -0.19628 -0.12228 0.039822 0.2165 -0.054979 0.14726 -0.017038 -0.70344 0.022589 -0.080181 -0.13904 0.14363 0.46422 -0.025492 -0.20454 -0.16734 -0.0074305 -0.036383 -0.10578 -0.17581 -0.20735 -0.046427 0.17552 0.2646 -0.030712 0.46455 -0.23028 0.051291 -0.29136 0.051227 -0.039975 0.33975 -0.20147 0.079664 -0.25814 -0.11165 -0.063966 0.22461 -0.26545 1.1744 0.16899 -0.079568 0.54127 -0.48383 -0.79511 -0.14123 -0.65293 -0.34137 0.3195 0.26076 0.18077 0.21029 -0.12238 -0.23704 -0.35818 0.040698 0.038226 -0.26041 -0.14364 0.045734 0.15218 0.11891 0.68857 0.48206 0.55435 0.76367 -0.050773 -0.26586 0.30018 0.084639 0.14817 0.12422 0.13615 -0.12367 0.18215 0.079263 -0.090288 -0.17457 -0.23121 0.086729 0.099648 0.035408 -0.21054 -0.13531 -0.106 0.066925 0.14378 0.074277 0.10263 -0.014684 0.018869 -0.093973 0.2301 0.049621 0.16438 -0.090473 0.052536 -0.10605 0.13745 0.40513 0.4075 0.11476 0.40345 0.35263 0.32811 0.57976 0.11566 0.17474 0.016896 -0.033531 -0.02108 -0.095367 -0.094722 0.12556 0.16437 0.051013 0.20039 0.13116 0.064943 -0.092595 0.096377 -0.093697 0.1733 0.041473 -0.012606 -0.00013133 -0.63396 0.338 0.003082 0.057388 0.22217 0.033043 0.28094 0.3774 0.08545 -0.10086 0.045451 0.053325 -0.074163 -0.28405 -0.20488 -0.069372 0.24809 -0.044519 0.49402 0.073929 0.24188 -0.19663 0.15913 -0.15832 0.13041 -0.03273 0.060676 -0.34378 -0.35821 -0.2244 0.29754 0.42548 0.90096 -0.046038 -0.23744 0.70505 -0.41767 -0.9893 -0.18163 -0.22818 -0.2204 0.20405 0.34805 1.0464 0.91389 0.23724 -0.13809 -0.1544 -0.072909 0.17128 -0.033973 -0.058281 0.04839 0.1957 -0.03145 0.1911 0.25752 0.21563 0.1879 -0.654 0.059044 0.011506 0.055313 0.18221 -0.17114 0.0037453 -0.00095673 0.036168 -0.078879 -0.067284 0.55427 -0.2091 0.093499 -0.014827 0.03139 -0.075312 -0.0049251 -0.038097 0.1036 0.085897 -0.0013318 0.20717 -0.0011829 0.041649 -0.06375 0.15337 0.115 0.21565 0.084467 0.15614 0.096165 -0.25607 1.3601 1.4289 -0.10337 0.46586 -0.22035 0.90414 0.26257 0.024876 -0.038505 0.58642
0.045238 -0.17133 -0.16105 0.045669 -0.1094 0.064137 0.15691 -0.037702 0.014245 -0.085123 0.074345 -0.094593 -0.062598 -0.068937 -0.10776 0.066224 0.12049 -0.031392 0.13142 0.16635 -0.053902 -0.045351 0.083116 0.015154 -0.070179 0.0068919 0.21631 0.15501 -0.068761 -0.015687 0.07502 0.035175 -0.03285 -0.060939 0.1387 0.092874 0.0076408 0.076075 0.037209 -0.15245 0.10853 -0.012353 -0.078684 0.042198 -0.12751 -0.059094 -0.013074 -0.13439 0.15382 0.063173 -0.020603 -0.0037198 0.039825 0.18179 -0.060531 -0.090584 -0.11047 -0.033769 -0.0065113 -0.030123 -0.17869 0.020897 0.041603 -0.14966 -0.1416 -0.067301 -0.017876 0.0066714 -0.010213 0.045216 0.17055 0.056801 -0.096102 0.041543 0.0017698 0.058073 -0.092956 -0.018305 -0.033319 0.1268 -0.040898 -0.078931 0.051608 0.15747 0.015118 0.098653 0.0739 0.11388 0.13362 0.16403 0.069651 -0.07895 0.041799 -0.16689 -0.11218 -0.1475 0.076405 0.11301 0.0051143 -0.1702 -0.0090329 0.12629 0.089894 0.12399 -0.10448 -0.10018 -0.083315 0.069627 0.021067 -0.078081 0.15895 0.034794 0.06148 0.11494 0.17954 0.042996 -0.042816 0.14904 0.025755 -0.06489 0.013992 -0.037934 -0.1155 -0.096451 0.0091531 -0.057262 -0.053433 -0.12867 0.040468 -0.003095 -0.14776 0.098605 -0.092729 -0.091134 0.019949 0.049682 -0.10639 0.075769 -0.03546 -0.10287 -0.082427 0.11679 -0.079301 0.097678 0.17267 -0.029918 0.18062 -0.12951 -0.049803 0.086674 -0.16522 -0.13762 0.10137 0.056898 -0.077117 0.029747 -0.19545 -0.092133 -0.23269 -0.12893 -0.062727 0.10445 -0.15108 -0.072697 -0.11949 0.073076 0.057419 -0.0031668 0.099548 0.15082 0.11523 0.037135 0.19039 0.14775 0.021804 0.0045386 -0.15309 -0.1607 -0.068878 -0.15384 -0.084072 -0.00012916 -0.074066 -0.044337 -0.083649 -0.089589 0.15707 -0.032279 0.14812 0.0020908 0.1732 0.13289 0.034952 -0.1137 0.14698 0.065068 -0.070464 -0.055048 0.17757 -0.10417 0.0010032 0.05744 0.15015 0.041118 0.13377 -0.045676 -0.039956 0.035357 0.16911 0.0095292 0.037117 -0.1041 0.051524 0.018443 0.040991 0.0047762 0.062987 0.1722 -0.11175 -0.062658 -0.14386 -0.18107 -0.082201 -0.00076473 0.084264 -0.14705 -0.037453 0.082355 -0.014063 0.16303 0.086362 0.11624 0.10485 -0.068099 0.24964 0.11513 0.0056731 0.014079 0.0073022 -0.040443 0.13177 -0.057198 0.027784 -0.097475 -0.013788 0.11806 0.093218 -0.058841
1.5255 -2.2944 -1.2434
-1.3445
0.31783
1.3727
-0.50511
t a n s i g
t a n s i g
