248 16260
24 248
1 24
24 1
1 1
315.34 216.74 284.33 187.07 163.37 236.13 369.27 320.37 156.01 36.169 38.002 84.798 42.14 69.913 23.183 56.506 37.094 50.486 60.771 39.97 53.038 30.566 47.836 46.613 55.273 30.679 23.27 324.37 373.56 353.63 394.96 244.98 227.74 280.69 496.33 425.54 131.9 34.685 37.803 64.178 43.513 58.446 33.671 43.318 34.378 44.536 47.841 37.541 43.069 27.374 43.12 39.823 67.756 28.914 35.208 405.93 839.17 510.79 160.39 176.69 60.256 26.194 66.55 38.942 200.78 184.77 38.194 12.586 10.424 135.16 65.333 64.134 24.662 41.348 34.834 13.958 48.576 64.646 35.668 43.599 28.987 32.76 21.233 26.717 10.568 11.355 329.73 92.483 212.55 403.41 217.99 283.35 284.98 306.53 191.51 243.28 251.87 466.34 359.04 108.15 34.473 22.551 54.756 35.004 48.983 28.645 37.748 27.358 35.457 40.595 30.673 36.316 21.83 34.894 31.179 52.653 25.264 27.607 373.59 360.35 384.99 312.47 274.7 331.74 226.03 308.38 309.14 197.44 49.459 45.719 115.26 45.331 64.752 50.27 51.804 46.767 61.823 69.666 49.153 67.219 38.583 43.696 33.939 56.023 48.658 56.021 325.69 455.74 472.15 391.11 239.75 357.93 291.03 534.27 439.27 151.63 38.902 48.889 123.42 29.889 67.503 40.028 62.951 41.734 54.155 56.675 43.758 54.007 37.196 48.059 30.573 76.201 51.523 84.712 465.39 864.25 614.83 285.98 262.74 104.76 39.329 82.752 56.077 234.2 288.53 35.668 16.858 18.723 127.72 54.377 102.9 28.934 67.431 59.647 13.74 26.62 42.521 47.004 76.765 52.94 58.4 35.008 38.803 23.658 28.134 396.68 132.57 382.73 387.27 208.08 372.56 493.15 310.29 185.42 290.6 281.31 532.05 322.93 137.53 32.802 34.513 82.129 26.866 58.582 33.281 40.019 34.257 51 54.982 52.348 54.853 42.246 47.265 31.266 67.238 47.959 68.869 452.29 0.087403 0.60691 0.97853 0.15786 1.1639 0.17192 0.084047 0.53668 0.14292 0.47967
2210.1 1560.5 1219.6 1100.8 1143.1 947.17 1277.3 1134.8 813.16 282.43 301.63 518.44 320.54 465.34 337.81 430.96 310.45 356.09 429.08 304.84 363.41 247.99 381.44 318.94 586.36 326.36 405.12 1685.4 2130.7 1491.7 1202 1098 1156.2 1034.3 1723.8 1140.9 576.72 199.21 229.73 362.61 223.19 355.16 209.73 318.52 209.4 323.11 362.39 259.69 316.53 209.22 326.88 267.75 446.84 256.66 313.18 2258.6 3586.3 1265.7 1159.7 796.1 548.95 379.19 323.15 418.33 816.59 601.87 348.26 162.67 173.57 933.36 411.85 335.84 201.2 361.26 247.36 193.17 227.27 370.39 222.75 321.19 225.42 250.95 180.86 221.03 105.11 108.67 952.07 594.33 1300.1 1718.5 1091.4 2163.6 1504.6 1236.9 1121.7 1299.3 1105.9 1901 1297.8 540.73 199.71 243.12 333.76 244.06 381.56 250.42 328.69 275.32 321.51 421.08 341.46 369.59 252.74 336.92 282.8 473.08 267.48 365.45 2607.9 1993.9 1445.3 1139.9 1023.6 1098.4 882.22 1641 1281.4 748.79 241.79 254.32 501.9 257.13 379.08 279.98 357.06 267.12 356.87 394.87 277.28 353.89 259.77 311.86 277.64 454.21 324.42 662.94 2041.9 2009.3 1310.8 1050.4 937.8 1061.6 906.97 2212.2 1336.3 540.4 189.31 197.23 314.71 189.84 254.55 184.76 256.3 197.01 235.9 292.97 253.9 264.98 202.27 218.03 162.83 283.84 219.59 424.61 2759.7 3664 1232.2 1069.7 818.74 527.92 362.08 312.04 370.26 975.62 658.39 319.42 136.77 146.05 855.58 372.94 334.63 196.26 357.54 242.4 161.19 170.5 261.43 176.75 273.58 199.47 250.48 140.96 206.08 123.5 161.67 1105.6 583.1 1169.7 1616.9 1014.5 2040.6 1378.1 1094 1001.8 1144.3 950.53 2623.5 1561.5 582.05 192.09 197.76 320.76 196.14 251.39 224.96 270.41 202.63 255.21 328.5 290.79 368.26 247.54 244.85 196.03 327.37 228.06 466.81 3248.4 1.6477 11.441 11.898 1.8633 6.9971 2.0847 1.0219 6.3347 0.85914 5.8168
0
0.10116
-0.13244 0.036674 -0.11923 -0.064194 -0.1213 -0.10191 0.23588 0.14289 0.090408 -0.29361 -0.11924 -0.13561 -0.046691 -0.19202 -0.019289 -0.3066 -0.00099808 -0.0070652 -0.18487 0.12171 -0.032467 -0.071417 -0.041568 0.010754 0.033978 0.058945 0.13974 0.050058 0.087298 0.05792 -0.13752 -0.026537 0.013692 0.02366 0.024201 0.17369 0.14163 -0.15428 -0.23894 -0.25372 0.0016285 -0.14812 -0.18806 -0.54816 -0.11696 -0.067088 -0.13366 0.29021 0.2252 -0.043894 -0.0046318 0.070524 0.0070381 -0.11935 -0.054115 0.11071 -0.022415 0.017101 0.049484 -0.066553 0.070273 0.12137 0.15921 0.097612 0.063999 0.20305 -0.21697 -0.010427 0.03548 0.10264 0.11216 0.20449 0.06311 -0.14246 0.067628 -0.067272 -0.070935 -0.027222 0.077712 -0.12274 -0.098325 0.052031 0.038882 0.033521 -0.086811 -0.19381 0.058664 0.022012 0.12015 0.12633 0.2064 -0.074532 -0.039161 -0.1256 -0.042068 -0.19554 0.14621 -0.089153 0.11181 0.039348 -0.014298 -0.12659 -0.038776 -0.18724 0.051388 0.16691 -0.092275 0.021502 0.068579 0.10407 0.20594 0.22826 0.15047 -5.6145e-05 -0.18521 0.012513 0.088431 0.027839 -0.065141 -0.067081 -0.12251 -0.050336 -0.11026 -0.0052933 0.11333 0.24645 0.22887 -0.16354 -0.066194 -0.1102 -0.21843 -0.018931 -0.1692 -0.083452 -0.094934 -0.057429 -0.042024 0.049182 0.076515 -0.055016 0.018444 -0.034037 -0.038842 0.14238 0.17776 0.10434 -0.16496 -0.28619 -0.17074 -0.32998 0.05394 -0.063015 0.045965 0.073798 0.4788 -0.073636 -0.092225 -0.090509 -0.28385 0.049611 -0.056175 -0.070431 0.01681 0.2407 -0.15823 -0.021118 0.051543 0.18707 0.5878 0.19426 0.10773 0.13238 0.25989 0.26543 -0.21353 0.13538 -0.030687 -0.22813 -0.12422 -0.012366 0.16877 -0.36396 0.21574 0.0027997 0.08017 -0.12944 -0.033397 -0.0020627 0.025523 0.20911 0.32684 0.105 -0.070905 0.15171 -0.10003 0.0070804 0.089059 0.10217 0.017454 0.09765 0.00042067 -0.027078 -0.06375 0.2181 0.10394 0.2446 0.051109 0.17146 0.22391 -0.085614 -0.14268 -0.21313 -0.1581 0.10748 -0.037201 0.028046 0.10856 0.20792 -0.053838 0.021866 -0.061201 -0.026492 0.090236 0.11566 -0.11084 -0.089352 -0.061962 0.10897 0.12355 0.1165 0.13368 0.096315 0.072669 -0.048044 0.15749 0.061884 0.037969 -0.15982 -0.18582 0.042545 0.04526 -0.17719 -0.12545 0.061182 0.11421 0.093471 0.11153 -0.10467
0.035747 -0.0051017 -0.015044 -0.070886 0.14071 -0.13208 -0.13015 -0.10171 0.086698 -0.12291 0.0050038 0.06309 -0.12911 0.15094 -0.052227 -0.10709 0.0095594 0.020009 0.05537 -0.13652 0.032097 -0.013209 0.074619 0.0087055 0.068877 -0.020418 0.13043 -0.02055 -0.11109 0.084562 0.10241 -0.01403 -0.12266 -0.12726 -0.13062 0.089756 0.076141 0.16352 -0.0014861 0.090359 0.016405 0.072328 0.14276 -0.12948 -0.0029853 -0.12647 0.11562 -0.12186 -0.066281 0.090375 0.014683 -0.032277 0.03675 0.089386 0.007783 -0.085731 -0.15697 -0.061811 0.1343 0.097585 -0.047649 -0.13117 0.08149 0.032144 0.14663 0.029486 -0.036279 -0.035456 -0.041066 0.15029 0.0030498 0.066237 0.066676 -0.042516 0.09602 -0.023976 -0.15416 0.03679 0.14624 0.14268 0.068368 -0.12305 -0.086124 0.023877 -0.010996 -0.12302 0.10565 -0.14524 -0.0047095 0.13811 -0.1251 0.092469 -0.12348 -0.15368 -0.013301 0.13341 0.11245 -0.039649 0.097878 -0.0074191 -0.13186 0.041224 0.040022 0.10598 -0.081963 -0.13296 -0.062958 0.073751 0.073715 -0.13933 -0.095097 -0.08934 0.098343 0.11907 -0.05185 -0.055468 0.0005371 -0.1366 0.11455 -0.10941 -0.06911 0.086715 -0.10985 0.0039311 0.051407 0.051759 -0.12409 0.054975 0.11376 -0.1039 -0.066197 -0.082313 -0.016623 -0.011881 0.025829 0.062927 0.10275 0.13503 0.10757 -0.11972 0.052809 -0.10245 -0.08305 -0.089548 0.023471 0.05178 0.13142 0.14233 0.15452 -0.10544 -0.082173 0.1212 0.0066128 0.058555 0.086229 -0.13449 -0.10229 0.011533 0.028388 0.13517 0.078143 0.0043887 0.041894 0.044128 -0.011784 -0.11268 0.14766 0.019206 -0.093992 -0.1403 -0.035166 0.12256 0.103 -0.082213 0.0020596 0.13898 0.11729 0.061631 -0.11657 -0.02441 0.07151 0.094885 -0.058361 -0.027996 0.14522 0.061664 -0.094274 0.024378 0.024232 -0.006361 0.010425 0.091588 0.015945 0.0022237 0.038777 0.081835 0.057479 -0.049866 0.15085 -0.057297 0.087743 -0.027142 0.020981 -0.042381 0.15927 -0.1267 0.11269 0.062276 -0.01598 0.02663 0.14047 0.082856 0.10959 0.15029 -0.064952 0.032009 0.026357 -0.069199 -0.13422 -0.0089642 -0.084043 0.011737 0.03862 -0.13198 -0.064937 -0.13281 0.035567 -0.13906 -0.00062228 -0.045686 0.015412 -0.031095 0.11526 0.069079 -0.012888 0.0075143 0.015336 0.10732 -0.01028 -0.020064 0.086195 0.11631 0.10899 0.070971 0.05218 0.01606 0.062205 -0.1247
-0.13317 0.028268 0.032246 0.14505 0.12476 0.21097 -0.077608 -0.068439 -0.029249 -0.13182 -0.19203 0.051886 -0.14436 0.027702 -0.11793 0.077026 0.20071 0.10858 -0.048621 0.074649 -0.019101 0.10286 -0.05633 -0.12145 0.14841 -0.094519 0.11963 0.14992 -0.16148 -0.033669 0.13806 0.0029367 -0.017681 -0.053123 -0.15504 -0.04386 -0.0076989 -0.10136 0.062792 0.012125 0.12164 0.037819 -0.068932 0.14865 0.14037 0.11883 0.14368 -0.22377 0.073856 -0.028457 0.1092 0.05756 0.14322 0.026059 -0.0062343 0.13016 0.079542 -0.019873 0.096192 0.044603 -0.20942 -0.0019318 -0.19395 -0.049925 -0.18827 0.032491 0.083982 0.18443 -0.040937 -0.04177 0.17494 -0.01698 0.055217 0.18413 0.15428 -0.1035 -0.019087 -0.18165 -0.070237 -0.1193 0.079598 0.13167 0.095014 0.12777 0.070081 -0.0035242 -0.06959 0.059003 -0.048184 0.07953 -0.055656 -0.14365 -0.00098822 0.18114 -0.036004 0.071478 -0.11542 0.014381 0.023225 -0.063649 0.15104 0.10909 -0.032705 -0.056237 -0.10959 0.0085249 0.052474 -0.021913 0.029536 0.10826 0.16417 0.056964 0.031739 -0.053918 0.018473 0.095793 -0.071189 0.04501 -0.13024 -0.17035 -0.0083173 -0.11181 -0.04272 0.054833 0.004983 -0.051238 -0.12322 -0.21933 -0.078191 -0.0091894 -0.13851 0.012861 0.055649 0.084684 -0.0048846 -0.034099 -0.072697 -0.069634 0.09141 0.1257 0.013067 0.072299 0.093601 0.25302 0.24634 0.22427 0.32737 0.011471 -0.13192 0.088112 -0.057912 0.21473 -0.0017263 0.14156 -0.039317 -0.23127 -0.24537 -0.22318 0.1218 -0.17449 0.02096 -0.11529 0.11782 -0.042651 -0.028387 0.079443 0.04963 -0.074649 -0.16555 -0.051468 0.022789 0.23247 0.12637 0.26714 0.22899 -0.13088 0.12336 -0.05083 -0.0016898 -0.0095396 0.090221 0.00012298 -0.17917 0.11645 0.066217 0.040551 -0.091658 -0.16229 0.019014 0.060439 0.0033594 0.045444 0.209 0.018286 0.079661 -0.029375 -0.23004 -0.10237 -0.12899 -0.095865 0.034958 0.091586 0.12952 -0.14602 0.14603 0.011497 0.0001678 -0.025571 -0.06214 -0.078455 0.23025 -0.11881 -0.081005 -0.21327 -0.0063166 -0.15139 0.059207 0.079281 -0.014053 -0.071385 -0.19982 -0.10164 -0.079769 -0.02345 -0.10511 0.050666 -0.20734 -0.10708 -0.070213 -0.13053 -0.010372 0.056505 0.069776 -0.077614 0.18222 0.030072 -0.141 -0.023358 0.2502 -0.59513 -0.15921 -0.079854 -0.18687 -0.015631 0.033878 0.13364 0.023577 -0.16171
0.026623 0.02119 -0.047969 0.14117 -0.090489 0.25518 -0.042151 -0.023991 -0.091216 0.056833 -0.038881 -0.066338 -0.057721 0.067504 0.061014 0.062921 -0.11276 -0.14563 0.0026809 -0.15727 -0.01624 -0.13993 0.10278 -0.19614 0.066986 0.098809 -0.13885 -0.053612 0.028322 0.080536 0.081913 0.010203 -0.034758 0.044946 -0.028122 -0.063744 -0.10682 -0.13815 -0.17533 0.13514 -0.10373 -0.014913 0.052638 0.0038351 0.15433 -8.6495e-06 -0.012583 0.014601 -0.11856 -0.15955 0.012233 0.078834 0.13417 0.12973 0.10707 0.12588 0.11154 -0.044745 -0.08959 -0.16419 0.13459 0.030055 -0.16403 -0.02072 0.081906 -0.012154 0.0040386 -0.093301 0.087896 -0.14342 0.069896 -0.073412 -0.095818 0.0011592 -0.072656 0.070826 -0.10188 -0.21034 -0.18711 0.10255 -0.14681 0.011789 -0.17028 0.081832 0.031439 -0.099421 -0.14923 -0.11399 -0.13162 -0.067013 -0.023229 -0.039865 0.16456 -0.012141 -0.033516 0.10344 -0.0090034 0.17502 -0.11013 0.11877 -0.11818 -0.11779 0.013965 -0.0067251 -0.036383 -0.038641 -0.042419 -0.085539 0.038517 -0.012652 -0.15077 -0.10555 -0.16579 0.017955 0.086918 0.033838 0.16793 -0.077368 -0.0023935 -0.069423 0.23788 -0.1007 0.0076216 0.2392 0.043537 -0.16037 0.0018621 -0.1467 -0.052316 -0.2059 -0.034841 -0.13946 0.013012 0.10476 -0.13508 0.14449 0.051306 0.088444 -0.11441 -0.064761 -0.13673 -0.20111 -0.18883 -0.02426 -0.11154 0.027641 0.18349 0.04402 0.20963 -0.16896 0.10049 0.077565 0.092274 -0.13094 -0.12921 0.047287 0.023376 0.13906 -0.14157 0.016286 -0.13028 0.0071498 0.043927 0.078659 -0.098343 0.21057 -0.027137 -0.19035 -0.074423 -0.11654 0.0027189 0.020568 -0.045055 -0.004343 0.10748 -0.013455 0.0027413 0.10469 -0.032717 0.15306 0.073453 -0.18976 -0.12179 0.12954 -0.11231 0.23404 -0.067554 0.021947 0.12011 -0.086507 -0.037264 -0.12128 0.084306 -0.023584 -0.20773 -0.1689 0.036915 -0.090778 -0.026738 -0.013392 -0.045781 -0.23316 -0.16058 0.06766 0.10032 0.077828 0.023201 -0.12274 -0.00080005 -0.13824 -0.0091466 0.14268 -0.076754 0.030056 0.11978 -0.095596 -0.075138 0.097566 0.053833 -0.10742 -0.098861 0.023594 -0.08333 0.013564 0.11023 0.12273 -0.043421 0.08703 -0.10335 0.026452 -0.18672 -0.10623 -0.03416 -0.0062637 -0.14284 -0.04381 -0.047088 -0.035312 -0.025456 0.048236 -0.07425 -0.057946 0.090651 -0.16036 0.028086 -0.10977 -0.088667 -0.019471
0.12259 0.008435 -0.12096 -0.11651 -0.042673 -0.041528 -0.14061 0.15821 0.15648 -0.017911 -0.070953 0.15029 -0.032835 0.14349 -0.079162 0.01685 -0.057079 -0.067881 0.0071454 0.04417 -0.076935 -0.015312 0.035957 0.10366 0.11919 0.080026 0.10181 0.060876 -0.036594 0.0071555 -0.11782 0.056515 -0.15014 0.097435 -0.10574 -0.078984 0.086154 -0.12406 0.087703 0.098861 -0.032184 -0.12091 0.14948 0.049461 0.035295 0.072606 0.0088472 0.14887 -0.011747 0.029764 0.15243 0.0070985 0.009729 -0.12551 -0.08274 0.041916 -0.087126 -0.098404 0.12313 -0.10773 -0.071667 -0.091735 -0.025759 0.080398 0.12753 0.014236 -0.018149 -0.12871 0.10693 -0.10282 -0.038624 -0.081855 0.06701 0.070805 -0.10334 0.1226 0.08392 -0.0099017 -0.017231 0.099835 -0.028792 -0.10824 -0.10188 0.11499 -0.11174 -0.11797 0.042452 0.066197 0.066155 -0.069608 -0.1018 -0.10361 -0.090991 -0.12901 0.12156 0.02325 0.13394 0.0010971 0.15031 -0.15642 0.13254 0.051824 -0.12391 0.092852 0.11982 -0.14264 0.14852 -0.16301 0.045714 -0.14745 0.067626 -0.06378 0.074596 0.13176 -0.0020996 -0.086352 0.097727 -0.09231 0.004867 -0.0019952 -0.082783 0.13854 0.017181 0.010364 -0.018879 -0.0010936 0.040943 0.15288 0.023137 0.093759 0.14846 -0.13422 -0.0092208 0.11214 -0.065447 0.14082 0.1467 0.053547 -0.093407 -0.072983 -0.032512 0.025105 0.081284 0.08594 -0.13199 -0.09707 0.076157 0.039401 -0.070804 0.13467 0.023868 -0.13056 0.13717 -0.0096515 0.043481 0.035119 -0.0013444 0.0040382 -0.090874 0.090653 0.14349 0.10544 0.052296 -0.088467 -0.0042561 -0.079296 0.02639 -0.0016161 -0.10863 -0.14869 -0.045475 0.024044 0.053176 0.11396 0.12431 0.035262 0.13473 -0.039306 -0.086462 -0.14103 0.037218 -0.011465 0.13305 -0.068534 0.023956 0.13133 -0.032553 0.018262 -0.073174 -0.039427 0.031504 0.089957 0.14357 0.0055077 -0.0048753 -0.11283 0.11396 -0.031399 0.062502 -0.037914 -0.04144 0.027469 -0.036503 -0.13247 -0.10011 0.072413 -0.10741 -0.030923 0.1482 -0.13116 -0.090475 0.095287 -0.1102 -0.04738 -0.056307 0.13884 0.098185 0.14739 -0.10263 0.06066 0.075765 -0.02051 0.10027 -0.0046936 0.00074434 -0.033369 0.0087802 0.011164 0.073863 0.11806 -0.087047 -0.023421 0.12558 -0.11778 0.11855 -0.0029831 -0.11509 0.13862 0.13237 -0.027881 -0.099782 -0.01445 0.01545 0.03254 -0.1201 -0.054867 0.13119 0.098806
0.17275 0.026018 0.12804 -0.045454 -0.14406 -0.038783 -0.071635 -0.20751 -0.041732 0.078184 -0.19279 -0.0048648 -0.11335 -0.01694 0.024175 0.102 0.046166 0.043301 0.1778 0.033633 -0.0024676 0.032226 0.058489 -0.1427 -0.084668 -0.070464 -0.14236 0.10944 0.25643 0.016435 0.22385 -0.013827 0.026475 -0.0085585 -0.05199 -0.049176 -0.11873 0.032802 0.0078536 0.14862 -0.045604 -0.11928 -0.064853 0.18293 0.17307 0.12584 -0.12187 -0.24038 -0.16459 -0.21907 0.017334 0.10486 -0.069113 -0.10132 -0.055537 -0.061103 -0.025379 0.091591 0.0021778 0.052486 -0.21366 -0.13056 -0.030118 -0.13484 -0.035479 0.10978 0.0099067 -0.056725 0.049328 0.02422 -0.18662 0.0014826 0.072802 -0.060625 -0.27098 0.048049 -0.25276 -0.03351 -0.016498 0.058979 -0.0154 -0.07164 -0.042386 -0.077174 -0.036872 0.18179 0.16018 0.076346 -0.015352 -0.15383 0.028193 0.17017 -0.064119 0.13442 -0.13523 0.057388 -0.14068 0.16025 -0.11402 0.061556 -0.10576 -0.12566 0.12785 0.025747 0.0047885 -0.12119 0.12948 -0.020851 0.055782 -0.21129 -0.027669 -0.15747 -0.010464 -0.11369 -0.020702 -0.16228 -0.15856 0.032664 0.038086 0.11845 0.24274 0.037448 0.0048056 0.10117 -0.18459 -0.17419 -0.16084 -0.12029 0.052282 0.023183 -0.13195 -0.055186 -0.11599 0.02522 -0.064271 0.23153 0.23602 0.40057 0.045997 -0.11534 -0.35206 -0.32476 -0.097403 -0.1284 -0.027402 -0.16526 0.088433 0.16037 0.12204 -0.11933 -0.041144 0.019032 -0.12254 0.19737 0.035777 0.10906 0.080713 0.20383 -0.17677 0.010905 -0.14517 0.00013217 -0.043899 0.11993 0.19616 0.043638 0.055981 -0.39708 -0.47006 -0.31023 -0.44714 -0.25733 -0.18238 -0.18599 0.11606 0.013276 -0.12586 -0.056263 -0.034242 -0.11914 -0.12362 -0.32174 0.033143 -0.083653 0.17133 0.0787 0.0010275 0.041198 0.10678 -0.14761 -0.092066 -0.11289 -0.24633 -0.21357 -0.18889 -0.093286 -0.1275 -0.013983 -0.037451 -0.17094 -0.20734 -0.25514 -0.27637 -0.28671 -0.15477 -0.094683 -0.057439 -0.18629 -0.073042 0.070667 -0.10313 -0.13454 -0.22933 0.023269 0.25701 0.1164 0.15506 0.16047 0.35389 0.073853 0.20628 -0.069793 0.18253 -0.12598 -0.12333 -0.0060326 0.022026 -0.13903 0.098751 -0.038577 -0.15138 -0.31674 -0.13561 -0.0793 -0.11178 -0.14205 -0.13657 0.19305 0.010429 0.012906 0.18565 -0.042454 0.15629 -0.019269 0.0017705 0.17572 0.040908 -0.11703
-0.10459 0.11251 -0.12335 -0.064602 -0.011198 0.15568 0.019239 0.14328 -0.15309 0.067214 -0.19936 -0.12712 -0.11237 0.035999 0.053127 -0.03173 0.20935 0.14729 0.060208 0.11539 0.14746 -0.08816 0.012654 0.17469 -0.083502 0.052103 0.0478 0.072053 0.042275 0.14661 -0.071371 0.063149 0.045796 -0.12558 0.10684 0.16411 -0.11402 0.093324 -0.15953 -0.039322 -0.040171 0.09549 -0.029115 -0.0090346 -0.12684 0.0039541 -0.063079 0.1795 -0.016956 0.10159 -0.088685 -0.031716 0.15103 0.20608 0.12261 -0.08032 0.065507 0.086577 -0.0071443 0.094603 -0.1332 0.0038789 -0.15781 0.037929 -0.14901 -0.10225 0.074226 0.1284 -0.033835 -0.073516 0.080263 -0.078375 -0.14308 0.025829 -0.16409 0.040722 0.13962 -0.094347 0.0059846 0.13925 0.041814 0.06264 0.037618 0.082671 0.078663 0.063684 -0.11531 -0.024004 -0.055816 -0.062563 -0.15369 0.10589 0.14185 -0.089689 0.012453 0.016746 -0.090444 0.13787 0.018436 -0.067404 0.028976 0.0037413 0.062823 -0.1189 0.071177 0.07587 -0.04342 -0.07393 0.018924 -0.035864 0.094537 0.010937 -0.018683 -0.12583 0.085048 0.11325 -0.08684 0.12601 0.082208 -0.17368 0.005346 0.062088 -0.072478 -0.01651 0.13142 0.12559 0.061694 0.04452 0.096891 -0.014343 0.070063 0.010887 0.054405 0.028325 -0.099811 0.098041 0.00070696 0.091489 -0.014418 0.04253 0.09678 0.12397 0.038282 0.15339 -0.054425 0.046766 0.24247 0.07039 -0.060674 -0.038568 -0.02062 -0.10331 -0.11413 0.023509 -0.044469 0.034398 -0.16757 0.025028 0.0068678 -0.05293 -0.13355 -0.00093867 -0.013994 0.20656 -0.015131 0.16146 -0.063636 0.089291 -0.097181 -0.13353 -0.067286 -0.14443 -0.014882 -0.008061 0.1049 -0.099519 0.069042 -0.10772 0.11089 0.026583 -0.15455 -0.038652 0.069331 0.097084 0.10145 -0.13359 -0.089043 -0.17707 0.077089 0.019183 -0.024609 0.10557 -0.15934 0.061777 -0.11375 -0.15047 -0.13441 0.037569 -0.039333 -0.01499 0.15415 -0.042349 -0.03661 0.043088 -0.0072349 -0.058225 -0.13704 0.17169 -0.11047 -0.13872 -0.12565 0.040353 -0.18419 -0.022775 0.024543 -0.12472 0.20194 0.062531 0.1574 -0.032348 -0.075446 0.15058 0.06096 -0.055469 0.13993 -0.017189 0.16217 0.14574 0.049457 0.001229 0.054891 -0.014123 0.01442 0.079666 -0.074244 0.089871 -0.034951 0.0069388 0.18719 -0.083102 0.16232 0.091313 0.0010322 0.096508 -0.11132 -0.06029 0.040513 0.028637
0.17835 0.17279 0.04033 -0.10088 -0.11696 -0.15634 0.12141 -0.0058445 -0.0068339 0.065794 -0.14274 -0.092322 0.087525 -0.085619 0.00099521 0.09917 -0.037804 0.056397 0.13979 -0.083668 -0.069321 -0.12265 -0.091075 -0.12668 -0.19154 0.038082 0.10902 -0.029914 0.071598 -0.081995 -0.070193 -0.1526 0.11573 -0.036691 0.16604 0.1566 -0.031608 0.077644 -0.13562 0.048502 -0.05371 -0.054172 0.11727 -0.018787 0.033807 0.084783 0.12669 -0.05091 0.051758 0.14216 0.048661 -0.13105 -0.0080455 0.060604 -0.033911 -0.15327 -0.15694 -0.12751 -0.14836 0.050044 0.11096 0.032132 0.018721 0.11288 -0.054304 0.19171 -0.011392 0.11838 0.0062291 0.08635 0.055456 0.083677 0.064071 -0.083728 0.037997 -0.011322 -0.020143 -0.01208 0.043185 0.06669 0.098567 -0.13854 -0.11554 -0.11941 0.08994 -0.12339 0.18856 -0.05015 -0.10787 -0.074549 0.17058 0.1996 -0.079469 0.033085 0.050629 -0.13384 0.058003 -0.041908 0.018629 -0.084103 0.023889 0.064722 0.046858 -0.044261 0.15232 0.16362 0.089472 -0.008165 -0.015483 -0.086654 0.046515 -0.10594 -0.023356 -0.088507 -0.15044 -0.15879 -0.094389 0.04939 -0.16408 0.026451 0.10865 -0.045184 0.07301 -0.058145 -0.07976 -0.045865 -0.072468 -0.0017012 -0.021909 0.1311 -0.149 0.028034 0.055654 0.082945 0.0046198 0.26666 0.22819 0.22607 -0.020489 0.10839 -0.080457 -0.081613 -0.11355 -0.16665 -0.042902 0.039179 0.020418 -0.094111 0.19713 -0.087705 0.097408 -0.040993 -0.16524 0.053597 0.13985 -0.025997 -0.17301 0.061998 -0.1425 0.15075 -0.11885 0.10684 -0.028921 0.2101 -0.10776 0.26449 0.11602 -0.094651 -0.034492 -0.15895 -0.20083 0.011217 -0.023545 0.021243 -0.082782 0.14785 -0.011701 0.082304 -0.023727 -0.10463 0.1068 -0.3327 0.13375 0.1129 0.10052 0.10013 -0.1557 -0.11749 0.069719 0.13351 -0.0068681 0.070436 -0.0016883 -0.15249 -0.16248 -0.18136 0.12192 0.086391 0.064845 0.022684 -0.063835 -0.14962 0.12095 0.0707 -0.038671 0.26216 -0.057371 -0.12819 0.14424 -0.015605 -0.021813 0.097797 0.014458 -0.022448 0.08161 -0.11437 -0.053958 -0.092179 -0.066856 0.034918 0.003167 -0.077064 -0.014644 0.13348 0.1562 0.1227 -0.096775 0.071969 0.10765 0.00032955 0.017448 -0.13671 -0.054324 -0.19734 -0.19171 -0.19026 -0.19395 0.034474 -0.054631 -0.14674 -0.011218 0.007761 0.11788 0.014798 0.15277 0.033279 0.13479 -0.001575
-0.097151 0.13931 -0.092156 -0.10876 0.074381 0.15855 -0.12635 -0.18132 -0.082247 -0.10562 -0.10593 0.051829 0.033086 0.099156 0.08016 0.16514 0.099783 -0.1612 0.062959 0.025242 -0.14489 -0.12264 0.13078 -0.096745 -0.11432 0.048597 0.026043 0.023499 0.0021964 -0.10517 -0.011336 -0.027029 -0.093624 0.080326 -0.10207 -0.030866 -0.047932 0.058452 -0.11158 -0.032967 0.055174 -0.096822 -0.077844 0.16614 0.14488 0.043728 0.076365 -0.084317 -0.1641 0.016167 -0.14703 -0.0024636 -0.065545 -0.13621 0.082534 -0.15452 0.0022929 -0.073563 -0.0074673 0.034738 -0.069508 0.02131 -0.086102 -0.063624 0.046931 0.018273 0.015815 0.12669 -0.099632 0.038002 0.080195 -0.056653 -0.080793 -0.16184 -0.082219 0.082131 0.026891 9.707e-05 0.053644 0.021252 0.12008 -0.15385 -0.18038 -0.13622 -0.040054 -0.1347 0.070522 0.034616 -0.16406 -0.075836 0.12888 -0.060251 0.13897 0.028568 0.15152 0.043325 0.011296 0.0035636 -0.037455 0.035617 0.007307 -0.12332 0.08863 0.04923 -0.068538 0.10008 -0.029535 -0.049386 0.013397 -0.042002 -0.014503 0.0078569 -0.1416 -0.16948 0.010303 0.12049 -0.13062 0.013733 -0.1171 -0.059178 -0.077778 0.14396 0.019558 -0.11702 0.099148 0.092174 -0.074663 -0.046194 0.14618 0.15059 -0.11708 -0.019291 0.034304 0.15661 -0.13348 0.11443 -0.046719 0.021889 0.036222 0.072728 -0.071931 -0.15254 -0.012893 -0.054331 -0.075792 -0.15139 -0.013568 0.13879 0.0064123 0.12881 0.034696 -0.02581 0.042272 0.02122 -0.095299 0.079245 0.01734 -0.089561 0.064839 -0.012563 0.17036 0.047107 0.085839 0.07504 0.062355 -0.079913 -0.12268 0.12594 0.035411 0.0209 0.090717 -0.030898 -0.11894 0.080207 -0.020141 0.10388 -0.0040942 0.10452 0.040205 0.016855 0.015449 0.036665 0.0062918 -0.10174 0.14623 0.037948 -0.010107 -0.046829 0.017155 0.10082 0.084734 -0.058168 0.0021919 -0.030138 -0.094976 0.081085 0.0024153 -0.091424 -0.063961 -0.062088 0.083565 -0.017886 0.12966 -0.030467 -0.10009 -0.067441 -0.10689 0.12363 0.07128 -0.11918 0.15625 -0.083132 -0.09965 -0.026509 -0.12986 -0.0445 -0.069597 -0.19014 0.070648 -0.12054 0.15671 -0.069804 -0.12853 -0.0093061 0.037615 -0.020537 0.012923 -0.0013415 -0.077303 0.097911 0.14309 -0.13323 -0.045988 -0.03014 -0.0063402 -0.020623 -0.1265 -0.0075782 -0.19549 0.042496 -0.05097 -0.095711 0.028516 0.11962 0.068623 -0.10475 -0.094041 0.15033
-0.024101 0.0049391 0.15866 0.097155 0.15735 0.15463 -0.096093 0.057696 -0.19333 -0.045063 -0.15242 0.024538 0.031138 0.01306 0.022523 -0.13516 -0.12572 -0.1032 -0.1323 -0.15279 -0.20493 -0.12683 -0.18471 0.097552 0.15091 0.10807 -0.031941 0.077506 0.0096948 0.20452 0.086682 0.093107 0.068974 0.088383 0.062592 -0.011792 -0.15343 -0.18765 -0.22529 0.0033016 -0.21619 -0.020604 -0.099449 0.02183 0.059224 0.01901 0.062931 -0.14648 -0.22803 -0.060352 -0.20891 -0.061911 0.1065 0.042993 0.154 0.11127 0.043968 -0.080966 -0.091362 0.037461 -0.12696 0.099083 -0.05552 -0.019257 0.13103 -0.016712 -0.12252 0.0081909 -0.22766 -0.17548 -0.085177 -0.0099787 -0.17062 -0.14726 0.083916 -0.075525 -0.076158 -0.010941 -0.077038 0.10285 -0.014183 -0.057298 -0.080628 0.065502 0.12317 0.062118 -0.13921 0.041077 -0.023264 -0.037616 0.069372 -0.077664 -0.13471 0.10055 -0.045994 0.034417 -0.098692 -0.079215 -0.082919 -0.13228 0.051743 0.04684 -0.0089363 -0.013282 -0.19413 0.095305 -0.10382 0.023051 0.10826 -0.13585 0.14242 -0.11523 -0.10327 -0.014926 -0.11988 -0.012562 0.040924 -0.10789 0.11916 -0.18847 0.088106 -0.099646 -0.050836 -0.018781 0.19691 0.048391 -0.046492 -0.14379 -0.11494 -0.025234 0.051559 -0.0097118 0.034992 0.086886 -0.10623 0.00583 -0.093693 0.045837 -0.13566 -0.19556 -0.048646 -0.13785 -0.14091 0.18383 0.18227 0.25748 -0.041679 -0.052724 -0.022084 -0.0059505 0.066684 0.18239 0.10264 0.01102 0.098932 0.076211 -0.016495 -0.073634 -0.09341 -0.027872 -0.063193 0.017737 -0.049373 0.10418 -0.030064 0.15209 -0.0051089 0.07224 -0.0042418 -0.14759 0.063807 0.25534 0.1635 0.040098 0.08313 -0.14535 -0.13405 0.041621 -0.031586 0.14658 0.12873 -0.032228 -0.034654 0.18641 0.20877 -0.070541 -0.042772 -0.020633 -0.1945 -0.18234 -0.12055 -0.01655 0.045964 -0.039427 -0.12252 -0.15627 -0.12005 -0.067277 0.059639 -0.11226 -0.12852 0.084741 0.074405 0.11353 0.19182 0.096717 0.086513 -0.071412 -0.049064 -0.14048 -0.064704 0.039631 -0.050187 0.0008805 0.07005 -0.0047306 0.083708 0.1858 -0.08096 -0.064482 0.11971 -0.052269 -0.113 0.095043 -0.035568 -0.14145 0.016267 0.085226 0.02597 0.18115 0.024738 0.12269 -0.047761 0.12481 0.083229 0.081692 -0.014911 0.019366 -0.18331 0.020947 -0.092997 -0.057425 0.14721 -0.016866 0.086592 -0.17942 -0.15721 -0.11815
0.12307 -0.012364 -0.12433 0.057581 0.16101 0.025767 0.11242 0.018239 -0.0023603 0.074612 -0.051047 -0.068861 -0.046313 -0.014349 0.1695 0.046287 -0.18868 -0.028692 -0.10024 0.083675 -0.058968 -0.062774 0.046333 0.20951 -0.11624 0.026146 -0.066409 -0.0082727 0.11371 -0.076269 0.098548 0.216 0.15027 -0.015988 0.16618 0.16816 0.051755 -0.099148 -0.041568 -0.069332 0.1196 -0.079292 -0.13757 -0.1182 -0.16067 -0.19908 -0.048025 0.041454 0.049241 0.01424 -0.16725 -0.21237 -0.0040034 0.045947 0.0086828 -0.094361 -0.097346 -0.14479 0.14088 0.042843 0.037713 0.19725 0.029325 0.16594 0.12788 0.16198 -0.077932 0.01606 -0.045919 0.08038 -0.10203 -0.10949 -0.12375 0.084695 -0.021803 -0.10023 0.040049 0.14814 -0.065126 0.0098139 -0.026669 -0.097467 0.17031 -0.065042 0.075506 -0.072006 0.14019 0.12432 0.062377 0.11092 0.069686 0.11998 -0.088802 0.10765 -0.039549 0.15013 0.21645 -0.051612 0.0054199 -0.14759 0.015907 -0.0017582 -0.15838 0.057036 -0.075688 0.12573 0.031125 0.086981 -0.18643 0.0027956 -0.092622 0.10838 -0.094302 -0.039939 0.074881 0.13073 0.01967 -0.074762 -0.088347 0.022667 0.087337 0.17571 0.18704 0.08364 0.043849 -0.010301 0.048566 -0.050247 0.14307 0.055782 0.020374 -0.039566 0.071931 0.063816 -0.16142 0.0039954 0.035516 -0.20745 -0.14968 -0.18895 0.15278 -0.09869 -0.0082829 -0.10539 0.010481 -0.21479 -0.065661 0.021573 0.052847 0.15586 0.18747 -0.087293 0.013654 -0.085624 0.0026501 -0.0028045 0.094099 0.038403 0.099844 -0.13019 0.00012499 0.043187 0.092255 -0.1072 0.025342 -0.046665 -0.023399 -0.10046 -0.14665 -0.13793 -0.06201 -0.14132 0.0046134 0.057171 0.022073 0.027415 -0.1663 -0.010705 -0.095696 -0.027504 -0.07717 -0.15768 -0.074744 0.0078442 0.12616 0.10073 -0.16014 0.001798 0.097148 0.043605 -0.038285 0.091051 -0.010035 -0.036607 0.10117 0.13258 0.034882 0.15845 -0.074228 -0.048145 0.16315 0.011218 0.034004 0.12098 -0.066049 -0.035321 0.023476 0.10599 0.031325 -0.060061 -0.020186 0.12504 0.005682 0.10907 0.069225 0.085683 -0.098319 -0.15135 -0.14611 -0.029809 -0.016682 -0.19015 -0.11151 -0.1204 -0.056788 0.079302 0.24235 0.028589 0.0078349 0.11352 -0.19336 0.051909 -0.04489 -0.10173 -0.075115 0.15148 -0.057269 -0.18104 -0.062887 0.3948 0.095006 -0.023648 -0.1151 0.053736 0.10437 -0.060019 0.12186 0.11383
0.14069 0.0037116 0.06058 -0.049573 -0.086921 -0.15669 0.012874 0.20504 0.37379 -0.053275 -0.042567 0.23385 -0.060246 -0.18337 -0.28475 -0.46117 -0.10441 -0.2779 -0.06933 0.073208 0.060477 -0.0033766 0.12243 -0.18295 -0.13841 -0.16497 0.095428 0.2565 -0.16121 -0.028675 0.020473 0.15213 -0.1191 0.088655 0.29344 0.26016 0.23099 0.16864 0.064033 0.039871 0.17992 -0.031011 -0.14728 -0.4019 -0.34596 -0.034577 -0.16473 -0.0078073 0.30586 -0.018991 -0.041343 -0.13055 -0.19016 -0.011764 -0.18516 -0.032943 -0.047562 -0.1425 0.083128 0.079432 -0.15875 0.074657 -0.01382 0.063166 -0.10188 0.028445 0.11282 0.013925 0.054459 0.039934 -0.048618 0.15342 0.073712 -0.011023 -0.14012 -0.10509 -0.048579 -0.17735 -0.015923 -0.018992 0.080139 -0.020982 0.0077144 -0.050903 0.1307 -0.044164 0.19789 0.0083514 -0.009455 0.090234 -0.06268 0.26776 0.10799 -0.028323 -0.083288 0.051322 -0.050253 0.041589 -0.080995 0.07948 0.13275 -0.021225 -0.088385 -0.053231 0.14884 0.10513 -0.041552 0.044462 -0.21714 -0.086924 0.13604 -0.045804 -0.0079237 -0.13085 -0.22339 -0.12081 -0.093008 -0.022856 0.1325 0.063056 0.0072515 -0.13808 -0.063845 -0.11627 -0.011005 0.19923 0.25716 0.20333 -0.073608 0.13487 0.10282 0.21968 0.29455 0.069988 -0.11708 -0.3983 -0.43516 -0.24193 0.025694 0.13662 0.17728 0.2322 0.31011 0.31208 0.18463 0.25491 -0.19343 -0.10758 -0.10687 -0.17656 -0.050821 -0.17686 0.16433 -0.046342 0.080711 0.22583 -0.10911 -0.11347 0.086757 0.019463 0.25637 -0.091374 -0.0021696 -0.19717 -0.53163 -0.26545 -0.016751 0.44744 0.4793 0.54949 0.15022 0.051922 -0.07018 0.034615 0.012367 -0.17251 -0.45423 -0.11887 0.14852 0.029524 0.096474 0.066723 -0.027746 0.15224 -0.072789 -0.010077 0.010485 -0.013791 0.035555 -0.14958 -0.11277 0.027582 0.0064089 0.16742 -0.0096133 0.008771 -0.1305 -0.0092591 -0.11689 -0.070452 -0.092345 0.13177 0.0048036 0.15529 0.097624 0.18368 -0.09631 0.16988 0.12378 -0.069246 0.17308 0.046195 0.064694 -0.046499 0.063241 0.13502 -0.053584 -0.19713 0.25074 0.19207 -0.10611 0.045242 -0.046382 -0.1274 -0.16325 -0.16251 -0.1672 -0.27615 0.011926 0.023349 0.042864 0.15765 0.15109 0.075164 -0.13933 -0.12553 -0.15987 -0.19759 -0.10139 0.10968 0.06606 -0.036069 0.17422 -0.017042 0.17942 0.24843 -0.15464 0.16252
-0.10547 0.17842 -0.092922 0.10297 0.21692 0.15506 -0.023626 0.34386 -0.1274 0.03997 0.12564 -0.18 0.12579 -0.033197 -0.092237 -0.46382 -0.23426 -0.23319 0.062256 0.19217 0.34323 0.22297 0.068749 -0.15584 -0.3474 -0.16995 -0.18489 0.2637 -0.28958 -0.18431 -0.044322 -0.0097542 -0.18924 0.22187 0.02357 0.33448 -0.004862 0.045338 0.12886 -0.17172 0.11165 0.14323 -0.28338 -0.6301 -0.076657 0.099279 -0.17351 0.25214 0.4943 0.38958 0.29959 -0.18161 0.14428 0.049177 0.22633 0.097098 -0.080626 0.22896 -0.11977 -0.083686 -0.17661 -0.051183 -0.024715 -0.072927 -0.29098 0.059638 0.082994 -0.0074339 0.093382 -0.071177 0.073038 0.038383 0.072677 0.1276 0.13345 0.0081468 -0.0057519 -0.0067849 -0.064125 0.10071 0.042386 0.12909 0.080304 -0.043184 -0.10728 0.094738 0.02639 -0.0026239 0.14268 -0.019829 -0.18156 -0.17632 -0.1168 -0.090105 0.0019457 -0.21558 -0.14284 -0.074644 0.089193 -0.24554 -0.17128 0.035131 -0.11266 -0.091664 -0.051384 0.029693 -0.24245 -0.095463 0.029903 0.35479 0.012748 0.27769 0.15196 0.12964 0.19837 0.24369 0.092247 0.24177 0.14261 0.19594 0.0062654 0.19006 0.20806 -0.017282 -0.066045 -0.17464 0.35689 0.23078 0.38249 0.10092 0.11558 -0.17296 -0.064214 -0.40581 -0.50885 -0.58303 -0.45112 -0.82562 -0.10251 0.53414 0.84741 0.4887 0.12246 -0.42391 -0.25148 -0.57616 -0.081416 -0.1828 0.089858 -0.1072 0.0047965 -0.20949 0.12259 0.036538 0.21052 0.23533 0.18546 0.19338 0.40154 -0.091334 -0.061815 -0.14067 -0.44738 -0.86008 -0.31901 -0.92537 0.16117 0.57764 0.84582 0.6829 0.28659 -0.058181 -0.22626 -0.38356 -0.18865 0.12616 0.15487 0.075031 0.10662 -0.044529 -0.021024 0.42779 -0.11736 -0.20979 -0.36592 -0.3921 -0.24485 0.099444 -0.17624 -0.14426 -0.079022 -0.1061 -0.23944 -0.033206 0.070808 0.001722 0.010253 -0.045234 0.086426 -0.2248 -0.067638 0.016098 0.16135 0.16524 -0.070364 0.10133 -0.18309 0.15127 0.088325 0.16444 -0.10056 0.16119 0.21716 0.037269 -0.27797 0.059995 -0.1416 -0.12597 -0.1754 0.030405 -0.032975 0.0057007 -0.099278 -0.12994 -0.031773 -0.2441 -0.086915 -0.40901 -0.36526 -0.08652 -0.023716 0.18364 0.1437 0.04558 0.015055 -0.17923 -0.14695 0.050461 0.25646 -0.52013 -0.049913 0.066123 -0.020148 0.18496 0.14447 0.25536 -0.031437 -0.029785
0.013286 0.16172 0.11348 -0.010894 -0.27068 -0.053141 -0.060265 -0.14011 -0.19668 -0.11623 -0.14326 -0.033031 0.008115 -0.081735 -0.066323 0.29344 0.21669 0.16851 0.0055425 0.081535 0.1294 -0.048543 0.023995 -0.054993 0.11437 -0.015971 -0.1531 -0.023745 0.23537 0.022059 0.33348 0.048626 -0.022253 -0.069835 -0.03867 -0.084827 -0.38733 -0.032854 -0.22214 0.03379 -0.20077 -0.13458 -0.066851 0.2608 -0.13171 0.031498 0.22163 -0.13944 -0.068315 -0.11337 -0.11862 0.0049669 -0.22866 0.023144 -0.026577 0.16425 0.12757 -0.057718 0.019384 -0.12354 -0.19039 -0.057113 0.025251 -0.051695 -0.055871 -0.20566 -0.20053 -0.12038 -0.32331 -0.14995 -0.025229 -0.12923 -0.11014 0.18375 -0.078124 0.079172 -0.12144 0.09562 -0.021539 -0.020236 0.084581 0.039995 -0.10256 0.033778 0.18529 0.10711 0.020321 -0.025124 0.033946 0.028037 -0.20264 0.061998 0.14401 0.23437 -0.060032 0.073531 0.1132 -0.031247 -0.14893 -0.31734 -0.27288 -0.075057 -0.19446 -0.1137 -0.062623 -0.22787 -0.057699 0.037249 -0.20716 0.051713 -0.037656 -0.075946 -0.092966 0.014119 -0.20578 -0.098676 -0.082851 -0.19563 0.134 0.14214 0.1351 0.15883 -0.071006 -0.14912 -0.13847 -0.18653 -0.31605 -0.16189 -0.00061694 0.19151 -0.05851 0.11327 -0.08315 -0.17529 0.028647 -0.25993 0.16977 0.24376 -0.064658 -0.073912 -0.15134 -0.056854 -0.032681 0.0062127 0.12433 0.11659 0.047143 -0.11804 -0.049537 -0.056311 -0.065178 0.16796 -0.23085 0.11718 -0.28041 -0.11808 -0.17903 0.056529 -0.055232 0.14701 -0.19297 0.0061622 -0.17706 -0.13755 0.010634 0.076148 0.081792 0.088535 -0.10665 0.11169 0.16367 0.052725 -0.0090048 0.085269 0.30356 0.20162 -0.17912 0.016025 -0.16633 0.092194 -0.0031326 0.2402 0.066897 0.050164 -0.075152 -0.097907 -0.17057 -0.088637 -0.15718 -0.21002 -0.3658 0.045784 -0.095332 0.12845 -0.026205 0.14437 0.086329 0.1893 0.16031 0.049006 0.1643 0.13539 0.13013 -0.071136 0.024158 -0.04588 0.038635 0.10138 -0.06063 0.002054 -0.18966 0.16476 0.0215 -0.018326 0.22155 -0.024783 -0.062014 0.18176 0.00054731 -0.12669 -0.18333 -0.099943 -0.068488 -0.13202 -0.1449 -0.23197 -0.10964 -0.074182 -0.095139 0.098147 -0.10392 -0.067365 0.019483 -0.063569 -0.099923 -0.059614 -0.26101 0.17066 0.15744 -0.1378 0.10815 -0.0037502 0.11385 0.084036 0.0013312 -0.063629 -0.061469 -0.087155
0.10021 -0.08432 0.15705 0.004693 0.021436 -0.13169 0.069625 0.13851 -0.021841 0.001947 -0.18082 0.10549 -0.13903 -0.08708 -0.10249 -0.11008 0.041413 -0.0037665 -0.13004 0.0022026 0.11084 0.074755 -0.087939 -0.020607 -0.04815 -0.062409 0.22262 0.036558 -0.052992 -0.046508 -0.16953 0.1538 0.095561 0.13803 -0.038903 0.10102 0.094729 0.041788 0.025806 -0.18258 -0.22508 -0.20659 -0.18405 -0.35303 -0.29058 -0.15973 -0.042791 -0.039027 0.037209 0.050383 0.08342 0.063568 0.091841 -0.10471 -0.030318 0.095968 -0.16471 -0.07557 0.092473 0.084817 0.074767 -0.093791 -0.039941 0.093489 -0.094612 0.074604 -0.24332 -0.05481 0.12042 -0.069161 -0.040757 0.10775 -0.16484 -0.11644 -0.012116 -0.017659 -0.083519 0.20683 0.17287 0.16995 -0.0032143 0.076183 -0.059307 0.026456 -0.095829 0.09864 0.013372 -0.19216 -0.05974 -0.077318 0.074255 -0.03802 0.050011 -0.035811 -0.00083806 -0.075584 -0.12821 -0.020909 0.0029044 -0.072685 -0.13454 0.13186 -0.19784 0.093617 -0.20719 0.021524 -0.30212 0.020015 -0.094103 -0.16174 -0.039481 -0.029062 0.014966 0.046836 -0.094934 -0.042386 0.18273 -0.0534 -0.1115 0.021379 0.0253 -0.025895 -0.095358 0.12344 -0.083519 0.1569 0.27879 -0.12573 -0.13751 0.001599 -0.063801 0.046396 0.05956 0.20143 -0.02315 0.025612 -0.17257 -0.18871 0.16903 -0.032656 0.0090354 0.0019634 0.1954 0.20319 0.044616 0.052628 0.075787 0.073777 0.039134 -0.010537 -0.058718 0.0090606 0.078187 0.10757 0.36052 -0.077338 0.063325 -0.24188 -0.28883 -0.19909 -0.12412 -0.11851 -0.14018 -0.18729 -0.19153 -0.26547 -0.18207 -0.060987 0.086819 0.15942 -0.024054 0.069147 -0.1083 0.012332 0.022028 -0.1476 0.096988 -0.2327 0.11925 0.1034 0.093016 -0.19148 0.13752 0.10604 0.09787 -0.28589 -0.19132 0.045613 -0.094393 0.01038 -0.017011 -0.066722 -0.10599 -0.10075 0.087104 0.11433 0.059071 0.11836 -0.087291 0.017403 0.10159 0.1748 -0.10548 -0.087862 -0.16987 0.034784 -0.18817 -0.056074 -0.075088 0.093917 -0.0069984 0.056826 -0.17689 -0.19397 0.18988 -0.026556 0.17419 -0.062471 -0.28883 -0.16797 -0.058607 -0.073126 -0.069273 -0.21833 0.11375 -0.15066 0.015596 -0.080621 -0.082907 -0.016542 0.10571 0.17358 0.028435 -0.12387 0.097468 -0.30869 0.014797 -0.048746 -0.12472 0.56454 -0.018855 0.11557 0.087655 -0.07209 -0.27917 -0.035574 -0.13927 -0.1657
-0.044321 -0.015957 0.11709 -0.059994 0.0033208 0.024133 -0.091005 0.032459 0.0274 -0.19037 -0.037981 0.02911 -0.13288 -0.10895 0.022375 0.11295 -0.17616 -0.13515 -0.063008 -0.17128 -0.050963 -0.1435 -0.05024 -0.035218 -0.20459 -0.1281 0.018926 -0.0047498 -0.086676 -0.12432 -0.029628 -0.15331 0.0013415 0.049407 0.033419 0.11112 0.046285 -0.010657 -0.004204 0.11049 -0.050618 -0.093641 -0.05896 -0.095522 0.11358 0.041142 0.058644 -0.10538 -0.075985 0.11662 -0.12662 -0.017535 -0.15488 -0.13318 -0.034273 0.054976 -0.099614 0.025364 -0.10374 0.03324 -0.079195 -0.050162 0.0079625 -0.043778 -0.044941 0.097234 0.034124 -0.11747 0.086023 -0.093692 0.08565 0.080014 0.14023 -0.065506 -0.16143 -0.013877 -0.07801 0.11775 0.10061 0.061235 -0.16293 0.10476 0.0093353 -0.079722 0.07349 -0.19197 -0.12586 -0.15922 -0.12311 -0.062694 -0.026172 -0.026447 0.025776 0.10156 -0.13957 -0.042665 -0.0058676 0.012196 -0.073402 0.20782 0.069222 0.17848 0.11422 0.15439 0.056411 0.04123 0.066722 0.098769 0.13029 0.00071417 -0.11667 -0.00039617 0.057926 -0.10168 -0.032832 -0.034374 0.098149 -0.1069 -0.14855 0.1335 -0.0099865 0.071212 -0.10288 0.17715 0.092626 -0.067053 0.11657 -0.1731 -0.088898 -0.12578 0.027762 -0.067803 0.091193 0.02227 -0.01763 0.084077 0.068291 0.19008 -0.086937 -0.084233 -0.065401 -0.13553 0.037044 -0.15972 -0.1343 0.084237 -0.045896 0.10659 0.089128 0.0067852 -0.13891 -0.13004 -0.0062243 0.092952 -0.006648 0.14608 -0.059092 -0.081076 -0.072739 -0.087822 0.12023 0.092403 0.09055 -0.061299 -0.068624 -0.095379 -0.099733 0.012584 -0.090186 -0.1215 0.14498 -0.11615 -0.005843 -0.1126 0.044704 -0.081585 -0.086546 -0.12377 -0.087417 0.010182 -0.11405 0.129 0.027203 -0.025796 -0.023594 -0.08098 0.10518 -0.0095134 0.16587 -0.10619 0.10024 -0.087904 -0.037881 -0.10728 0.0032788 0.10324 0.010308 0.10901 -0.1213 -0.038361 0.11235 -0.031698 -0.047808 -0.053675 0.074397 0.10836 0.11897 -0.070269 -0.11428 -0.096038 -0.12053 0.11186 -0.010033 -0.072261 -0.081881 -0.15119 -0.15276 0.029619 0.16169 -0.052428 0.15317 -0.025017 0.0056014 0.064738 0.030852 0.13371 -0.11183 0.10052 0.051409 0.075009 0.024982 0.046825 -0.095079 0.1178 -0.03352 -0.0027566 -0.12619 0.024539 -0.15327 -0.1239 -0.13683 -0.028319 -0.011267 -0.11726 0.076078 -0.054096 -0.17215 0.073766
0.064808 -0.042178 -0.0092139 0.12968 -0.0057999 0.075736 0.17042 0.19149 -0.013026 0.037438 -0.040314 0.00018207 -0.055178 0.17979 -0.092612 -0.14141 -0.19744 -0.05255 0.060333 -0.065145 -0.096913 0.14575 -0.069945 0.13401 -0.013295 -0.058521 -0.053079 -0.014153 -0.16792 -0.13784 0.051577 -0.094785 -0.14192 -0.15028 0.046926 0.091718 -0.08052 0.048203 0.13972 -0.019592 -0.016733 -0.11589 0.14805 0.028369 -0.00069051 -0.096048 0.10667 0.16467 0.078761 -0.058314 0.19362 -0.033289 0.013103 -0.00044102 0.14068 0.13689 -0.11743 0.10093 0.0098946 0.18278 -0.13408 -0.062923 0.033293 -0.10961 -0.065704 0.090412 0.099319 -0.14147 -0.026289 0.1656 0.15549 -0.090357 -0.10863 -0.11644 -0.15051 0.17037 -0.13929 0.15071 0.046056 -0.029123 -0.034968 -0.14343 -0.091639 -0.12821 0.097833 0.11358 0.0073504 -0.13496 0.086874 0.10387 -0.096094 -0.16733 0.049511 -0.073335 0.13274 0.038497 0.0045451 0.061919 -0.014722 0.07946 0.034146 0.17326 0.15625 -0.0099701 0.01277 0.13019 -0.092954 -0.03459 0.082326 -0.046709 0.03731 0.11508 0.11726 0.1482 -0.071743 0.053094 0.044119 -0.049946 -0.092808 -0.049284 0.028111 0.12856 -0.0092903 0.04994 0.16029 0.046952 0.19965 -0.052435 0.021045 -0.10816 -0.10045 0.035908 0.11836 -0.035488 -0.065262 0.035183 -0.03935 -0.035048 0.10846 -0.058787 0.13481 0.044932 -0.14848 0.07959 0.07273 -0.16683 -0.1372 0.14421 0.045528 0.0225 -0.11779 -0.18491 0.099191 -0.13343 0.032327 0.011242 0.048959 0.016805 -0.10602 -0.047529 -0.1443 0.11946 0.028274 -0.15153 -0.050864 -0.083977 -0.011695 0.014338 -0.042458 0.15307 -0.141 -0.0070852 -0.18641 -0.062432 0.11955 0.16226 0.023965 -0.026975 -0.054529 -0.070908 -0.029327 -0.16942 -0.082031 -0.042855 0.043042 0.059907 -0.074577 0.14363 -0.049458 0.010836 -0.057431 -0.027342 0.061921 -0.19316 0.10301 0.015116 -0.0036061 -0.025445 -0.088622 -0.047171 0.12784 0.10874 0.024696 -0.013422 0.088098 0.13832 0.022416 0.031812 0.080489 0.094547 0.10846 0.035614 -0.066141 0.080668 -0.13397 -0.069013 -0.029374 -0.03212 -0.027507 -0.040164 0.0035323 0.015208 0.020787 0.012847 0.036394 0.057555 -0.07697 -0.05243 -0.12344 0.14981 0.015168 -0.0031493 -0.11691 -0.076707 0.10844 0.091236 0.037628 0.037089 0.12219 -0.17079 -0.0078495 0.065593 -0.11888 -0.047714 0.018433 -0.088222 0.11022 -0.055929
-0.099569 0.12062 0.017436 -0.12316 -0.0013429 -0.12095 -0.023178 -0.017547 -0.079949 0.03755 0.085102 0.020808 -0.098312 -0.11674 -0.051532 0.095425 -0.11066 -0.13389 -0.051734 -0.059247 0.1285 -0.098812 -0.0058558 -0.022417 -0.10191 -0.097409 -0.072264 -0.053488 0.079745 0.14579 0.047126 -0.045897 0.058706 0.034808 0.07018 -0.007022 -0.03141 0.0081573 -0.053962 0.14298 -0.1423 -0.1012 -0.11343 0.15291 -0.10024 0.038326 -0.14061 -0.10589 -0.055097 0.055926 -0.14077 -0.099092 0.034453 0.088954 -0.11425 -0.057914 -0.046581 -0.13373 -0.06244 0.011988 0.10542 -0.016073 0.12244 -0.01796 -0.020572 0.077342 0.077337 -0.12173 -0.02414 -0.16585 -0.20492 -0.14016 -0.015962 0.071815 0.11699 -0.050823 -0.10381 0.095107 0.19271 0.075763 0.13766 0.094102 -0.10572 0.079789 0.054474 0.05518 -0.079107 -0.0076962 0.12654 -0.18608 0.057883 -0.099537 -0.12087 -0.045335 0.085398 -0.023874 0.055184 -0.056697 -0.050164 -0.086077 0.092935 0.11606 -0.1431 0.14063 0.074363 0.0061288 0.038962 0.13342 0.15026 -0.1474 -0.088842 -0.11849 -0.024023 0.1032 -0.064098 0.088661 0.14647 -0.1473 -0.11943 0.10543 0.13964 -0.050898 0.16998 -0.19989 0.10123 0.08406 0.1661 -0.0028988 0.045649 -0.0016702 -0.070862 -0.040997 -0.0061019 0.10925 -0.17965 -0.1065 -0.1558 -0.11359 -0.15618 -0.076569 0.044671 -0.008295 0.060072 -0.1232 -0.085849 -0.19115 0.12311 0.087415 0.077057 -0.0079833 0.018761 -0.040817 0.088847 0.073803 -0.16219 0.10148 0.035056 -0.057598 0.082973 -0.047856 -0.012105 0.04061 -0.027429 -0.048689 -0.056891 -0.17118 -0.15731 0.0262 0.20865 0.061428 -0.060726 0.087328 -0.044923 -0.17375 -0.081181 -0.050923 -0.15507 -0.1005 -0.067857 -0.014521 -0.0028444 -0.13299 -0.018108 -0.043827 -0.071569 -0.10872 -0.12476 -0.10269 0.026588 -0.085434 0.10292 -0.0019125 0.020606 -0.041295 -0.11024 0.11352 0.10407 0.13408 0.05421 0.11626 0.038126 0.058352 0.020933 0.031761 -0.042972 -0.2042 -0.019332 0.16478 -0.087745 -0.1215 -0.059757 -0.035713 0.068064 0.051614 -0.15726 0.15186 0.024836 -0.14004 -0.11421 -0.0022744 -0.029738 0.088436 0.093739 0.021672 0.11384 0.15385 -0.055851 0.0086782 0.14913 0.15356 -0.10965 0.1142 0.023768 -0.049597 -0.01507 -0.13322 0.15927 -0.083678 0.050214 0.4569 -0.037174 -0.030303 -0.039235 0.087428 -0.085391 0.11804 0.044367 0.14542
0.059501 0.010645 -0.15197 0.18707 -0.090634 0.12706 -0.028194 -0.21386 -0.2982 -0.033036 -0.1053 -0.13916 -0.050483 -0.11894 0.035522 0.19777 -0.03799 -0.033677 0.052081 0.025196 -0.14335 0.027159 -0.11683 -0.086994 0.032851 -0.062332 -0.051881 0.039716 0.17053 0.17696 0.16528 -0.14688 0.024403 0.098871 0.11724 -0.16918 -0.25127 -0.0058028 0.016849 0.10353 -0.15487 -0.033118 0.033632 0.40764 0.06708 0.18354 0.24655 -0.07488 -0.16125 0.015807 -0.22609 0.18696 -0.17749 -0.17257 -0.080071 -0.11573 0.062574 -0.19068 -0.048272 -0.24263 -0.0025172 -0.12897 -0.19126 -0.13735 -0.077656 -0.047351 0.030753 -0.1107 -0.26558 -0.15633 -0.060788 0.11114 0.12842 0.16525 0.12549 0.087135 0.044065 -0.084782 0.027423 -0.012959 -0.061807 -0.17145 0.025761 0.21384 0.17821 0.32003 0.059117 0.12406 0.031565 0.13874 -0.057547 0.098885 -0.090273 0.14227 -0.038728 0.25483 -0.04325 0.038241 -0.013033 -0.12979 0.016316 -0.13886 -0.028549 -0.16623 -0.13611 -0.09301 0.087781 0.091818 -0.0043147 -0.0039494 -0.12714 -0.0078735 0.0094629 0.090351 -0.087562 -0.19462 -0.023338 -0.34171 -0.073916 -0.049459 -0.23973 -0.15629 -0.12734 -0.013577 -0.026903 0.014987 -0.18807 -0.16823 -0.10267 0.087075 -0.029581 -0.16869 -0.11147 -0.11653 0.10916 0.067531 0.25767 0.39789 0.18927 0.32913 0.28576 0.24733 0.056652 0.058707 0.19912 0.28929 0.28023 -0.10719 0.047787 -0.060208 -0.24135 -0.066615 -0.19793 0.067893 -0.21067 -0.12308 -0.22194 -0.23444 -0.14223 0.067072 -0.066077 -0.11291 0.24388 0.089498 0.040765 0.4242 0.30429 0.32994 -0.1146 0.1388 0.078744 0.16272 0.090272 0.17225 0.13345 0.026878 -0.048726 0.25505 -0.12235 -0.065573 0.049324 0.1789 0.13187 -0.021474 0.08683 0.24532 -0.11388 0.16169 -0.23094 -0.25641 -0.077657 -0.09905 0.20494 0.02763 0.002198 0.15231 0.074722 0.050888 0.065036 0.053506 -0.09991 0.066256 0.069834 0.19177 0.48484 -0.081003 0.14808 0.14775 -0.11905 -0.040903 0.078942 0.00015363 0.007674 -0.099973 0.021924 -0.046241 0.049192 0.0025671 -0.0030747 0.14524 -0.066636 -0.0041728 -0.15626 -0.088794 0.052633 0.10543 0.14931 0.08847 0.039625 -0.1809 0.082126 -0.032014 0.10518 0.0085015 0.015942 -0.040108 -0.13483 0.1373 0.25813 -0.62163 -0.211 -0.11607 -0.15387 -0.018637 0.22697 0.16593 0.17486 0.060125
-0.12335 0.10531 0.082261 -0.010438 0.065376 -0.19348 -0.15748 0.12613 0.20225 0.050037 0.096129 0.13225 0.039772 -0.021222 0.061148 -0.0076437 -0.10548 0.13543 -0.1105 -0.13904 0.12957 0.062624 0.030125 -0.01463 0.012272 0.074498 -0.025899 -0.036225 -0.085131 0.047955 0.093253 0.18016 -0.063362 0.095138 -0.13909 0.17732 0.074562 0.025472 -0.11699 0.045902 -0.033173 -0.081932 -0.087716 -0.32664 -0.13853 0.05215 -0.14091 -0.052286 -0.049371 -0.066038 0.07902 -0.030433 0.2048 0.16445 0.094417 -0.048403 -0.10686 0.032372 -0.062007 0.12269 0.10863 -0.0037479 -0.041654 0.044785 -0.04568 0.10771 0.00075529 0.093234 -0.1244 -0.11192 -0.032552 -0.13491 -0.099588 0.0015465 -0.035658 0.073518 -0.10938 -0.12994 0.021197 -0.16794 0.012128 0.0073252 0.040045 -0.1577 0.086075 -0.033492 0.087974 -0.11395 -0.21777 -0.12235 -0.014727 0.027788 -0.026586 0.030055 -0.075742 -0.039454 0.004182 -0.10924 -0.10379 -0.071435 0.058402 0.011924 -0.15339 0.015201 0.0234 0.17832 -0.24295 -0.11346 -0.19379 -0.093312 -0.11781 -0.13026 0.080536 0.062785 0.0088989 -0.070596 0.072006 -0.036128 0.037563 -0.082762 0.039173 0.014362 0.12523 -0.22692 0.0038045 -0.16351 0.089167 0.035643 -0.0089794 0.11106 0.066103 0.055449 -0.053917 -0.11738 0.066813 -0.021442 -0.21128 -0.1165 0.045198 -0.10411 0.18329 0.098022 0.13286 -0.17838 -0.054788 -0.094058 -0.042902 0.10239 0.073564 -0.079217 -0.018558 -0.15586 0.11687 -0.17089 -0.14914 0.054845 -0.0049145 0.061604 0.093473 0.11932 0.11633 -0.026686 0.053815 0.0087345 -0.021233 -0.24339 0.13218 -0.1808 -0.039846 -0.12731 0.018692 0.18197 0.028226 -0.024218 -0.073336 0.0049401 0.16236 0.17435 0.075721 0.1175 0.15507 -0.12367 0.036937 0.089742 0.036107 -0.01688 -0.19621 -0.11492 -0.041249 -0.094662 -0.10615 -0.089296 -0.047984 -0.12748 -0.15695 -0.10923 -0.0095849 -0.29889 -0.23267 -0.24153 0.040053 -0.015503 -0.046372 -0.039062 -0.11453 -0.015513 -0.064598 -0.087944 0.14176 -0.097583 -0.094841 0.011434 -0.052641 0.028262 -0.17592 0.15651 -0.1008 -0.012935 0.08761 -0.0032302 -0.032129 0.14959 0.077216 0.088631 0.15407 0.12246 -0.033479 -0.19893 0.15738 0.0376 0.023203 0.083204 -0.083313 0.16723 -0.025943 0.084491 0.20441 -0.064185 -0.29881 0.47863 -0.061369 -0.058257 -0.13074 0.11981 0.057294 0.037072 0.20572 0.15968
0.15656 0.079921 -0.050522 -0.046761 -0.01332 0.06819 0.070508 0.12688 0.077305 -0.13334 -0.16674 -0.085594 0.02699 -0.0074606 0.019336 -0.061806 -0.10606 0.054472 0.14038 -0.023325 -0.096505 0.013126 -0.12732 -0.0062617 -0.10524 0.058166 -0.057722 -0.10711 0.012286 -0.0054793 -0.1314 0.032206 0.13895 -0.17432 0.12818 -0.13199 0.023972 0.094145 -0.027233 -0.0075195 0.0062778 0.13306 -0.076301 -0.0047672 0.039479 0.023418 -0.14183 0.1156 0.063011 -0.13804 0.069013 0.0094906 -0.10158 -0.10779 -0.1135 -0.1438 0.10979 -0.072905 0.067978 0.13833 -0.14075 0.039506 -0.14021 -0.10658 -0.14262 -0.15795 0.032256 0.073876 -0.030606 -0.14309 0.041911 0.036992 0.14319 0.1381 0.034849 0.15221 0.031247 -0.048407 0.081198 0.11032 -0.050383 -0.12471 -0.079252 -0.039885 0.1094 0.08083 0.039504 0.14272 -0.10643 0.040748 0.014766 0.02306 -0.066231 -0.11767 -0.14657 -0.15239 0.0071035 -0.021981 0.081639 -0.10132 -0.082615 -0.091386 -0.16431 -0.12437 -0.037801 -0.049925 0.024127 -0.042211 0.014914 0.044054 -0.13911 0.0010855 0.083961 -0.11457 0.034451 -0.07003 -0.051274 -0.14074 -0.057285 0.12929 -0.06535 0.011209 0.046695 0.14942 0.10657 0.14124 -0.016062 -0.046286 0.082296 -0.0017609 -0.060905 0.028272 0.023715 0.066427 0.036032 -0.077699 0.12863 0.046167 -0.1017 0.14381 -0.022182 -0.040167 0.055892 0.036041 0.11266 -0.12131 0.038387 0.15396 -0.099933 0.013847 -0.13731 -0.053998 0.029074 0.12679 0.030758 -0.034785 0.040689 -0.16856 0.005555 -0.17925 0.06257 -0.054885 -0.055604 0.029305 0.15124 -0.015447 -0.11141 -0.11936 -0.024376 -0.066105 -0.11885 0.093139 -0.083203 0.13492 -0.11329 0.026526 0.074169 -0.029225 -0.031102 -0.13423 -0.1503 -0.091035 -0.062888 -0.15547 0.06915 -0.17625 -0.063947 0.031304 -0.10912 0.08132 0.014959 0.074909 0.11504 -0.059086 -0.12361 -0.052188 0.17732 0.12612 0.0040263 0.018517 0.030243 0.083115 -0.071864 -0.072681 -0.074117 -0.091853 0.15067 -0.069648 -0.0067163 0.020394 -0.027586 0.040203 -0.0058707 -0.11394 0.12088 -0.1481 -0.089592 -0.036677 -0.070198 -0.037855 -0.043227 -0.11235 -0.08239 -0.12693 0.026106 -0.1293 0.16308 0.023104 0.056671 -0.15448 -0.12939 -0.10335 0.077846 -0.053218 0.11277 -0.14029 0.064452 -0.077876 -0.12915 -0.022075 -0.046414 -0.15987 -0.096565 0.03827 -0.014376 -0.10643 -0.073716 -0.082924
-0.058817 0.087924 0.01624 0.041076 -0.080239 -0.0054703 -0.085352 -0.016811 -0.01892 -0.13905 -0.10309 -0.15753 -0.14027 -0.21666 0.0091427 0.079583 -0.078819 -0.0026906 0.025705 0.069652 -0.083782 -0.19648 -0.016339 0.040018 0.1104 -0.039556 -0.039389 0.097794 0.086779 0.19307 -0.061798 -0.1154 -0.10553 0.1095 -0.037236 0.084016 0.089299 0.027718 -0.11935 -0.11123 -0.1229 0.011015 -0.05697 0.035287 -0.17701 -0.11852 -0.02888 -0.038555 0.076319 0.093267 0.030654 0.13844 -0.1198 -0.12393 -0.0030132 0.077969 0.11935 0.0156 0.1435 -0.068851 -0.022136 -0.036048 0.11678 0.025963 -0.12132 -0.019536 -0.024359 0.014351 -0.13022 0.099675 0.019369 -0.002809 0.12208 0.10858 0.038293 -0.18066 0.13069 0.067596 0.14268 0.036555 0.029183 -0.092907 0.15922 0.011307 0.10943 0.072953 0.084516 0.047868 -0.014208 -0.17278 -0.12207 -0.071329 -0.0057439 0.1278 0.021625 0.036976 -0.11639 0.058816 -0.15835 0.12204 0.11073 0.17359 -0.011577 0.07967 -0.0062654 0.1477 0.048322 0.16137 -0.10163 0.14109 0.071906 -0.054055 -0.10299 -0.02742 -0.042834 -0.0009795 0.14217 0.02005 -0.12837 0.041951 0.18401 -0.09966 0.074565 0.094005 0.10965 0.050263 0.095927 0.12253 0.17342 0.1639 -0.064081 -0.022397 0.032166 -0.074094 0.037207 0.14001 -0.094735 0.038593 0.0034217 0.079509 -0.18011 -0.1285 -0.092436 -0.28324 -0.0087035 -0.17135 0.021083 -0.042971 -0.067817 -0.18293 0.034329 0.050679 -0.20143 -0.09756 0.043605 0.11669 0.039534 0.15443 0.019697 0.27329 0.14491 -0.11105 0.037626 -0.059332 0.044043 -0.056816 0.13441 0.17415 0.24768 0.17133 0.10962 -0.069359 0.093295 -0.19045 -0.082974 0.10528 0.086959 -0.059612 -0.0099683 -0.15546 -0.095861 0.070828 0.14076 -0.14245 -0.10008 0.19693 0.021652 -0.10685 0.14737 -0.12309 -0.012418 -0.0088039 0.094991 -0.12923 -0.14504 -0.011741 0.03856 0.00069073 0.22845 -0.060913 -0.058887 -0.11479 0.080164 -0.012062 0.13792 -0.047873 0.090161 0.17195 -0.053257 -0.0693 -0.17297 0.092779 -0.085671 -0.012446 -0.11054 -0.086252 0.091794 -0.091322 0.19654 0.16614 0.12041 0.083625 0.16699 0.011274 0.094636 0.13758 0.13923 0.10384 0.12547 0.25268 0.10786 0.19236 -0.04074 0.057349 -0.058681 -0.18582 -0.14689 -0.036049 0.074922 0.13874 0.01248 -0.0080299 0.028086 0.053873 -0.047098 -0.081887 -0.19067 -0.11541
-0.087096 -0.13155 -0.12061 0.1206 0.02538 0.11506 0.15648 0.0037994 0.094448 -0.14217 -0.049505 -0.14584 0.090392 -0.1043 -0.06496 0.042707 0.020731 0.08827 0.079229 -0.0067246 0.060345 0.14677 0.045164 0.040329 0.13534 -0.1251 0.00079317 0.12602 -0.090556 -0.034764 0.054454 0.039245 0.15193 -0.092377 -0.13614 -0.018956 0.1379 0.081046 -0.063178 -0.010196 -0.078075 0.099225 -0.086276 -0.0018992 0.10227 0.12272 -0.055801 -0.10209 -0.11729 -0.15269 -0.16811 -0.030338 -0.074079 -0.1099 0.015813 -0.1142 0.12466 -0.12476 -0.021986 -0.068625 -0.010304 -0.01054 0.14638 0.10002 -0.13962 -0.023074 0.13977 0.031631 -0.12598 -0.019676 0.090027 0.1167 0.0052814 -0.14738 0.096453 0.10794 0.020514 0.020488 -0.040967 -0.072451 -0.004221 0.0034712 -0.018588 -0.036095 -0.082961 -0.10468 -0.01674 0.057152 0.13298 0.084016 0.071461 -0.086712 0.004038 0.13952 0.10157 0.053906 -0.042269 0.064476 0.061038 0.068886 0.10314 -0.04975 0.13948 0.079832 -0.084821 -0.068251 0.06392 -0.070547 -0.12239 -0.089025 -0.1527 -0.014714 0.090949 -0.11389 0.02333 0.024066 0.16069 -0.032873 0.0046299 0.098899 0.050323 -0.098985 0.047713 0.05547 -0.046808 0.0080741 0.058435 -0.0095409 0.010601 -0.033205 0.057329 -0.029919 0.14348 0.0872 0.14768 0.0092256 0.070017 -0.083301 0.11667 0.096515 0.025318 -0.08883 -0.081101 0.12199 -0.14186 -0.031768 0.11444 -0.10217 0.13741 0.11815 -0.11495 0.10089 0.020576 -0.030366 0.11057 -0.16263 0.11044 0.10998 0.029388 0.050327 -0.0072744 -0.032462 0.016424 -0.064355 -0.046528 -0.049781 -0.052658 0.011231 0.097576 0.012548 0.0001856 -0.16515 0.12742 -0.083516 -0.044419 0.016105 0.054873 -0.055124 -0.049003 0.09159 -0.15504 -0.025573 -0.014348 -0.036554 -0.11663 0.045829 -0.0098866 -0.047612 -0.12905 0.039369 -0.079783 -0.10608 0.075302 -0.12162 0.085393 0.068097 0.016061 0.040789 0.15008 0.071437 -0.11865 0.13201 -0.079394 0.012886 0.07713 0.080237 0.00025859 -0.12709 0.048009 0.144 0.0048295 0.069092 0.11725 0.061039 -0.11489 -0.12879 0.14605 -0.10573 -0.091406 0.096134 -0.10561 0.098044 -0.1379 0.10822 0.091929 -0.07971 -0.10095 -0.11945 0.13581 0.026389 0.14356 -0.13354 0.030234 0.13395 0.0075142 -0.16739 -0.055024 -0.088866 -0.0073443 -0.090045 -0.072251 -0.0059469 -0.0069957 -0.12825 0.13053 0.11541 -0.057129 0.046028
0.018465 0.13222 0.064309 -0.030477 0.063805 0.041933 -0.076227 0.075172 -0.054083 0.056636 -0.07875 0.01977 0.14559 0.031776 0.10229 -0.033371 0.11856 -0.072372 0.04679 -0.074998 0.085795 0.024324 0.036978 -0.048148 0.043098 -0.11091 0.04355 0.12004 -0.14863 0.042705 -0.069336 0.091784 -0.062569 0.054145 -0.091105 0.11818 0.12306 0.059425 0.14426 -0.023559 -0.12616 0.13351 -0.12813 -0.061786 -0.038321 -0.12618 -0.031252 0.058471 0.02218 0.14975 0.081504 0.06932 -0.098939 0.13105 0.074799 -0.06483 -0.1308 0.019342 0.052397 0.10756 -0.0093156 0.011095 0.10787 0.11552 0.068916 0.077396 0.0035463 -0.070993 -0.11434 0.10619 -0.0078111 -0.099148 0.12944 0.10968 0.1247 -0.00095443 -0.095091 0.078652 -0.10523 0.13254 0.066211 0.034212 -0.1131 -0.036067 -0.11328 0.10602 -0.10052 0.0049687 -0.063365 0.10794 -0.089438 -0.021096 -0.033891 -0.12519 -0.1022 0.063114 -0.039771 -0.053363 0.099914 -0.10265 -0.12181 0.11731 0.08783 -0.080872 -0.12542 0.10789 -0.13261 -0.070384 0.016592 -0.073067 -0.052369 -0.093334 -0.063437 0.096273 0.099829 -0.10811 0.1438 -0.038253 -0.079918 -0.12348 -0.14994 -0.13275 0.066875 0.13789 0.091387 0.10907 0.11045 -0.056087 0.036058 0.050597 0.062436 0.10493 -0.14423 -0.14658 0.11722 -0.0023747 -0.12858 -0.13704 0.047667 0.089254 -0.13608 0.10512 0.068693 0.082454 0.1205 -0.10651 -0.10531 -0.026061 0.1184 -0.059233 -0.12588 -0.069404 0.070648 -0.11156 -0.068214 -0.06932 0.04277 -0.13863 -0.14256 0.11924 0.0174 -0.032182 0.003551 0.0042379 0.00083327 0.14747 -0.12052 0.0052167 -0.13424 0.068983 0.037223 -0.09476 -0.10593 0.026597 -0.018099 0.069133 0.061337 0.13241 -0.040187 0.041876 0.099872 -0.12326 0.075674 -0.11945 -0.048283 0.081057 -0.099009 0.10597 0.082274 -0.10944 -0.011624 0.12315 0.044111 -0.018452 -0.081422 -0.056689 0.073403 0.10891 0.074151 0.089971 -0.12121 0.023107 0.0060527 0.11414 -0.086909 0.11343 -0.013595 0.049585 -0.063451 -0.13538 -0.037944 0.0020428 0.031473 -0.058244 -0.097985 -0.075144 0.020746 -0.11827 0.099921 0.0018736 -0.13954 0.014927 -0.12003 -0.0589 -0.10912 0.15394 -0.0193 0.14783 0.043408 0.033133 0.040906 0.0053607 -0.12684 0.12384 0.14361 0.072977 -0.12781 -0.092391 0.12894 -0.027118 -0.14414 -0.12283 -0.12345 0.13639 -0.070743 -0.074743 -0.051098 0.095912
-1.3231 -0.062491 0.83402 0.41293 0.15181 1.1367 0.46027 -0.73502 -0.37026 0.55763 -0.72963 -1.1142 -2.4027 1.181 -0.94332 -0.4182 -0.20768 0.69977 1.5917 -0.90659 -0.72688 0.77221 0.24851 -0.15864
1.4691
-1.3193
1.174
-1.0686
-0.92497
-0.90452
0.61909
-0.55883
0.45263
0.28231
-0.23426
-0.35037
0.071911
-0.16089
0.28295
-0.39441
0.58388
-0.74053
0.82481
-0.94044
1.0544
-1.1986
-1.3132
1.4154
-0.353
t a n s i g
t a n s i g
