248 16260
38 248
1 38
38 1
1 1
315.34 216.74 284.33 187.07 163.37 236.13 369.27 320.37 156.01 36.169 38.002 84.798 42.14 69.913 23.183 56.506 37.094 50.486 60.771 39.97 53.038 30.566 47.836 46.613 55.273 30.679 23.27 324.37 373.56 353.63 394.96 244.98 227.74 280.69 496.33 425.54 131.9 34.685 37.803 64.178 43.513 58.446 33.671 43.318 34.378 44.536 47.841 37.541 43.069 27.374 43.12 39.823 67.756 28.914 35.208 405.93 839.17 510.79 160.39 176.69 60.256 26.194 66.55 38.942 200.78 184.77 38.194 12.586 10.424 135.16 65.333 64.134 24.662 41.348 34.834 13.958 48.576 64.646 35.668 43.599 28.987 32.76 21.233 26.717 10.568 11.355 329.73 92.483 212.55 403.41 217.99 283.35 284.98 306.53 191.51 243.28 251.87 466.34 359.04 108.15 34.473 22.551 54.756 35.004 48.983 28.645 37.748 27.358 35.457 40.595 30.673 36.316 21.83 34.894 31.179 52.653 25.264 27.607 373.59 360.35 384.99 312.47 274.7 331.74 226.03 308.38 309.14 197.44 49.459 45.719 115.26 45.331 64.752 50.27 51.804 46.767 61.823 69.666 49.153 67.219 38.583 43.696 33.939 56.023 48.658 56.021 325.69 455.74 472.15 391.11 239.75 357.93 291.03 534.27 439.27 151.63 38.902 48.889 123.42 29.889 67.503 40.028 62.951 41.734 54.155 56.675 43.758 54.007 37.196 48.059 30.573 76.201 51.523 84.712 465.39 864.25 614.83 285.98 262.74 104.76 39.329 82.752 56.077 234.2 288.53 35.668 16.858 18.723 127.72 54.377 102.9 28.934 67.431 59.647 13.74 26.62 42.521 47.004 76.765 52.94 58.4 35.008 38.803 23.658 28.134 396.68 132.57 382.73 387.27 208.08 372.56 493.15 310.29 185.42 290.6 281.31 532.05 322.93 137.53 32.802 34.513 82.129 26.866 58.582 33.281 40.019 34.257 51 54.982 52.348 54.853 42.246 47.265 31.266 67.238 47.959 68.869 452.29 0.087403 0.60691 0.97853 0.15786 1.1639 0.17192 0.084047 0.53668 0.14292 0.47967
2210.1 1560.5 1219.6 1100.8 1143.1 947.17 1277.3 1134.8 813.16 282.43 301.63 518.44 320.54 465.34 337.81 430.96 310.45 356.09 429.08 304.84 363.41 247.99 381.44 318.94 586.36 326.36 405.12 1685.4 2130.7 1491.7 1202 1098 1156.2 1034.3 1723.8 1140.9 576.72 199.21 229.73 362.61 223.19 355.16 209.73 318.52 209.4 323.11 362.39 259.69 316.53 209.22 326.88 267.75 446.84 256.66 313.18 2258.6 3586.3 1265.7 1159.7 796.1 548.95 379.19 323.15 418.33 816.59 601.87 348.26 162.67 173.57 933.36 411.85 335.84 201.2 361.26 247.36 193.17 227.27 370.39 222.75 321.19 225.42 250.95 180.86 221.03 105.11 108.67 952.07 594.33 1300.1 1718.5 1091.4 2163.6 1504.6 1236.9 1121.7 1299.3 1105.9 1901 1297.8 540.73 199.71 243.12 333.76 244.06 381.56 250.42 328.69 275.32 321.51 421.08 341.46 369.59 252.74 336.92 282.8 473.08 267.48 365.45 2607.9 1993.9 1445.3 1139.9 1023.6 1098.4 882.22 1641 1281.4 748.79 241.79 254.32 501.9 257.13 379.08 279.98 357.06 267.12 356.87 394.87 277.28 353.89 259.77 311.86 277.64 454.21 324.42 662.94 2041.9 2009.3 1310.8 1050.4 937.8 1061.6 906.97 2212.2 1336.3 540.4 189.31 197.23 314.71 189.84 254.55 184.76 256.3 197.01 235.9 292.97 253.9 264.98 202.27 218.03 162.83 283.84 219.59 424.61 2759.7 3664 1232.2 1069.7 818.74 527.92 362.08 312.04 370.26 975.62 658.39 319.42 136.77 146.05 855.58 372.94 334.63 196.26 357.54 242.4 161.19 170.5 261.43 176.75 273.58 199.47 250.48 140.96 206.08 123.5 161.67 1105.6 583.1 1169.7 1616.9 1014.5 2040.6 1378.1 1094 1001.8 1144.3 950.53 2623.5 1561.5 582.05 192.09 197.76 320.76 196.14 251.39 224.96 270.41 202.63 255.21 328.5 290.79 368.26 247.54 244.85 196.03 327.37 228.06 466.81 3248.4 1.6477 11.441 11.898 1.8633 6.9971 2.0847 1.0219 6.3347 0.85914 5.8168
0
0.23853
0.0067752 -0.034416 -0.048521 -0.11692 0.14513 -0.062814 0.061023 0.063654 0.043995 -0.033619 -0.094265 -0.015811 0.13665 0.15663 0.13708 0.13381 0.1534 0.0070117 -0.082644 0.132 0.073331 0.10978 -0.096291 -0.10544 -0.098365 -0.10117 0.094315 0.043627 0.05297 -0.10527 -0.087494 -0.090808 -0.069637 -0.1092 -0.1121 0.036375 0.10165 -0.12296 0.083239 0.0081793 0.14048 -0.12919 -0.12246 0.13501 0.10741 0.015573 0.17433 -0.060054 0.16718 -0.072975 0.10809 -0.10751 -0.087565 -0.016533 -0.010201 -0.091 -0.092145 0.050563 -0.13886 0.098225 0.11528 -0.020009 -0.12414 -0.13228 0.087428 -0.026699 0.045029 0.15053 0.058062 0.099459 0.16372 -0.0049241 0.11479 0.13767 -0.00667 0.10778 -0.083631 0.15752 0.055674 0.028551 -0.11805 -0.039174 -0.13474 0.097792 -0.034685 0.10246 0.0070151 0.1706 0.014774 0.13105 -0.10663 0.13069 -0.02634 0.014728 -0.067004 0.045517 0.14021 0.095123 -0.15191 0.11683 -0.095491 -0.046996 -0.044349 0.093263 0.057015 0.075061 0.083574 0.086575 -0.01074 0.087507 0.15005 0.14322 0.095645 0.14549 0.1645 -0.1236 0.089352 0.1222 -0.08729 -0.10202 -0.018137 0.12085 0.01087 -0.056921 0.07376 0.046106 0.12413 0.062203 0.10847 -0.01308 -0.037827 -0.084673 -0.093973 -0.056361 -0.11092 0.029902 0.068128 0.099144 0.13304 0.016517 0.00047993 -0.087242 0.056561 0.033712 0.015321 0.012014 0.085544 -0.04475 0.11709 0.068073 0.087038 0.11157 -0.14053 0.10008 -0.12873 -0.11287 0.033182 -0.098739 -0.14546 -0.15414 -0.023564 0.1353 -0.1254 0.13584 0.064273 0.083934 -0.0048228 0.16195 -0.0481 0.16023 -0.009036 -0.11278 -0.10653 0.015879 -0.0723 -0.068617 -0.0068594 0.010552 -0.12143 0.053796 0.061573 0.12751 -0.058343 -0.040458 -0.017887 0.086264 0.13787 0.050113 0.012166 0.010231 0.042506 0.023663 0.017057 0.0013092 0.061034 0.16234 0.12455 0.19171 0.11487 0.10764 -0.043246 0.17603 0.035314 0.014292 0.067359 0.0023312 -0.12567 0.092679 0.043865 -0.054514 -0.067485 -0.056677 -0.16519 -0.10495 -0.0003452 -0.050209 0.12909 0.050092 -0.14663 0.090274 -0.067049 0.1148 -0.16309 -0.064311 0.017368 -0.097626 -0.093572 0.10683 0.13996 -0.10969 -0.045747 -0.0047741 0.0096372 -0.12029 0.045548 0.026533 0.13786 -0.018477 -0.073164 -0.10657 0.015817 0.1007 -0.06031 0.11692 -0.01891 -0.0067336 0.095311 -0.10344
-0.0741 -0.080887 0.080083 0.079697 0.028586 0.14593 0.095472 0.089181 -0.12918 0.10744 -0.10192 -0.038638 -0.15362 0.16099 -0.0085181 0.138 0.093062 -0.06642 0.14552 0.028767 0.071806 -0.018221 -0.15843 0.05774 -0.1393 -0.048279 -0.16291 -0.086187 -0.097791 0.086969 0.01251 -0.07598 0.031991 0.029907 -0.056041 -0.08874 0.072451 -0.11752 0.089502 0.05512 -0.070202 0.050707 0.0023416 0.0030478 0.043673 0.089987 0.11954 -0.097788 0.16523 0.081594 0.13894 -0.15626 -0.12489 0.061935 0.047659 0.013099 0.094894 -0.1274 0.14402 0.015328 0.1314 -0.019633 0.10968 0.012439 -0.097097 -0.008692 -0.001606 -0.017018 0.078726 0.027874 -0.1139 0.0022506 -0.029808 -0.088602 -0.03357 -0.01465 -0.10522 -0.018756 0.15215 0.1347 -0.024687 -0.13919 -0.010328 -0.13834 -0.045677 -0.040112 -0.15187 0.088454 -0.028821 -0.025773 -0.1008 0.14781 -0.00032506 0.039702 0.090255 0.13318 -0.10084 0.09841 0.031568 0.18763 -0.091932 0.12632 0.070027 -0.12758 0.074133 0.073218 0.095936 0.1512 -0.0060716 -0.054802 0.10269 -0.097526 -0.1025 -0.12858 -0.090976 -0.059002 -0.0091152 -0.14259 0.027882 0.014845 -0.085297 -0.039452 -0.017806 -0.12953 -0.098746 0.088605 0.033701 -0.11254 0.0017726 -0.029979 0.071322 0.03561 0.043192 0.088132 -0.038384 -0.13048 -0.1227 0.11446 -0.093875 -0.093345 -0.040234 -0.097873 -0.050384 0.036796 0.069852 -0.031083 0.047696 -0.013991 -0.014757 -0.030699 0.10142 -0.11166 0.020621 0.069409 -0.095156 0.1173 -0.04874 0.030041 -0.067788 -0.16105 -0.070407 -0.11926 0.0015841 -0.015242 -0.083592 -0.11004 -0.062993 0.063125 0.054543 -0.10545 0.14168 0.096909 0.063777 -0.046804 -0.11148 -0.021225 0.083465 -0.078619 0.053854 0.18171 -0.06253 0.064518 -0.10645 -0.047798 -0.056206 -0.10572 0.13709 0.11984 0.0081357 0.089712 0.10399 0.027774 -0.042625 0.0052034 0.085134 0.06442 0.06859 0.18251 -0.09477 -0.021908 0.08488 -0.048901 0.090714 0.087961 -0.090552 -0.15689 -0.11452 0.17606 0.12239 -0.07795 0.13436 0.091616 0.062424 0.071594 0.044407 -0.13422 0.0093303 0.086779 -0.12109 0.14027 -0.064392 0.022042 0.087427 -0.036781 -0.061525 -0.0205 -0.080327 -0.037593 -0.11839 0.066562 -0.064003 0.14373 0.088686 0.091755 -0.0034325 -0.10238 -0.092775 0.074928 0.19503 -0.19428 -0.0012163 0.017348 -0.07675 -0.16607 0.015724 -0.032836 -0.14583 -0.17749
-0.025925 -0.18428 -0.10515 -0.10669 -0.075609 0.14414 -0.010227 0.010156 -0.052123 -0.062269 0.085514 0.0077359 0.037955 -0.090567 0.063087 0.14355 0.22541 0.18443 0.16556 0.2947 0.29653 0.061101 0.069439 -0.048886 0.030947 0.16267 -0.056357 -0.016374 0.14024 -0.047949 -0.11484 -0.23256 0.21183 0.16434 0.074174 0.057469 -0.073073 -0.32397 0.00048799 -0.15919 -0.015047 -0.11848 0.046579 -0.038372 0.087417 0.065783 0.099208 0.12897 0.065653 0.14897 0.084081 0.13038 -0.085322 -0.086324 0.028336 -0.084115 0.12746 0.10165 0.29333 0.23139 -0.39049 -0.019399 -0.36968 -0.011661 -0.1635 -0.13713 -0.079903 -0.049547 0.11022 -0.057976 0.13423 0.070446 0.038117 0.037723 0.089836 0.052086 0.044986 0.090866 0.087773 -0.089421 -0.12808 -0.02063 0.12203 -0.028589 0.051718 0.14639 -0.13588 -0.067453 0.099404 0.14331 -0.040786 0.030953 -0.18579 -0.27085 -0.067926 0.10845 -0.062348 -0.095512 0.090959 -0.035073 0.044254 0.053034 0.079648 -0.1645 -0.033996 0.036921 0.08916 0.0234 0.17665 0.1113 0.089007 0.23644 0.15933 0.085778 0.090965 0.11997 -0.066082 -0.017678 -0.14166 0.12895 0.10585 0.038038 0.0024418 -0.014253 0.011771 0.059768 0.097361 -0.23516 -0.38667 -0.094674 -0.44428 -0.0040638 -0.10057 -0.15048 -0.20209 0.077365 -0.18389 0.20734 0.014217 0.3174 0.19013 0.21407 0.14259 0.10488 0.21362 -0.06034 0.38514 0.13177 -0.021214 0.15493 0.02155 0.077189 0.0647 -0.032832 0.036922 -0.2334 -0.21173 -0.24552 -0.67681 -0.027604 -0.28094 -0.087323 -0.162 -0.072606 -0.087678 0.12777 -0.015292 0.18137 0.19795 0.12178 0.085138 0.062947 0.067813 0.059864 0.0744 0.017735 0.35211 0.12691 0.21202 -0.46431 -0.38199 -0.68127 -0.27473 -0.12389 -0.24396 0.079528 -0.097075 -0.083684 -0.3022 0.15239 0.24675 0.3274 0.35605 0.20184 -0.17488 0.019077 -0.11817 0.0102 -0.070585 0.021578 0.0078075 -0.15001 0.10179 -0.019007 -0.02993 -0.17663 0.065899 -0.14538 0.092707 -0.47588 0.18858 0.032632 0.051507 -0.087512 -0.062308 0.12066 -0.05934 -0.15933 -0.36683 -0.29939 0.01271 -0.23742 0.082174 -0.28331 -0.33562 -0.10296 -0.12924 0.038092 0.090034 0.21201 0.034473 0.1871 0.055162 0.049029 -0.058618 0.035773 0.097099 0.096404 -0.28683 0.07367 0.057276 -0.29736 0.0011199 -0.11076 -0.14075 0.15345 0.26147 -0.00081408
0.12112 -0.11459 0.10895 -0.026196 0.021157 -0.10893 -0.010117 -0.0091893 -0.05363 -0.021649 -0.092149 0.038477 0.084656 0.063711 -0.065816 -0.044674 0.077349 -0.051472 0.10535 -0.00017021 -0.1504 0.089869 -0.05391 0.17475 -0.083408 -0.054715 0.16033 -0.13676 -0.0052094 -0.063883 -0.13368 0.058264 -0.15787 -0.094744 0.030839 -0.10232 -0.11781 -0.11928 -0.12886 0.00062999 0.13012 -0.12752 0.11411 0.011993 -0.12256 0.024976 0.081405 0.052603 0.041469 0.041999 0.036279 -0.15484 -0.069282 -0.041082 -0.056943 -0.085283 -0.11566 0.053522 -0.15318 -0.12668 0.072851 0.10164 0.091209 -0.067775 0.090033 -0.0065659 0.087361 -0.15527 -0.067256 0.041118 0.11445 0.10307 0.11339 0.0019074 -0.063979 -0.11693 0.15356 -0.076583 0.030875 -0.014836 0.017684 -0.046992 -0.067931 0.089362 0.065651 0.053696 0.085718 0.039842 0.067633 -0.14349 -0.10595 0.13676 0.01027 0.074016 0.12959 -0.10646 -0.066746 -0.052791 -0.097248 0.054204 0.072913 0.0083756 0.11412 -0.070852 0.043739 -0.11608 -0.03882 0.10884 -0.024038 0.024618 0.059131 0.13429 0.15821 0.064617 0.10935 0.0018964 -0.031153 -0.13176 0.12785 -0.052076 0.083837 -0.16941 -0.14127 -0.12972 0.07291 0.091009 0.16196 -0.085563 -0.078267 -0.10574 -0.11703 -0.05893 -0.1162 0.02875 0.0036157 -0.029588 0.11379 -0.12989 0.05559 0.010867 0.013462 -0.10626 0.10017 0.042196 0.014911 -0.057648 0.045819 0.05505 0.085589 0.049111 0.055529 0.052071 -0.09111 -0.11425 -0.10831 0.094911 0.10352 -0.050142 0.085296 -0.062553 0.11462 -0.12694 0.010565 0.054456 -0.11402 -0.093757 -0.12014 -0.020138 0.16321 -0.085413 0.037733 -0.0063415 0.10156 0.074889 0.10607 0.053933 -0.041131 -0.10449 -0.15215 -0.023388 -0.15597 -0.051493 -0.0096353 -0.11813 0.061898 0.13964 -0.1176 -0.0915 -0.046696 -0.070663 -0.06562 0.09228 0.030945 0.12776 0.16889 0.1223 0.041738 0.062089 -0.049596 -0.0037946 0.15964 0.047912 -0.10587 -0.06435 0.044897 0.10978 -0.1375 0.003895 0.14504 0.062193 -0.16002 0.041477 0.024892 -0.033846 0.054416 -0.11067 0.10166 0.069717 -0.045813 0.12144 -0.13279 -0.18628 0.01235 0.083022 0.039742 -0.046415 -0.071832 0.029198 -0.017936 -0.11924 0.12512 -0.031395 -0.088941 0.11701 -0.10588 0.067082 0.14265 -0.0016091 -0.10298 -0.086627 -0.14487 0.017598 -0.061684 -0.16033 -0.035922 -0.099802 -0.078256 -0.047668
-0.11397 0.028186 0.045149 -0.13539 0.0064899 0.1065 0.040474 -0.024643 0.1219 -0.048506 -0.076487 -0.12466 0.093571 -0.097813 0.030744 -0.036575 0.046846 0.0061887 -0.05223 0.065084 -0.07842 -0.11941 -0.084011 -0.1417 0.0036992 0.018678 0.020959 0.048197 0.12471 0.093141 -0.12745 -0.17844 0.11798 -0.063141 -0.10801 0.083018 0.088458 0.014178 0.12553 0.1306 0.12961 0.1117 0.074806 0.038742 -0.040464 -0.11848 -0.093579 0.024235 0.08117 0.10897 -0.13271 -0.15134 0.02257 0.049534 -0.04318 0.078679 0.082242 -0.11701 0.053329 0.017815 -0.14014 -0.061888 -0.11622 -0.13501 -0.13074 0.12308 0.15735 -0.071669 0.03792 -0.057606 -0.053874 -0.11932 -0.02507 -0.014671 0.071959 -0.093573 -0.058967 0.045399 0.11073 0.040237 -0.11382 0.11068 0.11453 -0.015153 -0.04303 -0.010121 0.12594 -0.094385 0.022089 0.010564 -0.13957 0.027579 0.067336 -0.079503 -0.15107 -0.17119 -0.069309 -0.0467 0.05146 0.011873 -0.011897 0.11269 0.095283 -0.035781 -0.15261 -0.071193 0.004413 0.007681 -0.11812 0.071358 0.03541 -0.13487 0.10863 0.077673 -0.10574 -0.14641 0.14395 -0.02528 -0.066303 -0.15099 -0.076028 -0.009177 0.11319 -0.044126 -0.047237 -0.092541 -0.035738 0.018154 -0.060891 0.16033 -0.027517 0.072232 -0.094072 0.080147 -0.052688 -0.01877 0.0079702 -0.13296 -0.088931 0.11466 -0.15124 -0.16117 -0.10982 0.058667 -0.10155 -0.074053 -0.058905 0.093375 -0.072 0.014668 0.020988 -0.083453 -0.13432 -0.12632 0.018102 -0.13943 -0.10893 0.092065 0.0033124 -0.13054 -0.094445 0.11489 0.15194 -0.013872 0.1346 -0.11886 -0.030034 -0.033908 0.0025624 -0.019837 -0.044114 -0.11625 0.16735 -0.027335 -0.15065 0.12089 0.14715 -0.075415 -0.040563 0.035607 0.10166 -0.13569 0.069175 0.085296 -0.0816 -0.066388 0.029963 0.033471 0.034306 0.029367 0.017403 -0.1379 0.024533 0.054448 0.10722 0.063398 0.046407 0.074281 0.20403 0.17452 0.19184 0.051216 -0.079618 0.18507 0.013816 -0.034127 -0.055834 -0.071567 0.025725 0.040033 0.05001 0.0034003 0.060492 -0.16902 0.026875 0.047519 -0.098223 -0.066306 -0.035003 -0.035407 -0.0040328 0.0569 -0.083922 0.07146 -0.040351 -0.20728 0.072362 0.061834 -0.14925 0.10749 0.11787 0.086559 -0.009751 0.039718 -0.025614 0.051842 -0.02387 -0.091198 0.025654 -0.068893 0.037725 0.096831 -0.045202 0.13615 0.098358 -0.026919 -0.13827 -0.030929
0.060195 -0.0047308 -0.1357 -0.10147 0.066399 0.049647 0.066871 0.11314 -0.1111 -0.1241 0.026444 0.053366 0.012112 -0.12107 -0.024028 -0.044066 -0.078759 -0.091203 -0.10353 -0.06435 -0.10343 0.14849 -0.016597 0.16487 0.10181 0.0063426 0.11655 0.065016 0.11865 -0.11236 0.093923 0.06265 0.0022777 0.16069 -0.02803 0.15055 -0.020162 -0.017039 -0.031413 0.1054 -0.0034115 -0.008743 -0.14 0.071894 0.11983 -0.11667 -0.031706 -0.0161 0.11955 0.13681 -0.057068 -0.014156 -0.049993 -0.0077311 -0.052675 -0.023191 0.061622 0.038613 0.11579 0.12073 0.081991 -0.016836 -0.20468 -0.097242 0.14871 0.16239 0.13646 -0.13665 0.044137 -0.016203 -0.019167 -0.1261 -0.064415 -0.12654 0.11602 -0.073211 0.099391 0.0065584 -0.045133 -0.04951 -0.081862 -0.018854 0.010786 -0.027201 0.12754 0.11291 0.13808 0.12247 0.028403 -0.042121 -0.073032 -0.089983 -0.1591 -0.073409 -0.0096497 0.0065065 0.047267 0.016047 0.027874 0.10098 0.081625 -0.011372 0.12105 0.10878 -0.0058751 -0.1103 0.1084 -0.097703 0.10999 0.032303 0.035818 -0.048759 0.015979 -0.047203 0.075809 -0.037146 -0.055935 0.020852 -0.082059 -0.050601 0.074455 0.010439 -0.13223 -0.013852 0.13526 -0.042699 0.22216 0.047499 -0.07235 0.19286 0.015281 0.11535 -0.12626 -0.11534 -0.19298 -0.056104 0.096032 0.24223 -0.059992 -0.015625 -0.057771 0.040931 0.057807 0.058986 0.10941 0.031053 0.044368 -0.12418 -0.049247 -0.027033 -0.001119 0.064216 -0.077623 0.027578 0.1067 -0.024725 -0.057888 0.058718 -0.21185 0.010244 0.002616 -0.24506 -0.15563 0.089454 -0.050354 0.3287 0.29255 0.090329 0.098775 -0.055881 0.11358 0.074181 0.25505 0.094034 0.15024 -0.043345 0.092647 -0.080223 0.38221 -0.1245 -0.27718 -0.49897 0.038307 -0.0072241 0.019011 -0.098621 -0.027983 -0.11845 0.042727 -0.064848 -0.031267 0.014965 0.16473 0.073469 -0.073684 -0.16154 -0.095439 -0.052182 0.06958 0.16484 0.16558 0.10795 0.026219 -0.070097 -0.12415 -0.14323 -0.076561 0.12101 0.090262 -0.2502 0.019104 0.051288 0.087973 0.13295 -0.0076765 -0.0010919 -0.11792 0.12259 0.073147 0.051294 -0.016743 -0.0016469 -0.17201 -0.11489 0.050291 -0.03305 0.086426 0.081586 0.058711 0.076752 0.096198 -0.016116 -0.21692 -0.0094322 -0.10884 0.15833 0.12721 0.069274 -0.019149 0.27885 0.14777 -0.039584 0.19503 -0.029326 -0.21768 -0.043003 -0.19741 0.20583
-0.21492 -0.0091525 0.14656 -0.052884 -0.091605 0.032548 -0.08555 0.10645 0.048273 -0.052663 0.019428 -0.1081 -0.070717 -0.1509 -0.05364 -0.063162 -0.023932 -0.026577 -0.066382 0.025908 0.089975 -0.086737 0.15469 -0.068623 -0.090211 -0.037172 -0.058375 0.042457 -0.15512 0.0049342 0.013465 -0.065934 -0.10361 -0.053974 0.0696 -0.036008 -0.022824 0.036372 0.14343 -0.084787 -0.11155 -0.021343 -0.039245 0.093722 0.062933 0.1085 -0.21816 -0.19546 -0.12093 -0.10057 0.049479 0.16947 0.22841 -0.083667 0.05408 0.062456 -0.1272 -0.0044987 0.066279 -0.18128 0.19338 0.11312 -0.064901 -0.02771 0.063089 0.095443 0.040944 -0.015152 -0.11222 -0.16375 0.1065 0.03391 0.093905 0.13263 0.096694 0.11778 0.11261 -0.038293 0.10291 0.12993 0.073986 -0.11444 0.0625 -0.13044 0.082619 0.10209 0.1178 0.11218 -0.027664 0.11016 -0.087368 0.02383 0.065504 0.11931 -0.048453 0.14395 -0.12543 0.015273 -0.081454 -0.068821 0.027133 0.040368 -0.16676 0.10677 0.087433 0.11975 -0.14097 -0.069266 -0.09533 0.025506 -0.19879 -0.00059842 0.10096 -0.030872 0.056984 -0.08863 0.092674 -0.074725 0.10847 -0.028697 0.028338 -0.043275 -0.10404 -0.030842 0.14344 -0.0087009 -0.13773 0.18702 0.15274 0.032894 -0.0047541 0.061172 -0.00079744 -0.093917 0.030333 -0.21294 0.069695 -0.24783 0.16162 -0.15334 -0.0016384 -0.18634 -0.082908 0.015185 -0.063951 0.05795 0.043206 0.10505 0.12757 0.049596 0.072517 0.15349 0.10468 0.073867 0.014632 -0.12112 -0.040612 -0.080702 0.046121 -0.00045863 0.083455 0.10014 -0.033327 0.049272 0.065425 -0.059016 0.050415 -0.2834 -0.072934 -0.095726 -0.080606 -0.062906 -0.033764 0.11752 -0.041705 0.15287 0.040895 0.16549 -0.055535 0.15216 -0.025365 0.35048 0.096854 0.10633 -0.075842 0.10386 -0.17172 -0.18749 0.018342 -0.017369 -0.15872 -0.015916 -0.12621 0.042381 -0.0062021 -0.0097264 -0.043232 0.0025862 -0.15996 -0.16735 -0.063622 0.11842 -0.13678 -0.12869 0.062636 0.085078 0.024269 -0.1568 -0.030094 -0.031583 -0.15244 -0.172 0.0062446 -0.079562 0.19589 0.048425 0.050014 0.077338 -0.071268 -0.088781 -0.016265 0.017469 -0.074087 -0.029283 0.12414 -0.067931 -0.057068 -0.031799 0.021226 -0.10263 -0.012145 -0.020713 0.027706 0.034833 -0.076436 0.037673 0.17522 0.024992 0.11112 -0.054788 -0.16765 0.022942 0.050834 0.071964 0.17661 0.094575 -0.0001138 0.12133
-0.11122 0.0089404 0.095042 0.0052663 0.14089 -0.0738 0.16952 0.018009 0.07364 0.13008 0.055113 -0.062942 0.06293 -0.11737 -0.056143 0.045627 -0.0026802 0.0037624 0.030647 -0.017301 -0.085314 -0.15286 -0.05049 -0.041461 -0.092789 0.054167 -0.092299 -0.030055 -0.049051 -0.020984 0.14588 0.077644 0.050001 -0.086471 -0.0038718 0.081278 -0.12569 -0.084448 -0.017529 0.077316 -0.16886 -0.099142 0.12798 -0.14059 -0.022467 -0.13242 -0.047598 0.12725 0.049242 -0.14927 0.013509 0.048541 0.029469 0.083004 -0.12999 0.11846 -0.0066344 0.017775 0.019645 -0.1031 0.013549 -0.10533 -0.097463 0.010225 -0.11654 0.090824 0.013031 0.0055979 -0.10003 -0.023709 -0.10232 -0.13135 0.13272 -0.098336 0.082855 -0.069435 -0.11388 0.12989 -0.1654 -0.10878 0.091604 -0.09754 -0.1652 -0.091318 -0.15076 -0.0044995 0.11161 -0.0084725 0.10282 0.13254 -0.056433 0.11651 0.10135 0.12698 0.14795 0.094249 0.054459 0.032487 -0.0070132 -0.096957 0.034209 -0.11243 0.13809 -0.13277 0.040782 0.075541 -0.15392 -0.097461 -0.11823 -0.15938 0.026216 0.084969 -0.070242 -0.12003 -0.11084 0.083899 0.074517 -0.065566 0.0086769 0.041979 0.14874 0.080819 -0.11442 0.061847 -0.084159 0.16173 -0.011042 -0.052394 -0.10703 0.12321 0.10279 -0.083955 0.045757 0.018769 -0.13422 0.075472 -0.057441 -0.060674 -0.17025 0.024527 0.039627 -0.0079294 0.044902 0.09849 -0.00078354 -0.098874 -0.11996 0.12006 0.108 -0.10528 0.010004 0.11917 0.10191 -0.066695 0.12565 0.084829 -0.044564 -0.065606 0.067769 -0.081492 0.064023 0.026609 -0.10327 0.12155 0.065545 0.067127 0.03193 0.10506 -0.18203 0.013751 0.031768 -0.040506 0.085844 -0.15659 0.045988 0.14501 0.14505 0.02885 -0.059949 0.083971 -0.15016 -0.19502 0.022839 -0.087843 0.1005 0.1564 0.098131 -0.066828 0.0024778 0.15788 0.001585 0.050122 -0.10626 -0.17026 -0.1052 -0.035187 0.094583 -0.14981 0.10445 -0.13314 0.077237 -0.055112 0.083922 -0.072118 -0.068303 0.055601 0.0066335 -0.059893 0.019811 -0.010345 -0.084133 -0.078845 0.03804 0.059283 -0.027185 0.060044 -0.019273 0.082707 -0.0072333 -0.13463 0.094225 -0.028658 -0.0026517 0.11863 0.14572 -0.061214 0.10787 -0.13747 -0.070621 0.091894 -0.16205 0.0068034 -0.046086 0.076251 0.018959 -0.014078 0.089477 -0.09353 -0.17733 0.13793 -0.030019 -0.012972 -0.017328 0.12814 -0.11133 0.092771 -0.011567 0.13462
0.13585 -0.18519 0.045303 -0.076043 -0.08833 0.098562 0.1142 0.18428 0.056722 0.020637 -0.15705 0.091666 0.066629 0.14079 0.025945 -0.054505 0.13341 -0.032551 -0.054504 0.02385 0.15701 -0.0051743 0.18162 -0.024469 0.1462 -0.11378 0.15066 0.054143 -0.098943 0.038299 -0.14531 0.0045084 0.17596 0.20383 0.0023283 0.026145 -0.044136 0.032464 -0.17458 -0.062075 0.023107 0.094961 0.15561 -0.06462 -0.12362 0.0079023 -0.1087 0.11058 0.066708 -0.019482 0.032043 -0.067859 0.15024 -0.1113 0.040729 0.14942 -0.14437 0.063899 0.010549 -0.060878 0.037785 -0.058819 0.038079 -0.081762 0.11968 -0.01175 0.10654 -0.11673 -0.08126 0.031432 0.26103 0.091405 0.038621 -0.017159 -0.11989 -0.18187 -0.10154 -0.13549 -0.14322 0.003128 -0.10321 -0.044003 0.065614 -0.13711 -0.017969 -0.10926 0.11628 0.10037 -0.1741 0.144 -0.020366 -0.031926 -0.083181 0.039319 -0.044429 0.057015 0.12097 0.18554 -0.11398 -0.14126 0.013041 -0.12819 -0.089885 -0.053483 0.014162 -0.00010349 -0.12312 -0.064367 -0.14001 0.016475 0.06754 -0.12214 0.16295 -0.086013 0.036503 -0.10562 -0.10478 0.0049323 0.17922 -0.054036 -0.038114 -0.16554 0.030341 -0.0017572 0.030958 0.12358 0.12084 0.056074 0.064217 -0.053437 0.12801 -0.015627 -0.11891 0.035003 0.075777 0.15294 -0.047718 -0.0069247 0.010966 0.16483 0.041064 -0.072804 0.15046 -0.06576 -0.028746 0.094215 0.012899 0.067525 -0.0076039 -0.010277 0.047198 0.02106 0.1381 -0.048822 0.1721 -0.017877 -0.08665 0.052239 -0.15155 -0.013542 0.048195 0.011968 -0.12683 0.080637 -0.13666 -0.11106 0.13577 -0.062221 -0.01223 -0.10988 0.025786 0.036232 0.057115 -0.032258 -0.0038379 -0.0029399 0.185 0.17356 0.24422 -0.25917 0.0055622 -0.067599 -0.11125 0.091922 -0.080664 0.12264 0.023512 0.095418 -0.099586 0.21545 -0.04347 0.18502 0.080036 -0.031659 -0.11463 0.057614 -0.17133 0.025334 0.014369 -0.063322 -0.086635 -0.27127 0.037444 0.021363 -0.15589 0.047593 -0.016822 -0.027345 0.096241 0.063783 -0.18273 0.07348 -0.046456 0.098416 0.021988 0.087125 0.14755 0.17576 -0.061368 0.15583 -0.13599 -0.031341 -0.090019 -0.11144 -0.048198 -0.022596 0.03553 -0.12559 -0.050176 -0.08911 0.17659 0.07391 0.091268 -0.063008 -0.13454 0.051838 -0.023046 0.23506 -0.18713 0.0040269 -0.040117 -0.031804 0.06209 0.055333 0.22836 0.079222 0.06869 -0.12485
0.014007 -0.047028 0.11634 -0.056662 0.052213 -0.14209 0.02539 -0.11418 -0.065162 0.11444 0.085023 0.051518 0.021907 -0.11336 0.058445 -0.014881 0.15068 0.016534 0.060972 0.13805 -0.076975 -0.0506 0.10712 -0.084096 0.18473 0.13585 -0.097697 0.10614 -0.093481 0.1095 -0.01748 0.044393 -0.1384 0.12402 0.1003 0.038829 -0.16777 -0.054906 0.034491 0.13668 -0.067104 0.04529 0.14246 -0.063183 -0.14034 0.10937 -0.05437 -0.11244 0.078928 0.14098 -0.11282 0.046657 -0.068387 0.0023144 0.050683 0.11452 -0.064062 -0.085988 -0.016715 -0.061583 -0.088284 -0.0076761 -0.11991 0.060032 -0.13774 -0.12275 -0.086316 -0.083005 0.10428 -0.078085 0.11978 -0.098697 0.037742 -0.089668 -0.045724 0.083201 0.12566 -0.050408 0.16178 0.13581 0.19915 -0.095165 0.09472 0.095363 0.033216 -0.029846 0.15986 -0.11276 0.15799 -0.013389 0.039262 0.033366 -0.13226 0.12935 0.032459 -0.11852 -0.10081 -0.065371 0.15026 0.034986 -0.19243 -0.17517 0.058802 -0.09378 0.0063281 0.057145 0.03931 -0.0398 0.0406 0.03333 -0.092106 0.16126 -0.0062765 -0.11151 0.038463 -0.048646 -0.088114 0.13338 0.16468 0.0051064 -0.16676 0.0066151 0.033914 0.041769 -0.03555 0.1546 -0.029257 -0.0032918 -0.046636 0.1404 0.043649 -0.052174 -0.11084 -0.11222 -0.042882 0.084315 0.079979 -0.11247 0.12271 -0.13543 0.10185 -0.028768 0.011197 0.024233 0.10311 0.023184 0.1567 -0.048978 0.039192 -0.17121 0.10212 -0.11512 0.13014 -0.098057 0.17634 -0.03602 -0.044927 -0.080567 -0.131 -0.044082 -0.17785 -0.098872 -0.02738 -0.042436 0.12727 -0.10389 0.048609 0.024572 0.010736 -0.12616 0.057626 0.022738 0.019721 -0.025096 0.052934 0.052861 0.028813 -0.039838 0.029619 0.012983 -0.091089 -0.051029 -0.09393 0.0033655 -0.082473 -0.14592 -0.05582 -0.12347 0.03333 -0.15415 -0.10955 -0.044458 -0.15694 0.045375 -0.043236 0.072595 0.15063 -0.021311 -0.086083 0.16556 -0.088427 0.124 0.11414 0.10842 -0.083787 0.047237 0.15337 0.17394 -0.13181 -0.071145 0.034262 -0.11272 -0.10973 -0.078087 -0.0604 -0.10917 0.069031 -0.0024888 -0.095367 0.088891 0.016405 -0.066278 0.041351 0.0090522 0.033719 -0.049539 -0.12656 0.13763 -0.080357 -0.047784 -0.11206 0.074902 0.14192 -0.072748 -0.00080803 0.12592 -0.029505 0.21555 -0.061013 -0.18967 -0.11071 0.10894 0.021979 -0.076452 -0.14409 0.11983 -0.071654 0.10998
-0.038079 0.048381 0.13028 -0.087864 0.034924 0.090956 -0.086206 -0.055546 -0.033426 0.091191 0.13817 0.033514 0.080995 0.053506 0.056558 -0.14274 -0.19652 -0.10526 0.034667 0.011413 0.059664 0.023294 -0.19031 -0.058473 0.070107 -0.17375 -0.0727 0.039815 0.13834 0.080755 0.0045331 -0.02259 -0.15278 -0.065419 0.019339 -0.13347 -0.016537 -0.18763 -0.090895 -0.15345 -0.028205 -0.23111 0.088292 0.054308 0.066869 0.0047801 -0.13323 -0.093675 0.03516 0.021655 -0.11812 0.072043 0.0032189 0.082315 0.03915 -0.061596 0.15342 0.042081 0.066816 0.16767 -0.062923 -0.040171 -0.15732 0.002729 0.027473 0.033052 0.014042 0.04866 0.031139 -0.06396 -0.1863 -0.19903 -0.15114 -0.11895 0.059871 -0.19255 -0.14203 -0.22134 -0.13622 -0.031557 0.064133 -0.12082 -0.20039 -0.10389 0.087512 -0.15447 0.097601 -0.12709 -0.085954 -0.072139 0.098425 0.083278 0.018263 -0.014597 0.0048022 -0.0079267 -0.099257 -0.045284 -0.1552 0.024572 -0.12629 0.054349 -0.14124 -0.12086 -0.11985 -0.11057 0.052352 0.02005 -0.053709 -0.16439 -0.041123 -0.13001 0.050563 -0.17882 -0.19386 -0.17687 0.024221 -0.037482 -0.076558 0.047477 0.22484 0.12548 -0.031816 0.0094625 0.029321 -0.11848 0.03965 -0.026064 -0.19246 0.098839 -0.25551 0.040174 -0.095461 -0.093358 -0.2763 -0.17618 0.042585 0.08466 0.0040237 0.10257 -0.045561 -0.068083 -0.083545 0.10085 -0.14916 0.023171 -0.0078472 0.11538 0.062003 0.089824 -0.022837 -0.09066 0.16218 -0.19235 -0.095442 -0.1119 0.053176 0.0010318 -0.28269 0.0024863 -0.039966 -0.14955 0.029651 0.14378 -0.02397 0.01082 0.044949 -0.031282 0.16964 0.041662 -0.063236 -0.032335 -0.13495 -0.044492 -0.089693 0.14343 -0.04166 0.099509 0.032274 -0.020754 -0.02574 -0.36021 0.085011 0.074225 0.11327 0.11225 0.13395 -0.034083 0.13236 0.02162 0.16256 -0.089319 -0.12246 -0.13135 -0.062877 -0.096264 -0.18782 0.082268 -0.14878 -0.20232 0.022907 -0.10307 -0.043539 -0.21159 -0.0067136 -0.20448 0.077563 -0.077724 0.098057 -0.19728 -0.010642 0.10557 -0.06195 -0.028463 0.0068084 -0.037223 0.07617 -0.0098733 -0.061778 0.021209 -0.07164 0.038857 0.096773 0.075004 -0.19685 0.031404 -0.064067 -0.11675 0.042041 -0.0558 -0.092999 -0.03038 -0.034352 0.12768 -0.12219 -0.018227 -0.10691 0.064385 -0.31312 0.27791 0.055053 -0.010278 -0.099309 -0.1306 -0.11732 0.068532 0.067381 -0.049123
-0.050313 -0.10089 -0.04923 0.045391 0.16341 -0.015372 -0.15736 -0.15844 -0.055281 0.10261 0.076895 -0.081166 -0.1816 -0.093121 -0.028869 0.012279 -0.041228 -0.11479 -0.081138 0.041737 -0.0015847 -0.16089 0.090377 -0.086545 -0.088387 0.026007 -0.19496 -0.056203 -0.13974 0.16171 -0.015755 0.05102 -0.01332 0.065899 -0.073282 -0.15006 -0.047915 -0.043613 0.089176 -0.087545 -0.073034 -0.00895 -0.063193 0.14634 0.085667 0.13056 -0.028015 -0.074189 -0.021682 0.0054115 -0.033595 -0.039812 -0.10757 0.11752 0.052773 0.097595 0.10067 -0.019741 0.20808 0.2441 0.14502 0.015981 0.061532 -0.08137 -0.057027 0.076904 -0.0038861 -0.031629 -0.0072411 -0.193 0.12978 -0.11256 0.013643 -0.003461 0.097867 0.13477 -0.066109 -0.065682 0.076355 0.12487 -0.17511 -0.10459 -0.0759 -0.1212 -0.1204 -0.044514 -0.19838 0.0062969 0.14022 0.12256 0.066368 -0.0030815 0.14864 -0.019722 -0.10173 0.12152 0.061672 -0.058162 -0.11914 -0.16829 -0.012094 -0.039108 -0.0037938 -0.088423 -0.071505 -0.056195 -0.13294 0.10636 -0.03351 0.035232 0.017342 0.037663 0.037872 -0.069482 0.06556 0.043587 -0.01119 0.089112 -0.15501 0.030725 -0.037543 0.088365 -0.084053 0.11936 -0.11103 0.096413 0.084215 -0.12894 0.16806 -0.1352 -0.046982 -0.11667 -0.16349 0.036863 0.14187 0.12043 0.095599 -0.18123 -0.058319 0.038769 -0.10241 0.086212 -0.19623 -0.14267 -0.060487 -0.038278 -0.15737 -0.078189 0.12822 -0.025765 -0.099734 0.17622 -0.15232 -0.11815 -0.10728 -0.13729 0.17526 -0.048448 0.091009 -0.14255 -0.13095 0.046143 0.027033 0.063096 0.038012 -0.1569 -0.047221 0.07125 0.063799 -0.0018091 0.0033513 -0.156 -0.074893 0.078281 -0.15523 0.16703 0.19443 0.050778 0.11347 0.26328 0.0071329 0.14709 -0.068441 0.025473 -0.12476 -0.019398 0.0033217 0.053884 -0.13758 -0.11523 0.018328 -0.13146 -0.031063 0.056156 0.058469 0.090754 0.080231 -0.01934 -0.12816 -0.12342 -0.11071 -0.0028056 0.062546 -0.13376 0.14603 0.068108 -0.064874 0.044019 -0.055593 0.20867 0.092381 -0.067203 -0.1534 -0.04928 0.13992 -0.075576 -0.15843 -0.12455 -0.085843 -0.05941 -0.022889 -0.010302 -0.13466 0.05872 0.0061214 0.097999 -0.13992 0.052782 -0.083245 -0.12856 -0.026089 0.013489 -0.10183 -0.1105 0.15337 0.0016547 0.047657 -0.11716 0.0067623 -0.17629 -0.17239 0.037114 0.009159 0.055434 0.17113 -0.19753 -0.058411 -0.048485
-0.0088553 0.09675 0.13404 -0.20064 0.012266 -0.10668 0.2195 0.030047 -0.17367 -0.016538 -0.072538 -0.048885 -0.028034 0.1973 0.13404 0.070655 -0.057451 0.11064 0.033304 -0.072461 -0.19044 -0.19021 -0.17177 -0.097882 -0.070024 0.11464 -0.10276 0.14349 -0.038787 0.057855 -0.032556 0.14485 0.051291 0.12346 0.091331 0.068641 -0.12421 0.20423 0.098423 -0.10146 -0.22288 -0.02197 -0.18136 0.010213 -0.0066107 0.2694 -0.034137 -0.11192 -0.054556 -0.056522 -0.084746 -0.054615 -0.20625 -0.12402 -0.051122 -0.20945 0.083294 0.35826 0.32277 0.40908 -0.083878 -0.32474 0.18546 -0.026485 -0.40782 -0.20619 -0.26498 -0.4945 -0.050246 -0.12266 0.18838 0.10888 0.27761 0.221 -0.057561 -0.25572 0.035733 0.10471 -0.094665 0.055427 0.091446 0.071596 -0.011816 0.17519 0.26921 0.075488 -0.23014 0.16818 -0.10285 0.045332 -0.023294 -0.069036 -0.052487 -0.16789 -0.063756 0.13006 0.084349 0.17173 0.033065 0.061261 -0.0069407 -0.051236 0.12382 0.053315 -0.083072 -0.006134 -0.077729 -0.10085 -0.13138 -0.27671 0.0010296 -0.055832 -0.16656 -0.064637 0.017108 0.097333 -0.093716 -0.056775 -0.07207 -0.18129 0.18089 -0.20482 0.18013 0.0006019 -0.13564 0.056775 -0.030703 -0.063428 0.19547 0.026462 0.34957 -0.12068 0.14974 0.052263 0.37943 0.099498 0.33443 -0.37226 -0.28453 0.037804 0.13871 0.090351 0.13628 0.055566 -0.024477 -0.023086 0.36413 -0.08539 0.21036 -0.12312 0.16306 -0.10538 -0.057726 0.014839 0.046635 0.03165 0.46487 0.082042 0.46994 -0.26871 0.019725 0.13585 0.49631 -0.26034 0.63153 -0.29327 -0.20716 -0.2694 -0.14402 0.26104 0.15667 0.043013 -7.134e-05 -0.19425 0.28876 0.22497 0.24606 0.37185 0.98622 -0.25268 -0.39706 1.2051 -0.52357 -0.86612 -0.5146 -0.43483 -0.32544 -0.17291 -0.95277 -0.020116 -0.57998 0.1485 0.21847 0.19462 0.070972 0.34623 -0.024393 0.097149 0.1125 0.14098 0.23856 0.24906 0.27474 0.085072 0.33389 -0.84948 0.27704 0.18461 -0.54311 0.13993 0.31383 0.172 -0.014199 0.010459 0.081556 0.050969 -0.098102 -0.066273 -0.097871 0.15607 0.061182 0.0012105 -0.059918 -0.2137 -0.001072 0.3023 0.039276 0.34562 -0.14562 -0.073901 -0.32853 0.066589 -0.1441 0.088754 -0.071689 0.054942 0.0089169 0.04952 -0.73748 0.6184 -0.081403 -0.12376 -0.1902 0.16114 -0.015245 -0.1802 -0.020687 -0.43927
0.023517 0.15259 -0.034386 -0.08602 -0.097723 0.021145 0.071964 0.00073736 -0.069692 0.1426 0.078127 0.16927 -0.04447 0.10377 -0.14125 -0.20799 0.050767 -0.20804 -0.073981 -0.1392 -0.12705 0.13583 -0.061079 0.13129 0.0063637 0.082177 0.060619 0.018535 0.10831 0.03105 -0.18826 0.13149 -0.010366 -0.011432 0.029391 0.1132 0.024094 0.047108 -0.055058 0.16245 0.026694 0.11379 0.10605 0.052088 -0.088313 -0.088981 -0.059337 0.062646 0.12452 -0.043833 0.095049 0.042552 0.0029359 -0.023211 0.044188 0.15373 0.0071465 -0.012593 -0.12908 0.16774 -0.18723 -0.069185 -0.11868 0.15178 -0.03318 0.17547 -0.091016 0.038546 -0.036098 0.12234 -0.09146 -0.04192 -0.068951 0.13042 -0.098834 -0.095492 0.071425 -0.054466 -0.11673 0.14287 0.034817 -0.14518 0.11252 0.095381 -0.0998 0.074404 -0.064871 -0.17081 0.082997 0.1495 -0.0081016 0.094678 0.10433 -0.099601 0.20261 0.053105 -0.11245 0.068305 0.020449 0.05874 0.0059587 -0.13909 -0.045447 0.057076 0.14405 -0.090885 -0.033349 -0.093666 0.089414 -0.049201 -0.11349 0.0052147 0.0021861 -0.15803 -0.049985 0.074032 -0.023224 0.047193 -0.070363 -0.050782 0.060446 -0.056318 -0.065161 0.024886 0.070932 0.12207 -0.057693 -0.0060985 0.14255 -0.092029 -0.16181 -0.036315 -0.0023353 -0.09759 -0.089518 -0.10372 -0.084822 -0.020678 0.046236 -0.060615 -0.11245 0.029714 -0.12175 0.090014 0.0057836 -0.099876 0.15852 -0.001853 0.0030091 -0.097727 0.1215 -0.082576 -0.00097972 -0.13752 0.13293 0.13324 -0.15481 0.091977 -0.1859 -0.05432 -0.11417 -0.026268 -0.095299 0.12818 -0.11533 0.056285 -0.13925 0.063679 0.14147 0.047216 -0.11519 0.096948 0.038296 -0.14524 0.16067 0.10603 -0.063526 0.0088003 -0.092178 -0.067738 -0.14892 -0.11731 -0.10449 -0.1495 0.12135 -0.026064 -0.069375 0.13421 -0.10035 -0.055712 -0.16355 -0.17346 0.028662 -0.22036 -0.024316 -0.075162 -0.18563 -0.030247 -0.047179 -0.099395 0.09565 -0.0056723 -0.13957 -0.019208 0.030656 0.10022 -0.064148 0.022706 -0.14616 -0.16712 0.0018927 0.069106 0.081483 0.057176 0.013894 -0.026487 -0.028557 0.02821 -5.9989e-06 0.13205 0.0095108 -0.085196 -0.067103 -0.030082 0.083089 -0.10219 0.016005 -0.23425 -0.17632 0.070685 -0.07838 0.00043678 0.08862 -0.024111 0.0060486 -0.0558 -0.17161 0.16182 -0.014983 0.012393 0.078889 -0.0020233 0.050838 0.12162 0.0080927 0.042178 -0.031993 0.096259
0.29101 0.069813 0.11334 0.18077 0.14731 0.044887 -0.19663 -0.17484 -0.093577 -0.15118 -0.035441 0.041533 -0.1239 -0.33115 -0.02424 -0.19042 0.077123 -0.1046 -0.048471 -0.131 -0.14579 -0.10761 0.00031076 0.074181 -0.046534 -0.11499 -0.14555 -0.18845 0.035896 0.012485 -0.06503 0.019344 0.051004 -0.0042549 0.037562 -0.091254 0.16165 0.14337 0.03707 -0.13209 -0.091534 -0.097976 -0.085241 -0.019127 -0.1812 -0.17277 -0.2035 -0.22385 0.0062569 -0.079622 0.055801 0.029311 0.094723 -0.16414 0.090109 -0.12883 0.10688 0.17798 0.16302 0.21328 -0.0052873 -0.060569 -0.05565 0.055057 -0.04077 0.076214 0.16222 -0.10669 0.024141 -0.15575 -0.16653 -0.16634 -0.21334 -0.033492 -0.14212 -0.097426 -0.18893 0.052318 0.026118 0.025053 -0.023276 -0.2018 0.026309 0.023122 -0.16462 -0.12335 -0.10844 -0.18412 -0.18739 -0.083989 -0.075503 0.25238 0.18592 -0.088163 -0.070702 -0.12866 -0.082607 -0.13559 0.013125 -0.012368 0.062012 0.074755 0.16216 0.1303 -0.0051839 -0.064442 -0.14095 0.11668 -0.044125 -0.10246 -0.16749 -0.10834 0.079383 -0.058303 -0.062526 -0.15961 -0.099194 -0.10301 -0.23054 0.047165 0.051494 -0.025375 0.046165 0.0054339 0.14674 0.094778 0.083434 -0.019223 -0.27076 -0.025394 -0.26538 0.15864 0.0028663 -0.22721 -0.1636 0.057508 -0.21134 0.063006 -0.038405 -0.0002492 0.070126 0.017094 -0.053024 -0.066783 -0.13847 0.023135 -0.15841 0.087531 -0.032971 -0.18206 0.0012746 -0.14085 0.2105 0.012516 -0.23734 0.26877 -0.14818 0.15651 -0.33457 0.30279 0.060709 -0.24768 -0.30119 0.2458 -0.15482 0.13789 0.29514 -0.093492 0.033564 -0.12126 0.20155 0.010613 0.24439 0.15749 -0.084095 -0.050563 -0.036542 0.18978 0.28739 -0.10474 -0.11395 -0.89533 0.18703 -0.079415 0.098888 0.073011 0.0043909 0.083033 0.0075299 0.13629 0.098983 -0.11501 0.14607 -0.09643 -0.00015866 -0.11919 0.058103 0.037387 -0.035861 0.050496 0.12242 -0.025766 -0.068615 0.055611 -0.21315 -0.16713 -0.19504 -0.13384 0.088409 -0.20287 0.11312 -0.034938 0.11285 0.036567 -0.12314 0.001138 0.035475 -0.17138 0.070525 -0.010019 -0.069715 -0.28288 0.067955 -0.046232 -0.1351 -0.22272 -0.023178 0.067638 0.1065 0.166 -0.11932 0.017174 -0.014743 0.058241 0.070425 0.12178 -0.0064129 -0.215 -0.23239 0.59195 -0.05299 0.18241 0.033398 -0.16269 -0.2338 0.024739 -0.039056 0.21772
-0.18186 0.27434 0.23532 0.036767 -0.043281 -0.024007 0.069334 0.015742 0.046785 -0.0027647 0.019694 0.044134 0.11371 -0.075363 0.075718 -0.032135 -0.075555 -0.17546 0.0059662 -0.12471 -0.11518 -0.018762 -0.11817 -0.17637 -0.19082 0.024609 -0.018105 -0.040058 -0.28348 0.058753 0.026963 -0.18095 -0.078182 0.013381 0.17266 0.26726 0.30823 0.1406 0.16669 0.26904 0.16941 0.063545 -0.1537 -0.013096 0.09303 -0.20479 -0.04591 0.067043 -0.052676 -0.015967 -0.051706 -0.25175 -0.057857 0.0858 -0.074059 0.31303 0.04504 0.0089117 -0.47941 -0.42402 0.28602 0.12206 0.27597 0.24394 0.38941 -0.043535 0.12241 0.092936 -0.044579 -0.079054 -0.34239 -0.23045 -0.069641 -0.20633 -0.044794 0.18411 -0.10556 -0.15003 0.09889 0.02687 -0.1559 -0.093257 0.15349 -0.012571 0.12587 0.29421 0.37725 0.04967 0.019922 -0.31064 0.21806 0.059499 0.30044 0.11586 -0.074521 -0.15217 -0.26557 0.017845 -0.060994 -0.083582 0.17912 0.12574 -0.021468 0.018696 0.041016 -0.050673 -0.010296 0.019564 -0.058484 0.018421 -0.14302 0.094864 -0.013972 -0.12722 0.098394 -0.47603 -0.11115 -0.088834 0.017282 0.20976 -0.033796 0.062439 0.12717 0.018623 -0.24621 -0.10726 -0.061054 0.072 0.078254 0.084727 -0.21219 0.13826 0.064218 0.032883 -0.11248 -0.005458 -0.26961 -0.04867 0.055924 -0.36892 -0.20043 -0.25029 0.098931 0.041698 -0.046948 -0.10989 -0.26474 0.17025 0.23666 -0.062339 0.054618 -0.064568 -0.17576 0.11718 -0.0093927 0.23422 0.16925 0.094112 0.10372 0.11098 -0.054244 -0.028492 -0.21572 -0.17946 -0.41861 -0.35455 -0.21931 -0.22544 -0.2272 -0.11895 -0.20275 0.045818 -0.020419 -0.14404 -0.084273 -0.039333 0.058149 -0.14789 -0.52053 0.028551 -0.087967 0.26339 0.12559 0.30484 -0.017167 -0.35168 0.1096 -0.23469 0.071331 -0.18182 -0.34907 -0.29879 -0.46718 -0.22722 -0.00036208 0.1993 -0.027214 0.19517 -0.18734 -0.10741 -0.16591 0.29512 -0.050951 -0.041678 0.35536 0.32927 -0.25188 -0.12474 -0.097244 -0.089553 0.16285 0.34986 0.080394 -0.063793 0.074193 -0.16478 0.13892 -0.0073203 0.21116 0.046341 0.13658 -0.036174 0.16568 -0.10276 -0.17636 -0.30648 -0.1017 -0.09206 -0.19868 -0.0059512 -0.28436 -0.23881 -0.093974 -0.047112 -0.024432 0.032418 0.052782 -0.0067907 0.55553 -0.083363 0.095235 0.30981 0.23411 0.19916 0.50533 0.22505 0.17038 0.11434
0.081092 0.050685 0.13038 0.17464 -0.16836 0.0068387 -0.18889 0.015957 0.24133 -0.077302 0.050078 0.12869 -0.0037668 0.051814 0.039441 0.033814 -0.15758 0.047639 0.040358 -0.0091168 -0.10829 -0.054889 0.24711 0.29437 0.17965 0.15601 0.2814 -0.036989 0.1904 0.17974 -0.037906 0.23799 -0.0052726 -0.11507 0.16915 0.0077426 0.012708 -0.020334 0.021975 -0.064737 0.17775 -0.074074 0.19543 -0.010147 -0.091881 -0.11099 -0.0087562 -0.03438 -0.10552 -0.048348 0.19717 0.0014156 0.12066 -0.015849 -0.061494 0.047376 0.016825 -0.15846 -0.25633 -0.30503 0.30518 0.2146 0.43278 0.35043 0.44183 0.0034371 -0.097238 -0.064643 -0.0072136 -0.082618 -0.48664 -0.43986 -0.12351 -0.43106 -0.11211 0.21419 -0.10064 -0.20633 0.046735 -0.23437 -0.20151 -0.25773 -0.13723 -0.20456 -0.23625 -0.12868 0.33749 -0.22002 -0.32444 -0.36075 0.39248 0.043914 0.029976 -0.096113 0.18934 0.17892 0.091109 0.037335 -0.030197 -0.15048 -0.26653 -0.15837 -0.037789 -0.11626 0.040386 0.040595 -0.10153 -0.20636 -0.16197 -0.062117 -0.13154 -0.0088027 -0.014838 -0.22704 -0.077764 -0.028111 0.053452 0.006328 0.11387 -0.24207 -0.072612 -0.16991 0.0057964 -0.12734 0.018845 -0.046394 -0.046116 -0.12221 -0.053683 -0.11406 0.13098 0.1312 0.059832 0.065663 0.026462 0.13309 0.13929 0.034184 -0.029999 -0.051603 0.31589 0.29269 0.027046 0.079933 0.16189 -0.0079431 -0.19851 -0.19554 -0.24641 0.042604 0.086888 -0.05564 0.069874 0.068411 -0.1663 0.090732 0.053937 0.16295 -0.070569 0.089419 -0.03407 -0.027575 0.26664 0.091453 0.2091 0.088177 0.047387 0.0054781 0.030641 -0.056543 0.16307 -0.043625 -0.21788 0.059423 -0.31152 0.083779 -0.30924 -0.32476 -0.13231 0.43924 0.39039 0.17985 -0.037022 0.53806 0.068599 -0.017212 -0.18927 -0.077551 0.40669 -0.23879 -0.28688 -0.087829 -0.35194 0.09166 -0.10541 -0.095276 -0.088994 0.079245 -0.025911 -0.086461 0.033195 -0.14057 -0.059387 0.022553 -0.077399 0.27389 -0.23236 -0.15159 0.086308 0.021102 0.083225 -0.21806 0.1023 0.20406 0.059767 0.11477 0.012007 0.0054866 -0.3416 0.10817 -0.10627 -0.16516 -0.15406 -0.14474 0.12914 0.034743 -0.012699 0.0084081 0.17247 -0.093559 0.026972 -0.027189 -0.30068 -0.1289 -0.14085 -0.16055 -0.13417 -0.05408 0.21782 0.51878 0.14878 0.34506 0.22741 0.1244 0.25892 -0.11911 0.13032 0.052178
0.18632 0.065496 -0.21682 -0.07582 -0.076692 -0.04476 -0.1981 0.014133 -0.10524 0.040666 -0.016583 0.020432 0.071293 0.030265 -0.10705 0.073273 0.050782 0.18253 -0.17175 -0.11162 0.0084494 -0.15306 0.055011 0.1086 0.2359 0.21793 0.1105 -0.059348 0.23552 0.1112 0.059439 -0.057999 -0.040033 -0.096587 -0.12058 0.049623 -0.195 0.073722 0.1234 -0.081001 0.056496 -0.13272 0.08309 -0.1381 -0.12937 -0.04428 -0.14453 0.064041 -0.11082 0.11765 -0.10648 0.029191 0.089986 -0.059663 -0.098238 0.087829 0.18118 0.10615 -0.01885 -0.24554 0.19788 -0.10165 -0.12204 -0.011055 0.185 -0.24388 -0.0014872 0.063058 0.06367 -0.0014965 -0.36992 -0.04651 -0.21428 -0.16415 -0.18065 0.14482 -0.175 -0.17383 0.017488 0.051184 -0.046728 0.11971 -0.040074 -0.22827 -0.15772 -0.22482 -0.032192 -0.03681 -0.15212 -0.095228 0.0006893 0.22458 0.0072585 -0.013575 -0.012416 -0.15512 -0.018119 0.0092755 0.042416 0.17804 0.03612 0.080346 0.12435 0.2186 -0.054343 -0.035296 0.093731 -0.1042 0.15751 -0.18988 -0.10887 -0.191 0.076819 -0.029036 0.011149 0.23092 -0.097054 0.20329 -0.01647 -0.19954 0.205 -0.01013 0.0056245 0.12285 0.052244 0.14052 -0.05715 0.076791 -0.14937 0.02316 0.025834 0.044841 -0.0034097 0.03568 -0.040525 0.10252 -0.056799 0.26876 -0.065887 0.10393 0.067238 0.0057649 0.058364 -0.06796 0.13074 -0.13155 -0.15089 -0.16495 -0.087886 -0.13059 0.085308 0.11616 0.00075062 0.10645 -0.10239 -0.093642 -0.010345 0.10073 0.042345 0.11179 0.11434 0.018244 0.11655 0.16629 0.14007 0.2096 0.066388 0.065038 0.03398 -0.063747 0.036137 0.038141 0.10817 -0.11734 0.00014812 -0.13365 0.28561 -0.26727 0.090546 0.046753 -0.14768 -0.21542 -0.07948 -0.095123 -0.18817 0.0197 -0.073426 -0.034908 0.10013 -0.17982 0.042866 0.107 -0.13556 0.12468 -0.119 0.027136 -0.09601 -0.077836 -0.04666 0.17453 0.09879 -0.11921 0.031896 -0.10916 -0.011531 0.077881 0.047469 -0.16195 0.049076 -0.10003 -0.076837 -0.13033 -0.038181 0.036523 0.046826 -0.13275 -0.17167 -0.1727 -0.057739 -0.10762 0.15839 0.091287 0.15731 0.13446 0.037563 0.37741 0.081325 0.14013 0.078214 0.16072 0.09236 0.013821 -0.076524 0.041605 -0.15182 0.042515 0.096889 -0.050487 0.039761 0.30825 0.018649 0.10885 0.051388 -0.10902 0.028181 -0.05316 0.14626 0.16477
0.085781 -0.012574 0.034494 0.095678 -0.22309 0.0088336 -0.10483 0.13799 0.13316 0.10669 0.13365 0.16638 -0.049572 -0.22783 -0.14555 -0.032714 -0.078889 -0.0058008 -0.10381 0.12954 0.21774 -0.07373 0.099029 0.058294 -0.11395 -0.046069 0.01683 -0.17478 -0.028097 0.035765 -0.13947 -0.0077694 0.038012 -0.20474 -0.18235 -0.20311 0.28962 0.24265 0.18547 -0.020052 0.27749 0.002787 0.046921 -0.037399 -0.017336 0.089843 0.076447 -0.033459 0.019955 -0.092565 0.031272 0.22213 0.3249 0.17263 0.090229 -0.084846 0.10196 0.089113 0.12252 0.23028 -0.018334 -0.039772 -0.1459 -0.030898 0.055983 0.13948 0.12464 0.093966 -0.032731 -0.051216 0.050806 0.1063 -0.063389 -0.18898 -0.0977 -0.16429 0.023135 -0.058387 -0.18216 0.064275 -0.064763 0.010771 0.063206 0.082272 -0.060481 -0.015877 -0.0026345 -0.21064 -0.13362 0.012889 -0.025961 0.063875 0.10368 -0.011601 -0.092675 0.048763 0.050136 -0.1961 -0.18628 0.20772 0.013618 -0.02343 0.025314 -0.044304 0.1269 -0.033957 0.11695 0.059516 -0.17919 0.073951 0.059392 -0.19411 0.18181 -0.060883 -0.096208 0.17119 0.13679 0.14099 -0.14458 0.053455 -0.017628 -0.212 -0.1862 -0.25561 -0.16718 -0.052502 0.19997 0.13409 0.022645 0.019115 -0.15864 0.1734 -0.15466 -0.089035 -0.16212 -0.11714 -0.099693 0.027432 0.020503 -0.12753 0.10579 0.087216 0.020743 0.2004 -0.068376 0.20064 0.045924 0.23766 -0.03726 -0.29675 -0.15183 -0.31297 0.11405 -0.20564 -0.10006 0.20418 -0.13818 0.22147 -0.09328 0.41557 0.057388 -0.13332 -0.30877 0.12205 -0.16444 0.34283 0.206 0.073035 0.13072 0.25815 0.16324 0.060339 0.10188 0.2393 0.061826 0.13248 0.13847 0.073574 0.39128 -0.33059 -0.13067 -0.73782 -0.045373 0.073248 0.15507 0.046514 -0.016159 0.092514 -0.072702 -0.033501 0.058318 -0.068868 0.15195 -0.04491 -0.20289 -0.14737 0.0050421 -0.14257 0.016814 -0.12541 -0.19806 -0.085707 -0.28726 -0.17767 -0.1966 -0.10531 -0.064176 0.037461 0.020868 -0.19519 0.03014 0.2157 0.11357 0.13985 -0.26974 0.032011 0.020825 0.077622 0.32454 0.12509 0.12801 -0.031151 0.12148 0.12812 -0.12317 -0.03856 -0.030971 -0.0030724 0.19098 -0.042698 -0.010728 0.24422 0.075717 -0.13336 0.0022059 -0.05506 0.13803 -0.1769 -0.30689 -0.12231 -0.021183 -0.14898 -0.15472 -0.060711 -0.037163 0.032095 -0.0055314 0.17075
-0.16319 -0.0051846 0.14304 0.037188 0.11828 -0.19995 -0.18703 -0.18789 -0.016735 0.03936 0.030867 0.042233 0.049763 0.13636 0.23112 0.049909 0.01608 0.11984 -3.9427e-07 -0.10289 -0.11365 -0.042294 -0.032394 -0.026786 -0.13416 -0.040448 -0.12185 0.066951 -0.22212 -0.2045 0.0088331 -0.078564 -0.026747 -0.17535 0.11089 -0.11574 0.23532 0.22134 0.027887 0.12214 0.067492 0.034388 0.059032 -0.028392 0.046412 -0.077038 0.077805 -0.021032 0.14048 0.046663 -0.047463 0.024004 0.043596 0.10626 0.12592 0.089397 0.17821 0.14596 -0.083194 -0.12105 -0.097477 0.074147 -0.045615 0.084726 0.14556 -0.029883 0.080422 -0.18715 0.045541 -0.053372 0.12806 0.076971 0.073617 0.057796 0.13314 0.11956 -0.084693 -0.011266 -0.086908 -0.023667 -0.0078096 0.1495 0.16834 0.073657 0.024723 -0.06921 0.043524 0.099426 0.010161 0.11313 -0.07724 -0.0011059 -0.054101 0.053197 -0.059702 -0.18363 -0.2443 -0.11143 0.0066357 0.20983 0.1223 0.087276 0.13797 0.17523 0.13247 -0.068931 0.071014 -0.017732 0.11124 0.042322 -0.0089649 0.13452 0.095337 -0.056992 0.13585 -0.19312 -0.15934 0.061598 -0.06285 0.008621 0.01059 -0.11655 0.14675 -0.011361 0.058859 -0.030975 -0.12706 0.17135 -0.028584 0.015094 0.21471 -0.10264 0.022877 0.13906 -0.0002976 -0.048865 -0.12249 -0.019042 0.12664 0.15416 -0.23606 0.07991 -0.05522 -0.10737 0.029948 0.0086132 0.053445 -0.11958 -0.078042 0.032359 -0.056376 -0.067932 -0.061985 0.10065 -0.151 -0.12334 -0.011756 0.18074 0.065209 -0.0066176 0.032325 0.15693 0.20572 0.046316 0.26045 -0.031054 0.11722 -0.10117 0.095409 -0.0054799 -0.12085 -0.12145 -0.060196 -0.1855 0.070951 0.16882 -0.072041 -0.029256 -0.19735 -0.015587 0.050792 0.26978 0.10476 -0.11827 -0.071413 -0.098375 -0.19738 0.037768 -0.10108 -0.17426 -0.099006 0.014822 -0.014541 0.062875 0.097789 0.17293 0.26895 0.057211 0.17992 0.108 -0.1221 0.14839 -0.051802 -0.027501 -0.0818 -0.1084 -0.093911 0.16583 -0.041966 0.068456 -0.16184 -0.202 -0.045853 -0.013097 -0.035157 0.12019 -0.18167 -0.020811 0.15377 0.029091 0.053976 0.053838 0.13123 0.013142 -0.032933 0.0091062 0.086833 0.17011 0.18429 0.028189 0.13722 0.14609 0.093724 -0.013352 -0.032681 0.12834 -0.12184 0.07818 0.18018 0.09692 -0.05707 0.019267 0.07697 0.20694 0.16205 0.081354 -0.091956 -0.20106
0.047774 0.085635 -0.17118 0.024925 0.034174 0.082263 0.17798 0.10964 0.13741 0.017373 0.19489 -0.0014046 -0.13193 0.10419 0.098446 0.08055 -0.1043 0.013829 0.06626 0.13741 -0.0837 0.091538 0.016443 0.042384 -0.069402 0.096937 0.025195 0.070932 -0.049655 0.088229 0.053063 -0.055342 -0.16152 0.15203 0.2045 -0.12811 0.10147 0.026063 -0.067948 0.0075677 -0.063257 -0.1468 -0.030782 0.10247 0.08311 0.015868 -0.10831 0.034392 -0.051028 -0.068069 0.036284 0.0017165 -0.089227 -0.083248 -0.12927 0.10292 -0.18675 0.031115 -0.18949 -0.15939 -0.053099 0.0604 -0.051407 -0.030776 0.1564 -0.04129 -0.074936 -0.014964 0.011534 -0.11774 -0.13315 -0.082754 -0.088764 -0.012362 0.063728 -0.066343 0.034363 -0.094962 0.13562 -0.096549 0.15569 -0.10155 0.029966 0.13164 0.12521 0.12019 0.055219 -0.10115 0.098267 -0.046614 0.10778 -0.068596 0.12878 -0.10503 -0.034528 0.15253 -0.028841 -0.050142 0.023957 -0.17858 -0.067939 0.063684 -0.022575 0.027165 -0.0016002 0.033345 0.069943 -0.10072 -0.079182 0.054129 -0.0035684 0.095241 -0.12112 0.1061 -0.03546 0.12767 -0.121 -0.10133 -0.09227 0.0087556 0.12378 -0.0223 -0.11414 0.12283 -0.0007891 0.050669 -0.028114 -0.17044 -0.22568 0.010151 0.05866 -0.069537 -0.049495 -0.10136 -0.062373 0.12953 -0.064407 0.050071 0.1725 0.15629 0.071433 0.13886 0.23405 0.017455 0.16418 0.19952 0.16746 -0.10685 -0.21639 -0.13072 -0.11314 -0.10529 0.16669 0.16064 0.16204 0.059807 -0.07361 -0.082107 -0.098902 0.030089 -0.017458 -0.15714 0.027066 0.025776 0.11033 0.19799 0.20886 -0.0059071 0.22334 0.23666 0.14115 0.2255 0.2016 0.093685 0.057177 -0.0090087 -0.21291 -0.17746 0.11947 -0.1084 -0.13256 -0.34532 -0.13442 0.083522 0.23614 -0.06768 0.0053089 -0.0014318 0.0030028 0.015396 0.048289 0.16848 0.083921 -0.18353 -0.025253 -0.040541 -0.090694 0.049022 0.091949 0.15277 -0.042083 0.017233 0.050294 0.17919 0.11338 0.19281 0.016222 0.17866 0.15192 -0.086929 -0.072192 0.080748 -0.085453 0.072751 0.037287 0.021746 0.016662 -0.12446 -0.092395 -0.13595 0.10073 -0.031839 -0.033362 0.0062924 -0.16083 0.068223 -0.01522 0.16013 0.22305 0.20565 0.090277 -0.057462 0.081945 0.14072 -0.13771 -0.050029 0.073863 0.10912 -0.23931 0.48738 0.074838 0.15436 0.028989 -0.045258 -0.11026 0.15653 -0.093337 0.0030984
0.03708 -0.15634 0.051109 -0.010895 -0.018323 -2.029e-05 -0.10162 -0.070511 0.028125 -0.14921 -0.0066029 -0.031459 -0.05437 0.17997 -0.05926 -0.050264 0.10194 0.036656 0.0049186 -0.021763 0.049385 -0.14041 -0.091682 0.012981 0.043315 -0.18941 -0.13915 0.096674 0.090902 -0.052258 0.02338 -0.059412 -0.015515 0.13975 -0.024571 0.048159 -0.021768 0.045165 -0.048223 0.070212 -0.18224 -0.046277 -0.14365 0.036502 -0.07531 -0.17283 0.035579 -0.1148 -0.10027 -0.029626 -0.13777 -0.14153 0.03231 0.10863 -0.10215 0.059409 0.066424 -0.081283 -0.10242 0.12705 0.1695 -0.033761 0.056785 -0.07411 0.054927 0.021283 -0.082291 0.10915 0.013275 0.084404 0.040481 0.048955 -0.049017 -0.047816 0.13321 0.12498 -0.06247 0.14475 -0.09429 0.069982 -0.014292 -0.16175 0.034634 -0.10705 0.0043063 -0.015654 0.13165 0.060522 0.11583 0.025405 0.1125 0.1231 -0.026918 0.087797 0.070858 -0.073872 0.082965 -0.12147 0.022408 -0.1324 -0.21122 -0.23594 0.031132 -0.045934 0.12664 0.095644 0.03981 -0.064209 0.098383 -0.13563 -0.091649 0.11292 -0.15733 0.029633 0.1037 -0.13453 0.040399 -0.12117 -0.016494 -0.14925 -0.22464 0.010073 0.053112 0.077454 -0.087101 -0.040607 -0.12299 0.11843 0.038473 -0.0010776 0.18945 -0.07698 0.13022 0.19432 0.20104 0.15531 0.13704 -0.25113 0.049444 -0.076137 -0.18482 -0.075736 -0.13865 -0.12468 0.056364 0.016434 -0.16428 -0.025811 -0.15251 0.20698 -0.052026 0.15434 -0.052753 0.025213 0.15021 -0.012985 0.020347 -0.22434 0.13959 -0.0087008 0.18327 0.231 0.23411 -0.18128 -0.10681 -0.17465 0.0063168 -0.068265 -0.1105 0.11263 -0.2185 0.039208 -0.27241 -0.0070769 0.081229 0.14934 0.063361 -0.036422 -0.27724 0.071038 0.22437 0.47304 0.14211 0.13162 -0.14017 -0.03124 0.034112 -0.036197 0.096088 -0.0070499 0.036428 -0.011679 -0.19415 0.076288 0.072802 0.123 0.12209 0.027675 -0.17784 0.068033 0.006476 0.062633 0.11925 0.010334 -0.0016938 0.12606 0.15401 -0.1644 -0.11322 0.23628 -0.09059 -0.047398 0.019264 -0.061199 -0.016317 0.014424 -0.10741 0.18897 -0.074358 0.15232 -0.082501 0.10172 -0.029168 0.28766 0.12284 -0.097195 -0.034013 0.11464 -0.16318 -0.067691 0.027475 -0.13633 0.050619 -0.15012 0.059331 -0.16079 0.14577 0.0094693 0.22018 -0.29069 0.0055827 0.085553 -0.060112 0.17027 0.13045 -0.07754 0.27291 -0.052842
-0.19914 0.0096866 0.0068067 0.09538 -0.12066 -0.015194 0.12272 0.15543 0.12892 -0.0243 0.13516 0.18563 0.11034 0.10834 -0.02874 0.025914 0.097459 0.072432 0.16599 0.063365 0.093256 -0.040634 -0.089192 -0.020693 -0.027835 0.074981 0.1478 -0.054758 -0.034371 -0.02386 -0.010887 -0.042256 0.075273 0.10422 0.13332 0.025349 0.11164 0.092677 0.005889 0.04078 -0.053815 0.057505 -0.10392 0.19112 0.10426 -0.075574 0.10253 0.15039 -0.073115 0.13415 0.1126 -0.014033 -0.059525 0.17492 -0.10652 0.066009 0.092728 -0.075417 -0.21154 -0.084214 0.086072 -0.080215 -0.072558 0.11077 -0.13037 0.064306 0.13487 -0.039479 -0.12117 0.0017772 0.13543 0.16585 0.01223 -0.022247 -0.05966 0.081817 0.071604 0.16595 0.033992 -0.056778 -0.012206 -0.094445 0.18642 -0.022425 -0.039756 0.14661 0.16149 -0.0091783 0.1031 -0.043672 0.030478 -0.12058 -0.1671 -0.034744 -0.092925 0.043398 -0.10886 0.025586 -0.047683 0.0613 0.031539 0.10492 0.07393 0.11127 0.11888 0.11923 0.13407 0.084847 0.069746 0.13102 0.024224 -0.031417 0.06637 0.042748 0.091594 -0.10193 -0.10287 0.15627 0.036891 0.061442 -0.014646 -0.12219 0.071892 -0.14543 -0.19322 0.12264 -0.10449 -0.095103 0.23174 0.13007 0.087543 -0.07207 0.21081 0.16678 0.24909 -0.10328 0.1025 -0.034907 -0.072827 -0.096251 0.073416 0.0057649 0.11979 0.065695 -0.098498 0.02864 -0.094109 -0.11955 -0.094053 0.11982 0.059665 0.08966 -0.18373 0.017725 0.044199 -0.10213 0.14879 -0.075453 0.048511 -0.044327 -0.0549 0.059395 0.15462 0.055685 0.20804 0.0057693 -0.18112 -0.12453 0.093278 -0.020167 -0.16522 0.062281 -0.13425 0.061745 0.031788 0.12957 0.090619 -0.21485 -0.097995 0.20286 0.13772 0.38003 -0.018663 -0.011196 -0.0024786 -0.085439 0.059024 -0.18538 -0.081704 -0.0010538 -0.042293 -0.010371 0.10608 0.049252 0.045904 0.10324 0.032464 -0.048367 0.056967 0.11476 0.060987 0.1332 0.01774 -0.10349 -0.071305 -0.073739 0.12917 -0.10088 -0.15005 0.13743 -0.089951 -0.076809 0.040446 -0.017839 -0.018153 -0.050649 0.15756 0.15432 -0.093087 -0.085285 0.024397 0.20846 -0.013746 -0.014676 -0.030319 0.072816 0.14084 0.14736 -0.13857 -0.026405 0.12932 0.14016 0.083962 -0.10204 0.015432 -0.031516 0.11522 -0.082955 0.050078 -0.33339 0.071926 0.12239 -0.07645 -0.086386 -0.040403 -0.067084 -0.083885 0.053288
-0.20162 -0.14998 -0.0074236 0.008994 -0.17065 -0.0027927 0.15199 0.050508 0.0052884 -0.099618 -0.0052279 0.028579 -0.027438 0.018294 0.020369 0.2105 0.044553 0.19643 0.0056138 -0.053341 0.10391 0.13139 0.063118 0.011167 -0.11271 0.016311 0.15302 0.04873 -0.13484 -0.1016 -0.093852 0.056106 0.043564 0.016391 0.15958 0.1951 -0.11022 -0.03163 -0.049567 0.01971 -0.094067 -0.021564 0.19662 -0.06931 0.015062 -0.12253 0.015604 0.14079 0.10762 -0.00013153 0.044575 0.017212 -0.039162 0.0035253 0.14945 0.034851 -0.13425 0.013174 -0.22507 0.035317 -0.035496 -0.069237 -0.014791 0.11393 -0.023521 0.0012652 -0.034012 0.1267 0.01227 -0.14535 0.024383 0.042619 0.14591 0.0080515 -0.065101 0.153 -0.035691 0.18231 0.14905 -0.068187 0.064458 0.18212 0.085028 0.18643 -0.025771 -0.099845 -0.0086337 -0.067086 0.09733 0.057132 -0.0031203 -0.11253 0.016436 0.087908 0.0863 -0.1368 0.052636 0.0045168 0.067525 -0.13994 0.011658 0.074146 -0.0050448 -0.1275 0.092955 0.11054 -0.041077 0.083944 -0.02212 0.044842 0.034015 0.10084 0.0074866 0.17778 0.080922 -0.046424 0.19521 -0.096419 -0.07348 -0.16935 -0.21981 0.0064082 0.013859 0.034741 -0.21607 -0.054626 -0.06483 0.19123 0.023906 0.11627 0.17255 -0.11751 0.14509 0.31546 0.04786 0.13061 0.1861 -0.1531 -0.11277 -0.076124 0.015904 -0.025677 0.12658 0.10238 -0.106 0.020375 -0.082863 0.0014718 0.039016 -0.035032 -0.082151 -0.16224 0.025839 0.10121 0.078453 0.051526 0.19653 0.062101 0.10731 -0.032756 0.18972 0.068525 0.23156 -0.039294 -0.048436 -0.13447 -0.087683 0.023789 -0.15647 -0.047582 0.068716 0.08245 -0.16363 -0.069614 0.16689 -0.077257 -0.12066 0.022544 -0.12127 0.007992 -0.037679 0.28348 -0.031599 0.057599 -0.14649 -0.056985 -0.11466 0.080358 -0.14115 0.019405 -0.050921 0.023789 -0.08575 -0.029754 0.20796 0.20432 0.098962 0.090162 -0.14327 -0.12835 -0.012038 0.071328 0.15285 -0.0054037 0.083037 0.097216 0.11464 0.068227 -0.10758 -0.033941 0.04869 -0.11503 -0.081128 -0.10602 -0.095618 -0.056626 0.1636 -0.053606 0.043973 0.022399 0.10012 0.095053 0.016983 0.16144 0.22749 0.011892 -0.0012578 -0.064388 0.086495 -0.027117 0.087724 -0.090582 -0.054795 0.093214 0.026283 0.1562 0.0063221 0.18469 0.30466 -0.3798 -0.019287 -0.17559 0.044918 -0.083989 0.073006 0.027711 0.15076 0.097101
-0.16433 -0.032928 0.044149 0.063849 -0.16132 0.061472 -0.01724 -0.0056004 0.11823 -0.15347 0.067398 -0.096872 0.10928 0.031642 0.12748 0.15656 0.12059 0.023145 0.025379 0.19052 0.18827 0.16211 -0.035616 0.18806 0.036978 0.091512 -0.016949 -0.12651 -0.003428 -0.12326 -0.11483 -0.047153 0.052834 -0.1689 0.072669 0.096134 -0.13704 0.10404 -0.063493 -0.02825 0.0049988 -0.01565 -0.036269 -0.050154 0.16439 -0.061099 -0.089211 0.050302 0.17364 0.074021 -0.016178 0.03315 0.059823 -0.023269 0.1396 -0.10553 -0.063558 0.066378 0.027063 -0.10277 -0.11266 0.085208 0.13526 0.093672 -0.063017 -0.10571 -0.027635 -0.02211 0.11954 0.058343 -0.0037213 -0.029688 -0.10104 0.092469 0.062316 0.043752 0.19962 0.15489 0.17637 0.014619 -0.00011965 0.18868 -0.1064 0.18724 0.00072206 0.12395 -0.081983 0.1196 0.23414 0.063241 -0.16451 -0.066532 -0.013725 -0.029672 -0.0021505 -0.092633 -0.17688 0.17109 0.15317 0.0093012 0.1236 -0.023515 -0.039017 0.11069 -0.073271 0.13483 0.046219 -0.034189 -0.099871 -0.022039 -0.10682 0.0081233 -0.055827 0.1668 -0.059207 0.13576 0.019342 0.11402 0.14003 0.037095 -0.095398 -0.016664 -0.18521 -0.090973 -0.025162 -0.057397 -0.048834 -0.097547 -0.11612 -0.08014 0.10479 -0.09896 0.046037 0.041779 -0.0042102 0.0018784 0.043577 0.074758 -0.00095534 -0.022846 -0.046519 0.0571 -0.12912 -0.025906 -0.071979 0.10979 0.12116 0.13298 -0.041666 -0.13118 -0.13177 0.10254 -0.022158 0.019002 0.037586 -0.12142 -0.15837 -0.13893 0.054929 -0.035723 -0.14194 0.038195 0.070287 0.011568 -0.073979 0.13933 -0.021373 -0.013573 -0.11553 0.023847 0.0038233 0.14389 0.071852 0.19985 0.012161 0.087025 0.019326 0.067756 0.027449 -0.053028 -0.067032 -0.066711 -0.065722 -0.048933 -0.11439 -0.18584 -0.11087 0.074617 -0.022991 -0.15027 0.048979 0.035196 -0.022769 0.035463 0.030715 0.1844 0.12562 -0.054938 0.072638 0.075539 0.057103 -0.052839 0.17717 0.15327 -0.0023666 -0.057544 -0.10907 0.18252 0.012982 -0.052526 0.090554 0.0074054 0.056945 -0.19416 -0.14943 -0.064812 0.16534 -0.076562 -0.093724 -0.019089 0.02804 -0.11436 0.12053 -0.049536 0.017698 -0.099974 -0.11507 0.15873 0.12813 0.13233 -0.022056 0.099974 -0.023537 0.1655 0.030209 0.12478 -0.062261 0.021956 0.082192 0.011835 0.1023 0.10729 -0.1444 0.11094 -0.031094 0.15533 0.11671 0.12194
-0.12208 -0.0015404 -0.027863 -0.15877 0.0071602 0.082221 -0.074629 0.14077 -0.003933 -0.078552 0.019899 0.031113 -0.015483 0.040961 -0.048075 0.0467 0.13274 0.029986 -0.098411 0.11843 -0.079761 -0.0029116 -0.068822 0.097543 -0.021338 0.009588 0.023964 0.055826 -0.20973 -0.055187 -0.091757 -0.091239 -0.099101 0.062593 0.088823 0.018457 -0.18479 -0.11136 -0.13765 0.13934 -0.12758 0.026769 0.090611 -0.057806 0.12426 -0.12665 0.14974 0.10623 -0.093731 0.031891 0.1327 0.03113 -0.098307 -0.029694 0.11911 0.054278 -0.11808 -0.17777 -0.14745 -0.11874 -0.074335 0.013835 -0.037813 -0.016428 -0.008221 -0.068023 -0.08839 0.023951 0.088128 0.12167 -0.10203 -0.077637 0.0051264 0.12857 -0.04287 0.093341 -0.048065 -0.0093188 0.1798 0.099108 0.10362 -0.10192 0.049483 -0.092098 0.061163 0.18726 -0.095469 -0.072628 -0.061353 -0.084962 -0.079105 -0.010132 0.036605 0.040564 -0.096111 -0.092588 0.11334 -0.057882 0.033603 0.037734 -0.078899 -0.17598 -0.12839 0.058387 -0.12495 -0.044316 -0.055369 0.085124 0.092477 0.15671 0.010724 0.14783 0.035967 0.18058 0.16384 0.021519 -0.12214 -0.044399 -0.072855 -0.20027 -0.043534 -0.084656 0.057706 -0.067927 0.078536 -0.025069 -0.028509 0.1745 0.077769 0.043516 0.083835 0.036368 0.17108 0.0866 0.051595 -0.084889 -0.062879 -0.19145 -0.17259 -0.13716 -0.0032 0.0983 0.057106 0.016606 0.15628 -0.11069 -0.025635 -0.11171 0.074345 0.17132 0.050586 0.092194 -0.11576 -0.078623 0.14256 -0.0016758 0.14736 -0.085581 0.26763 -0.15068 -0.071489 0.057669 0.20823 -0.057774 0.15826 -0.18499 -0.0010345 -0.021207 0.00036762 -0.18564 -0.13509 -0.038893 0.030272 0.08241 -0.072734 -0.011531 0.10697 -0.067256 -0.084321 0.27447 -0.016317 0.55045 -0.021042 0.097463 -0.038799 0.0073342 0.0095657 -0.17562 0.12947 -0.035416 -0.059744 -0.086355 -0.051452 0.082067 0.21102 0.035249 -0.021563 -0.026634 0.10537 0.097262 -0.036187 0.18862 0.14621 0.12977 0.053111 -0.037523 0.073323 0.1032 -0.17116 0.26753 -0.12883 -0.021481 0.059791 0.042591 -0.14286 0.06516 0.048343 0.15984 -0.053895 -0.012067 -0.14572 0.23098 0.033962 0.22294 0.031186 -0.087446 0.012971 -0.029855 -0.10804 -0.097341 0.13731 -0.19405 0.078327 -0.12445 0.01233 0.022703 0.082685 0.1148 0.27363 -0.18157 -0.05024 -0.1124 -0.0497 0.10221 0.1786 -0.044959 -0.0073852 0.03335
-0.15443 -0.0031644 0.082249 0.062631 0.028506 0.1583 0.18445 -0.089374 -0.056121 0.068034 -0.013925 -0.10837 0.11986 -0.12005 0.077653 0.011152 -0.017195 -0.083953 -0.041007 0.028977 0.065003 -0.027284 0.17264 0.078649 0.038658 -0.06221 -0.052649 -0.084108 -0.006243 -0.12895 -0.17005 0.090608 -0.02906 0.12964 0.10636 -0.10989 0.13006 -0.033529 0.031886 0.1467 0.041349 0.039972 -0.032143 0.071868 0.12962 0.093173 -0.096227 -0.057351 0.03289 -0.11416 0.087742 0.10967 -0.10612 -0.096563 0.1083 0.17395 0.077956 -0.19458 -0.1182 -0.19961 -0.041413 -0.080797 -0.1032 0.11777 -0.05005 -0.050045 0.15651 0.0074367 0.01628 -0.008767 0.018133 -0.098177 -0.014919 -0.15343 0.11205 -0.14226 0.062258 0.068012 0.014729 0.11865 0.11554 0.0076054 -0.098425 0.11057 0.10544 0.17201 -0.054843 0.023216 0.028003 0.029832 0.11866 -0.046147 -0.084734 0.084931 -0.17478 -0.13442 0.14454 -0.071054 0.055426 0.1012 0.00050512 0.079652 -0.0071059 0.11189 -0.079692 0.14829 0.0013407 0.086374 0.079749 -0.092651 0.031396 -0.024002 -0.010039 0.10162 0.088365 0.16275 0.11803 0.12767 0.13443 -0.061954 0.17677 0.094992 -0.11479 -0.080456 -0.11098 0.17142 0.08122 0.11838 -0.15091 0.11563 0.02309 -0.091106 0.0092579 -0.010361 -0.1432 -0.03865 0.085752 0.042258 0.17701 0.036937 -0.0018087 -0.0076441 -0.089495 -0.067268 -0.093717 -0.059071 -0.013222 -0.12518 -0.13311 0.11525 -0.064671 -0.089919 -0.12845 0.16227 -0.10991 0.093342 0.057706 0.11065 -0.13151 -0.0092774 -0.16867 -0.095046 -0.11067 -0.071997 -0.037684 -0.040945 0.016381 0.082191 0.079857 -0.042291 0.11421 -0.064153 -0.048024 -0.077668 -0.051591 -0.16355 0.014943 0.0039214 -0.049654 -0.094826 -0.08997 -0.12911 -0.077154 -0.070575 0.17775 -0.071976 0.12018 0.040301 0.095735 -0.037655 0.012492 0.022644 -0.0046251 0.032948 0.0074715 0.029021 -0.0082137 -0.10274 -0.06723 -0.021667 -0.054385 -0.16633 0.12688 -0.12756 -0.010985 -0.0012608 -0.054647 -0.026436 -0.057506 -0.21573 0.015669 0.00036108 0.0096797 0.13948 -0.13425 0.0019067 0.19043 -0.14885 -0.063358 0.086399 -0.11274 -0.037617 0.042688 -0.13424 -0.0099535 -0.12992 0.081908 0.12418 0.11876 0.1099 -0.023453 0.14175 -0.13491 -0.089994 -0.087164 -0.097506 0.046213 -0.046924 -0.14215 0.068695 0.24402 0.15372 0.14878 0.066835 -0.16743 0.13386 -0.13658 0.051226
0.09198 0.37889 0.069712 0.13599 0.0051567 -0.17617 -0.30754 -0.26905 -0.046644 0.014025 0.40757 0.16299 0.022577 0.07027 0.28723 0.0035733 0.0043932 -0.19669 0.19119 -0.012884 -0.22799 0.071484 0.17062 0.34329 -0.047139 -0.079999 0.09098 -0.12428 -0.18608 0.13992 0.035211 0.037385 0.16614 0.020138 -0.11244 0.041048 0.42661 0.26061 0.33536 0.39415 0.30385 -0.035091 0.14365 -0.05007 0.051184 -0.012237 0.031682 0.053241 -0.0049037 -0.13261 -0.17535 0.16113 -0.11806 -0.16244 0.020976 -0.14167 -0.24525 0.0017873 0.23703 0.10947 -0.36148 -0.0051471 -0.20532 0.066724 -0.23036 0.27346 -0.15268 -0.048381 0.047706 -0.11564 0.25412 0.17895 0.1183 0.16112 0.041878 -0.21461 -0.039998 0.13894 0.10937 -0.082877 0.12382 0.077265 0.17781 0.26619 0.24284 0.046162 -0.024484 0.040696 -0.098126 0.1286 0.063703 -0.070019 0.18651 0.0096814 0.22087 0.23221 -0.23534 -0.0093789 -0.23863 0.061706 0.02855 0.26417 0.27758 0.14417 0.04397 0.16866 0.10815 -0.10333 -0.08362 -0.011916 -0.039678 -0.15796 -0.10304 -0.17438 -0.076671 -0.45953 -0.12926 -0.28708 -0.20342 0.025035 -0.35105 -0.21677 0.18126 0.17209 0.34363 -0.10916 -0.13223 0.25603 -0.074806 0.19216 -0.006834 0.22103 0.18342 0.15062 -0.0092863 0.14191 0.0098697 0.36504 0.24608 -0.19333 -0.035734 0.042482 0.10759 -0.072843 0.17365 0.39466 0.14758 -0.04744 -0.08208 -0.25487 0.10724 0.31165 0.1754 -0.076802 0.028334 0.082969 -0.40928 0.24355 0.012924 0.50951 0.19985 0.13027 -0.076422 0.41033 -0.089212 0.37002 0.34618 -0.10818 0.2161 -0.1963 -0.15225 0.0037436 -0.11532 0.052689 0.1809 -0.10938 -0.057661 0.48623 0.57134 -0.38333 -0.050263 -0.89119 0.34132 -0.090402 0.33283 -0.088594 0.042811 0.032334 -0.17037 0.15306 0.21838 -0.066186 0.14964 -0.20561 -0.073587 -0.15202 -0.12357 0.033395 0.0095068 0.026071 -0.15683 0.080484 -0.22613 -0.10032 0.0067607 -0.14787 -0.1292 -0.047473 -0.11938 -0.19442 -0.32817 -0.097225 0.014671 0.1619 0.42682 0.37492 -0.05932 0.14963 0.080037 -0.13124 -0.19801 -0.099987 0.10204 0.22185 0.1689 -0.35237 0.22576 0.12857 0.29975 0.084322 -0.10866 -0.022209 -0.19422 -0.13834 -0.0044324 -0.15564 0.022423 -0.026035 -0.50159 0.91165 0.1603 -0.0020776 -0.071953 -0.098899 0.045012 0.13097 -0.10136 -0.07281
0.18502 -0.053938 -0.1016 -0.04606 -0.059953 -0.17705 -0.034635 -0.1348 0.058867 0.17288 0.047644 0.11332 0.18108 0.027154 0.11859 -0.1189 -0.16756 0.008092 -0.037881 0.048467 0.1155 0.059314 0.02225 0.011912 -0.070892 0.0019661 -0.12974 -0.097177 -0.098216 0.087512 0.080641 0.089125 -0.038632 -0.1239 0.065862 0.021175 0.00045192 -0.025654 0.15755 0.13769 0.14757 0.12067 -0.091673 0.10913 0.039915 -0.11276 -0.13278 0.071395 0.02231 0.047904 0.079989 0.068745 -0.12188 -0.027837 -0.15498 -0.094251 -0.074637 -0.12318 -0.029479 0.16263 0.019741 0.055188 -0.075602 -0.018714 0.12003 -0.015872 -0.11085 0.09172 0.10295 -0.034989 -0.11062 -0.10946 -0.07257 -0.15035 0.097618 -0.10131 0.088447 0.016934 -0.16927 -0.13404 0.040411 0.060778 0.053148 0.097823 -0.006804 0.061782 0.13219 0.0621 -0.087188 0.018388 -0.11887 -0.057183 0.078391 -0.14217 -0.10615 0.016915 0.056926 -0.038909 -0.0056378 0.16654 0.0023274 0.18566 0.05765 0.16307 0.045656 0.15786 0.10504 0.0021684 0.064424 -0.11767 0.13024 0.027623 0.13092 0.021922 -0.10442 -0.10713 -0.11221 0.054664 -0.018996 0.24811 0.16329 0.14043 0.075252 -0.032815 -0.021157 -0.012018 -0.078619 -0.060017 0.040429 -0.14284 -0.16979 -0.22318 0.071411 -0.16117 -0.12129 0.10317 -0.051638 0.065161 0.13515 -0.02539 -0.15271 -0.092206 -0.08821 -0.066413 -0.1365 -0.018985 -0.052005 0.10093 -0.084217 0.10451 0.11627 -0.036865 0.04767 0.12163 0.00022236 0.13145 -0.054003 0.16136 -0.14554 0.1646 -0.14328 -0.0064123 0.13551 -0.099575 0.191 0.058972 0.15219 0.022857 0.061628 -0.062206 -0.084582 -0.24407 -0.27002 -0.3392 0.051663 0.073448 -0.075318 -0.081241 0.22638 0.018294 -0.16125 -0.078136 -0.1373 0.029515 -0.057371 -0.0089519 -0.02903 0.06189 -0.1366 0.040804 -0.087536 0.21615 0.012399 0.16459 -0.018952 -0.16563 -0.13822 0.057868 -0.08988 -0.058997 0.048224 -0.0013098 -0.21667 -0.11738 -0.17359 0.13297 -0.053154 -0.20293 -0.038815 0.11594 -0.10873 -0.006391 -0.037105 -0.10429 -0.10661 -0.022379 0.16228 -0.15735 0.0056329 0.22126 0.045039 -0.01203 -0.16074 -0.016194 -0.076356 0.15425 0.18297 0.032206 0.069639 0.029117 0.059906 -0.053775 -0.044897 -0.036188 -0.12761 -0.26689 0.023653 -0.066257 -0.078743 0.29704 0.011417 -0.042918 -0.033097 -0.091169 -0.043136 0.046502 0.069605 0.11037
-0.15455 -0.23253 -0.023494 -0.031147 0.068422 0.0081299 -0.056413 -0.035686 -0.083721 -0.020106 0.014728 -0.0015603 -0.0028792 0.15582 0.10054 0.063528 0.15744 0.090701 0.16134 0.0096274 -0.021106 0.063896 -0.10275 0.13281 0.056203 0.021477 0.14818 -0.053642 0.0062734 -0.16557 0.05291 0.068356 0.11371 -0.10468 -0.079525 0.21929 -0.1745 0.084202 -0.13085 -0.10625 0.058669 -0.11216 -0.07899 -0.060456 0.043401 -0.043427 -0.035094 -0.07789 0.098498 0.1868 0.036738 0.23333 -0.0001663 -0.066131 0.24421 0.12648 -0.087667 -0.13062 -0.043247 -0.094309 0.084152 -0.14483 -0.031285 -0.04502 0.13628 -0.12477 0.054702 -0.13862 0.056322 -0.14944 -0.012635 0.027006 0.019253 -0.00076497 0.12236 0.11054 0.17576 0.10997 -0.091618 -0.026123 0.091121 0.1761 -0.07148 0.16133 0.15254 -0.037649 0.010592 0.23105 0.011643 -0.10508 -0.14829 -0.21488 -0.20959 -0.12574 0.033684 0.033368 -0.13079 0.17418 0.019868 -0.18591 -0.044543 -0.034594 -0.16499 0.13925 0.13284 -0.10246 0.072694 0.15813 0.045183 0.075482 0.025233 0.037197 0.1962 0.085547 0.12088 0.10673 -0.010592 0.036448 0.073493 -0.040517 -0.10893 0.073181 0.07683 -0.019604 -0.013373 0.0021652 0.094463 -0.04513 -0.023061 0.084871 0.041372 0.088401 0.10203 0.028703 0.23357 -0.010479 -0.070125 -0.078169 -0.091206 0.041004 0.11092 0.057872 0.03296 0.1071 0.11364 -0.10478 0.13367 -0.22283 -0.005547 -0.16079 -0.13121 0.18294 -0.068276 0.06063 0.020377 -0.067369 0.1528 0.11333 0.25567 -0.2164 0.00056291 0.075797 0.19881 -0.16061 -0.087367 -0.29853 -0.2046 -0.02373 -0.063068 0.087712 -0.045187 0.0627 -0.012809 0.17618 0.12477 0.076058 0.081408 -0.088764 -0.071956 0.0052707 0.053063 0.43132 -0.15869 0.10551 -0.14274 0.036034 -0.16079 -0.14849 -0.055782 -0.12144 0.041156 -0.064808 -0.18351 0.056926 -0.016258 -0.0073701 -0.089587 0.10705 -0.030464 -0.072225 -0.068689 0.21054 0.14252 0.040782 0.15838 0.085831 -0.049054 0.0471 -0.24456 0.10464 -0.14183 0.0045382 -0.021754 0.091776 -0.01349 0.046495 0.13073 0.12099 0.068799 0.071773 -0.066079 0.10149 -0.025317 0.21048 -0.089294 -0.096377 -0.067017 -0.030324 -0.20088 -0.0026996 -0.10423 0.046653 -0.033465 -0.087433 -0.056451 0.13654 -0.073307 -0.016897 0.089483 -0.4644 -0.13271 0.13167 -0.0032811 -0.0075086 0.034227 -0.025879 -0.06743 -0.049933
0.11515 -0.16044 0.051245 0.14173 -0.010014 -0.25352 -0.048637 0.19709 0.24721 0.034747 -0.013431 0.015704 0.032625 -0.11339 0.023406 -0.031851 -0.01616 0.10672 -0.067573 -0.16289 0.038703 0.14684 0.038714 0.10013 -0.073968 0.15672 -0.20637 0.011548 -0.0068287 -0.14269 -0.00028833 0.0062707 0.024164 -0.076517 0.15475 0.054797 0.14509 -0.038269 0.097032 -0.13419 -0.1454 -0.16907 -0.15077 0.034291 -0.11092 0.12796 -0.10983 -0.026355 -0.033676 0.064488 -0.1343 0.10299 0.19394 0.03184 0.020555 0.040805 -0.14412 -0.031068 0.11891 0.31955 -0.21843 -0.017081 -0.11261 0.15489 0.014367 0.092992 -0.032312 0.083588 -0.15025 -0.048004 -0.031681 -0.039723 -0.10208 0.04995 -0.13394 -0.069364 0.045692 0.070884 -0.006063 -0.046813 0.2346 0.22205 -0.039303 0.037459 -0.0045394 -0.072287 0.027839 0.13865 0.12821 -0.060455 -0.11698 -0.14694 0.045461 0.13975 0.20878 0.14873 0.12121 0.019995 -0.0266 -0.099072 -0.15771 -0.25397 -0.085979 -0.13595 -0.31466 -0.27202 -0.25323 -0.29812 -0.050541 -0.2207 -0.15186 0.021081 0.072421 -0.067651 0.061904 -0.13194 0.0019365 -0.0068467 0.11514 0.015511 0.11466 0.1999 -0.059784 0.23098 -0.015908 0.0083887 -0.20532 0.01405 -0.097081 0.29207 0.045321 0.18921 -0.12041 0.093255 -0.24907 -0.15088 -0.10366 -0.05188 0.14481 0.021686 0.014555 0.032498 0.041083 -0.055406 -0.062397 -0.12772 0.26382 0.20049 -0.11968 0.049871 -0.11836 0.12018 0.16088 -0.0068593 -0.076696 0.1512 0.17561 0.058779 0.25428 0.027482 0.10426 -0.099003 -0.02826 -0.16739 -0.1568 -0.31664 0.02184 0.009201 -0.16116 -0.13038 -0.080721 -0.082589 -0.21697 -0.33445 0.17797 0.15417 -0.070066 0.1486 0.27628 0.0072758 0.15757 0.074566 0.21717 -0.054439 0.17267 -0.14956 0.01293 0.080168 -0.096345 0.073375 -0.14578 0.024582 -0.025773 0.012878 -0.1143 -0.014995 -0.24086 -0.023307 -0.060919 -0.1683 -0.029255 0.12173 0.30582 0.060916 -0.06298 0.13628 -0.22789 0.088789 -0.20414 0.054396 0.060951 -0.30991 -0.026389 0.12933 0.1112 0.040649 0.19053 0.080934 -0.14445 0.032116 0.13754 0.044515 0.029215 -0.1202 0.069311 -0.25051 -0.18578 -0.11391 -0.11581 -0.10402 0.14957 -0.17938 -0.10428 0.072649 -0.12828 -0.044975 -0.18557 0.048985 -0.37023 0.27747 -0.087727 0.013463 0.13386 0.07523 -0.46415 -0.054382 -0.20616 0.0014213
0.077372 -0.12963 0.064947 -0.10439 0.10672 -0.02295 -0.12697 0.14983 0.0060818 -0.047791 0.036702 -0.019421 0.14588 -0.093161 -0.10544 -0.071688 0.086762 0.030246 -0.12653 -0.00033805 0.14533 0.12024 0.1583 0.11371 0.03992 0.099556 0.068902 0.00014965 -0.11779 0.10723 0.11991 0.0045308 0.10487 -0.15494 -0.013263 0.074813 0.082443 0.018374 -0.11485 0.047516 0.099981 -0.13242 -0.11256 -0.11879 0.14127 -0.044989 -0.051138 -0.11806 0.090531 -0.0024744 -0.0081694 -0.11473 -0.072711 -0.081562 0.18633 -0.08479 0.12128 -0.014493 0.074522 0.00092213 -0.12974 0.1123 0.068725 -0.12021 -0.115 -0.074255 0.098051 0.042867 -0.09628 -0.10544 0.096338 -0.1028 -0.073795 0.095991 0.028028 0.012193 0.063094 -0.043974 -0.045906 -0.045369 0.052595 0.092828 -0.072896 0.18294 0.03733 -0.11 -0.060083 -0.00082664 0.031001 0.017445 0.083993 -0.15226 -0.0090299 0.077221 0.07448 -0.00014395 -0.017644 -0.030796 0.1604 -0.056196 0.06636 0.023147 0.141 0.054451 0.053249 0.13736 -0.045742 0.16279 0.12227 -0.1207 0.16965 0.056808 0.11067 0.077789 -0.06413 0.14047 0.097252 -0.060351 -0.00011061 -0.091738 -0.11258 -0.020379 0.053005 -0.13457 0.11832 -0.046513 -0.10756 -0.036835 -0.021731 -0.095794 0.11131 0.089481 0.1131 0.03972 0.022741 -0.022553 -0.073961 0.12163 0.1095 -0.00019638 0.019198 -0.082641 -0.057173 0.12742 0.14252 0.15453 -0.054821 -0.024505 -0.13845 0.014171 -0.1365 0.06153 0.023607 -0.1064 -0.055087 -0.12323 -0.087012 -0.0098592 -0.014256 0.13372 -0.15554 -0.062964 -0.020947 -0.099875 0.073343 0.10884 0.057539 0.10171 -0.051554 0.14101 0.083525 0.057939 0.037022 -0.10747 -0.095224 -0.11451 -0.029282 0.051826 -0.12334 -0.15494 -0.045162 -0.061881 -0.12844 -0.090313 -0.02067 -0.054606 -0.10357 -0.046899 -0.063827 -0.067627 0.025362 0.11939 -0.10094 -0.10414 -0.15192 0.051156 -0.14416 0.017534 -0.11515 -0.087318 0.10506 0.093233 -0.058586 0.082051 0.060377 0.050395 -0.14149 -0.039392 -0.010187 -0.001907 -0.13779 -0.0037362 -0.090398 0.12661 -0.050019 -0.056964 0.0019453 -0.13049 0.043862 -0.14384 0.047121 0.1293 0.12938 -0.15266 -0.1404 -0.13883 -0.051966 -0.005157 -0.053969 0.16464 -0.052669 0.12635 0.057432 -0.084285 0.057523 -0.085607 0.068734 0.073319 -0.058464 0.13867 -0.013771 -0.11717 -0.055785 0.018651 -0.19088 0.12937 -0.16267 0.049445
-0.16694 -0.10991 -0.17346 -0.01702 -0.0061474 0.12644 0.086891 -0.015834 -0.099046 0.0024491 -0.021482 0.090014 -0.13318 0.035669 0.113 0.16811 0.15873 -0.004017 -0.10367 0.13517 0.03011 -0.11662 0.13856 0.116 -0.059327 -0.045587 -0.051199 -0.025382 0.11122 0.086004 -0.15802 -0.0096485 -0.10343 -0.15604 -0.052655 -0.065878 -0.022208 0.10902 -0.14851 -0.066429 -0.094534 -0.037153 0.11454 0.086701 -0.12761 0.041963 -0.096821 0.03276 0.10223 0.15149 -0.10316 -0.0059018 0.08955 -0.10706 0.05325 0.081488 0.036164 0.06585 0.044628 -0.10048 -0.0047078 -0.1323 -0.01409 0.1222 0.036757 -0.11734 -0.023171 -0.075877 0.023061 -0.059285 0.12007 0.094304 0.19198 0.13487 0.021465 0.046687 -0.075195 0.096278 0.17685 0.14984 0.015738 0.048187 0.061549 0.025955 -0.06844 -0.098013 0.016116 0.052515 -0.0090209 -0.11698 -0.16556 0.013807 -0.089553 -0.14823 -0.057142 0.077687 0.13724 0.096194 0.077261 -0.040686 0.046038 0.06095 0.12431 0.0075274 0.14623 0.015355 -0.12049 0.031164 0.0015449 0.010102 0.097037 -0.048569 0.056928 0.013617 -0.038453 0.12961 0.13262 0.017692 0.075012 -0.045745 0.0072825 0.0066622 0.036428 -0.072573 -0.14979 0.080239 -0.03018 -0.098333 -0.00077414 0.097463 -0.062694 0.10281 -0.12376 0.095375 -0.10025 -0.11613 0.079488 0.15756 0.031429 0.049754 0.095228 -0.083681 0.092388 0.07438 -0.02272 -0.13115 0.15208 0.10812 -0.025263 0.14356 0.05911 0.082747 -0.081774 0.0097218 -0.024677 -0.040857 -0.084903 -0.12034 0.0083032 0.034137 -0.051002 -0.11964 0.033727 0.075132 -0.048735 0.042103 -0.019538 -0.09783 0.070668 -0.086495 -0.03428 -0.14639 -0.028719 0.15266 0.19033 0.16869 0.00074202 -0.13525 -0.14188 0.058006 -0.13257 -0.075492 -0.16018 -0.14268 0.046156 -0.032185 -0.14408 -0.037072 0.018446 -0.0091299 0.12356 -0.14506 -0.071837 0.1121 -0.041684 -0.044229 0.072469 0.12687 0.13113 -0.034332 0.0367 -0.081371 -0.11291 -0.085147 0.12126 -0.032985 -0.10685 0.11802 -0.16977 0.048903 0.090678 0.12377 0.091821 -0.077247 0.050657 -0.11749 -0.10771 0.15106 -0.023545 -0.14549 0.085804 -0.14145 0.01517 -0.075476 0.10208 -0.032244 0.017329 0.075751 0.06524 0.025708 -0.038771 -0.092203 -0.089453 -0.090678 0.13132 -0.0053509 -0.11567 0.12369 0.12148 0.1178 -0.11121 -0.1491 0.15672 -0.10172 -0.084534 0.021425 -0.07243 0.066451
0.15317 0.039202 -0.030551 -0.14815 -0.026342 -0.091432 -0.11936 -0.13955 -0.11338 -0.17251 0.13855 -0.024738 0.053064 0.033899 0.057118 -0.065658 -0.14772 -0.090903 -0.11768 0.11528 0.063409 -0.11143 -0.041025 -0.031179 0.056325 -0.13287 -0.010802 0.085065 0.1151 0.17753 0.089863 0.10314 0.068539 -0.155 -0.059253 -0.0042565 0.02692 -0.021904 -0.01896 -0.11462 -0.12505 -0.017159 0.0010036 -0.11131 0.11057 -0.026175 0.092638 0.053095 -0.061136 -0.079828 0.13739 -0.10258 -0.054191 0.10249 0.058998 0.0063924 -0.021118 -0.0050616 0.12301 -0.015805 -0.13494 0.075438 0.093675 0.032768 -0.068189 0.073942 0.030673 0.00074139 -0.12306 0.086443 -0.061752 -0.0043882 -0.097952 0.12699 0.019097 -0.16858 -0.0537 0.082455 -0.1509 -0.066781 0.038913 -0.14075 -0.14812 0.032122 0.090817 0.1089 0.045774 0.025562 -0.0415 -0.013918 -0.10512 0.19753 0.030355 -0.051793 -0.064849 -0.11827 -0.12978 -0.12194 -0.15253 -0.05439 0.10482 -0.0038654 -0.067692 -0.108 -0.13343 -0.18035 0.085748 0.13076 0.1141 0.13691 -0.0062502 0.15325 -0.066529 0.10046 -0.014368 -0.057218 0.062439 0.050539 -0.11151 -0.010952 0.13652 -0.038504 -0.11095 0.10205 -0.099351 -0.020791 -0.11083 -0.20005 0.018358 -0.13546 -0.12657 -0.0824 -0.0026192 -0.03169 -0.022806 -0.12544 0.078677 -0.026005 -0.094008 0.029285 0.02459 0.11455 -0.13001 0.12732 0.15118 0.080977 0.010946 0.16771 0.01642 -0.020596 -0.02149 -0.044932 -0.10659 -0.0048398 0.0094586 -0.078778 -0.12909 -0.1289 0.018305 0.050562 0.10836 -0.032222 -0.13782 0.053777 -0.031091 0.012611 0.12988 -0.011522 -0.027787 -0.024453 -0.079202 -0.044913 -0.099316 0.040742 0.055966 0.094799 -0.14126 -0.0057418 0.11379 -0.041377 0.13442 -0.11785 0.14342 0.057896 -0.032509 0.16664 0.16308 -0.098133 -0.07044 -0.019166 -0.1114 0.0055746 -0.0016138 -0.17142 -0.046309 -0.09561 0.10692 -0.0375 0.020677 -0.1309 -0.15547 -0.097844 0.085062 0.049015 -0.082903 0.094445 -0.10826 0.075103 0.12473 -0.21459 0.091441 0.15682 0.0052525 0.11984 -0.022222 0.06497 -0.10467 0.05839 0.15833 0.00051403 -0.014253 -0.054025 0.13254 0.036607 0.085423 0.088916 -0.17018 -0.071036 0.0033219 0.040218 -0.00060964 0.059598 -0.075935 -0.071572 0.11592 0.0015299 0.022662 -0.10504 -0.20335 0.1528 -0.026685 -0.044913 0.073409 -0.1294 -0.055562 -0.17245 -0.12543 0.14653
-0.027554 0.12562 0.017747 0.044101 0.041848 -0.13848 0.034108 -0.018863 0.03976 -0.15996 0.028716 0.016661 0.063225 0.11911 0.10698 0.090628 -0.037099 -0.022188 -0.088503 -0.03589 0.057102 -0.045342 -0.085714 0.14029 0.11579 0.063569 0.13496 0.12058 0.093153 -0.090427 -0.097983 0.017802 -0.14163 -0.1366 0.04627 0.12284 -0.085189 -0.08368 0.0038086 0.077755 -0.12104 0.045858 -0.15418 -0.1528 -0.10422 0.14534 -0.09421 0.04369 0.035689 -0.13021 -0.053317 0.12064 0.11884 0.08612 0.090107 -0.0014286 0.10757 0.0088855 0.098679 0.075184 0.080388 0.013789 -0.10238 0.051938 0.067612 -0.15733 -0.10513 0.10169 -0.091171 -0.054068 -0.094909 -0.13098 0.10126 0.1316 0.090732 0.034244 -0.002773 0.10308 0.034766 -0.13999 -0.061691 0.097094 -0.11197 0.13684 -0.026381 -0.12676 0.11127 0.088247 0.11737 -0.048853 -0.067311 0.0061377 -0.032992 0.092567 -0.013801 -0.02353 -0.069651 -0.11948 -0.05243 -0.074636 -0.060714 -0.12517 -0.1304 -0.043432 -0.10158 -0.0017342 0.002829 0.079656 0.12401 0.089846 0.057525 0.088617 -0.06321 -0.12903 0.0056049 -0.0061674 0.087395 -0.10182 -0.013443 -0.034186 -0.0069921 -0.1038 0.036176 0.14852 -0.017598 0.13073 0.12744 0.1403 -0.038479 -0.16343 0.020872 0.0034509 0.094794 -0.14311 0.012192 0.0040411 0.11889 -0.071226 -0.059579 0.0279 0.072268 0.14733 0.046717 -0.10578 0.085964 0.0082491 -0.050487 0.059873 0.068002 0.14039 -0.024358 -0.11554 -0.018127 0.14125 -0.021746 -0.14097 -0.019066 0.017799 -0.021605 0.032958 -0.049813 -0.11394 -0.01466 -0.015722 -0.10424 -0.12916 0.13684 0.081707 -0.10451 -0.12074 0.027718 0.06107 -0.12662 0.081131 -0.051538 -0.14701 0.15682 0.11674 0.13745 -0.0052035 -0.13038 0.07762 0.15575 -0.073431 -0.026877 -0.13759 -0.050797 -0.093544 -0.068467 0.064033 0.099493 0.01309 -0.0019249 -0.03371 -0.050653 -0.14346 0.14121 -0.10899 -0.011699 -0.10834 -0.11536 -0.12524 0.044604 0.14081 -0.0085497 0.10657 -0.10366 0.14309 -0.091888 -0.14018 0.069117 -0.10039 -0.09253 0.079145 -0.063825 -0.023927 -0.12615 0.11052 -0.14596 -0.16116 0.010906 -0.097547 -0.11583 -0.16928 -0.096504 0.085655 0.047822 -0.11225 -0.15557 -0.13096 -0.073296 0.15027 0.033601 -0.042877 -0.10193 0.007932 -0.1385 -0.022511 0.1228 0.038184 0.12053 -0.05436 0.11014 0.043513 0.060052 -0.062982 0.0040392 0.090728
0.10639 0.108 0.060812 -0.057044 -0.013161 0.010074 -0.055278 -0.098534 -0.01406 0.030106 0.11561 0.074447 -0.12533 0.039923 -0.12395 -0.11623 -0.15191 -0.001214 0.14066 -0.06684 0.14156 0.12792 0.028501 0.017913 0.034481 -0.10356 -0.12078 -0.099247 0.11256 -0.012724 -0.11171 -0.064063 -0.12119 -0.028539 -0.045113 -0.092792 0.074225 0.031251 -0.11645 0.034361 0.098508 -0.12722 0.12339 -0.1535 0.10401 0.048231 -0.10431 0.039889 -0.15111 -0.14022 0.089735 0.06533 -0.11925 0.11843 -0.146 0.10101 -0.14474 0.096474 0.11375 -0.14584 0.1 0.019565 0.118 0.11801 -0.038849 0.091755 -0.10096 -0.044477 0.14556 0.10096 0.015411 0.045243 -0.14532 0.070493 0.012348 -0.063636 0.070805 0.13274 0.093763 0.068869 0.034531 -0.0869 0.073394 0.10696 0.044754 -0.13953 0.030592 -0.01357 0.10201 -0.0093039 0.042357 0.04678 0.11118 0.050132 -0.078991 0.12708 -0.071192 -0.079155 -0.10347 0.088513 -0.065843 -0.074803 -0.05698 -0.10062 -0.030136 0.015513 -0.1408 -0.045418 0.062016 -0.010559 0.13264 0.037996 0.12126 -0.12595 -0.018545 -0.12601 0.10617 0.11512 -0.13808 -0.11044 -0.044285 -0.10735 0.063207 -0.030126 -0.1169 -0.047533 -0.081884 -0.060488 0.085322 0.14674 0.031652 0.10051 0.053312 -0.14499 0.11116 0.082322 -0.10626 0.15347 -0.097622 -0.12783 -0.0364 -0.13235 -0.14201 -0.071832 -0.067811 -0.11932 -0.070829 0.092186 -0.0070695 -0.071889 0.13298 0.01405 0.098242 -0.040128 0.068669 0.11091 -0.045634 -0.0011249 -0.075933 0.081431 -0.13881 0.10669 -0.0073363 -0.10139 0.10795 -0.10363 0.060931 -0.068328 0.11555 0.13652 0.046623 -0.11985 0.091069 0.13408 0.085487 -0.083881 -0.10333 -0.0051913 -0.0053295 0.036041 -0.016314 -0.0097718 0.073071 -0.10179 0.065849 -0.008953 0.097903 -0.034239 -0.088174 0.15293 -0.083708 0.11961 0.15048 -0.067551 0.080228 -0.1382 0.10159 -0.019975 -0.14059 -0.12122 -0.1079 0.086315 0.11841 -0.11343 0.036914 -0.022483 -0.039496 -0.14991 0.019107 0.049688 -0.12227 0.087304 0.030934 -0.074989 -0.066588 0.10279 0.038414 0.029422 -0.042882 0.052168 0.0074508 0.12013 -0.047038 -0.010739 -0.098304 -0.12504 -0.011399 0.068628 -0.10608 0.12882 -0.021555 -0.01139 0.090195 -0.050839 0.092814 0.1028 0.085501 0.062127 -0.0039218 0.1096 0.011642 -0.070268 0.049327 0.012367 -0.14438 -0.0063557 0.091349 0.0074562
0.020586 -0.041563 -0.14107 0.11826 -0.073562 0.065987 -0.10067 0.03177 0.12562 -0.1572 -0.05005 -0.1584 -0.077559 -0.1521 -0.18792 -0.21663 -0.054149 0.054483 -0.11935 -0.28269 -0.18017 0.048622 0.069944 -0.079783 0.030206 -0.0063984 -0.095463 -0.1795 0.014071 -0.066481 -0.18197 -0.090672 -0.15922 0.065165 -0.044306 -0.13049 0.062311 0.033263 0.16328 0.1217 0.17138 0.039098 0.19139 0.11072 -0.14935 0.15741 -0.081806 0.14741 0.07112 -0.012856 -0.024241 0.14193 0.018347 0.1761 0.041075 -0.053756 -0.045647 -0.03219 0.2821 0.23993 -0.11409 0.052608 0.1521 -0.049456 -0.19941 0.0052239 -0.031704 0.12857 0.07797 -0.087128 0.1452 0.029495 -0.10816 0.16577 0.0010457 -0.12558 0.16587 0.070084 -0.032449 0.028049 0.11034 0.025282 0.011765 -0.057108 0.18013 0.064698 0.034246 0.20149 -0.012373 -0.064604 0.017327 0.087013 -0.1887 0.11001 0.15273 0.054634 -0.16815 0.030045 0.038998 0.045072 0.069044 0.083839 -0.064406 0.13292 -0.071378 -0.069949 -0.11567 -0.00080497 0.099855 -0.1249 -0.019886 0.077033 0.032346 0.098734 0.16535 0.12338 0.19294 -0.0036353 -0.1768 0.1781 0.19477 -0.0050694 -0.031122 0.0062037 -0.10598 0.0028502 0.062295 0.026385 0.11496 0.045436 0.051966 0.036162 0.18562 0.08212 0.023704 -0.033406 0.0099805 -0.013835 -0.0023323 -0.22562 -0.20894 -0.32491 -0.088245 0.0526 -0.028812 -0.25282 0.1558 0.011302 -0.20654 -0.088992 -0.0070473 -0.18778 0.033044 -0.16223 0.072513 0.24704 0.25722 0.22484 0.047004 0.12852 -0.075298 -0.035309 0.01278 -0.11888 -0.10706 -0.065524 -0.047653 -0.14038 -0.11507 -0.18025 -0.043501 0.039373 0.15396 0.046536 0.1507 0.1114 0.02344 -0.06437 0.11167 -0.15172 0.14074 0.019372 0.10667 -0.063908 0.020917 0.011396 0.10233 -0.0082895 -0.1672 -0.038401 0.075504 -0.12076 0.15881 0.098927 -0.083386 0.016589 0.0090471 -0.050886 0.041333 0.06627 0.14986 0.11854 0.181 0.17182 0.10849 -0.091286 -0.063577 0.026829 0.013167 0.23548 0.18091 0.0087991 0.026837 0.024272 -0.021059 -0.29605 -0.13221 -0.1755 0.17442 0.20381 0.057331 -0.018415 0.0069548 0.029414 0.071996 0.1075 -0.13661 -0.14253 -0.16092 -0.0066459 -0.060079 -0.23396 -0.26756 -0.095123 -0.15443 -0.014353 -0.039182 -0.024354 -0.029781 -0.17391 -0.15328 -0.26452 -0.019254 -0.12559 -0.13391 -0.052395 -0.15832 0.025721
0.1527 0.29713 0.22813 -0.11675 -0.17513 -0.10949 -0.093367 -0.054022 -0.091826 0.024018 -0.070156 -0.19669 -0.22757 -0.20822 0.16356 0.19957 0.072479 -0.027028 -0.12324 -0.022457 -0.17708 -0.35868 -0.12111 -0.040521 0.0043918 -0.040114 0.034575 -0.098197 0.1419 0.11594 0.093764 -0.094197 -0.034955 0.017071 -0.15474 0.079444 0.16474 -0.017858 -0.083002 -0.07514 -0.064331 -0.46344 -0.06179 0.12149 0.042464 0.026671 -0.11047 -0.39396 -0.31429 -0.13653 -0.25902 -0.077566 -0.1617 -0.1698 0.020663 -0.15945 -0.12164 -0.12914 0.30589 0.23831 -0.13146 0.10653 -0.21712 -0.010106 0.068171 -0.019013 -0.10206 0.19801 0.018059 -0.073854 0.23893 0.16945 0.027404 -0.04176 -0.226 -0.035018 0.17633 0.31806 0.034601 0.039262 0.15862 0.0031768 0.19921 -0.0022822 0.055657 0.016072 -0.059481 -0.14551 0.08053 -0.0432 -0.0056002 0.26717 0.26527 0.040611 0.1355 0.086243 -0.048954 -0.053312 -0.068257 0.14743 0.12209 0.060548 0.061917 -0.35126 -0.11524 -0.10338 -0.14261 -0.18344 -0.09318 -0.13214 -0.06006 -0.082739 -0.13283 -0.14453 -0.017816 -0.21552 -0.21616 -0.11127 -0.26755 0.050888 0.084481 -0.18332 0.19122 0.10688 0.11719 -0.069717 0.080727 0.30874 -0.022483 -0.01327 -0.42996 0.12039 -0.26523 -0.28834 -0.013395 0.043304 -0.20292 0.23053 0.059772 -0.37599 -0.21971 -0.32108 -0.010561 0.074023 -0.078742 0.025922 0.081883 0.063499 0.024404 -0.065072 -0.16982 0.02541 0.079996 -0.10008 0.28444 0.50822 -0.03792 0.18137 -0.37456 0.59224 -0.1948 -0.28272 -0.47074 0.40044 -0.23979 0.58844 -0.039775 -0.15971 -0.19026 -0.10162 0.39451 0.20454 0.15321 0.21553 -0.12329 -0.1094 -0.10839 0.32644 0.45073 -0.54104 -0.1068 -1.5496 0.47115 0.25012 0.5579 0.46627 0.14189 0.38766 -0.053398 0.30046 0.6318 0.28081 0.33483 -0.33714 -0.32547 -0.22851 0.060972 0.13149 0.33382 -0.15281 0.081144 -0.0031478 0.063599 0.067743 0.0088063 0.28792 -0.19109 0.12559 0.094094 -0.45862 -0.13244 0.12043 -0.18754 0.14137 -0.090332 -0.19117 -0.11864 0.030555 0.48668 -0.15966 0.25547 -0.050469 0.3536 0.083082 -0.26972 -0.086449 0.025834 0.04432 0.19943 0.14969 -0.062051 -0.054237 -0.20447 0.26514 0.21185 0.30112 0.20015 -0.066924 -0.66447 0.89944 0.070132 -0.22126 -0.08944 -0.28799 -0.5863 -0.043922 -0.31699 0.17015
-0.041156 -0.63196 1.3068 -0.073644 -0.33308 0.37932 -0.65207 0.13258 0.67712 0.14417 -0.063565 -0.49961 2.577 0.39561 0.52286 -1.4962 -1.5714 -1.1463 0.89808 -0.6873 0.15175 -0.33484 -0.042696 0.10834 -0.26307 0.14621 0.58056 1.6258 0.5615 0.079211 1.1139 0.13009 0.092932 -0.3945 0.052044 -0.2096 0.89205 2.2996
-1.3599
1.4734
1.3606
-1.1811
1.1223
-1.0954
0.98281
0.86077
-0.81889
-0.72386
0.63416
0.78093
-0.3181
-0.48944
-0.4086
-0.026618
0.0096982
-0.19228
-0.05883
0.015506
-0.046396
0.30715
-0.26304
-0.33273
-0.3801
-0.48222
-0.74068
0.63771
0.66193
-0.77539
-0.82365
0.90594
-1.0277
1.1228
-1.1626
1.2475
-1.2162
-1.3791
-0.572
t a n s i g
t a n s i g
